39, 145, 255, 255: 15
30, 230, 28, 255: 71
27, 157, 161, 255: 43
72, 114, 154, 255: 1
248, 73, 13, 255: 4
79, 33, 138, 255: 1
0, 91, 40, 255: 1
244, 109, 243, 255: 1
197, 9, 218, 255: 1
102, 131, 209, 255: 8
248, 28, 246, 255: 3
84, 81, 255, 255: 10
38, 87, 224, 255: 26
148, 239, 51, 255: 2
33, 221, 46, 255: 8
233, 123, 73, 255: 1
136, 249, 206, 255: 1
176, 45, 124, 255: 7
90, 135, 35, 255: 9
144, 172, 2, 255: 7
57, 184, 97, 255: 28
198, 30, 6, 255: 32
160, 207, 173, 255: 1
34, 97, 222, 255: 3
246, 161, 16, 255: 4
178, 121, 99, 255: 2
26, 165, 79, 255: 45
242, 196, 36, 255: 8
243, 255, 100, 255: 1
86, 72, 41, 255: 22
114, 190, 133, 255: 1
0, 168, 137, 255: 2245
37, 167, 171, 255: 28
28, 111, 109, 255: 12
135, 10, 125, 255: 2
0, 225, 234, 255: 165
224, 34, 207, 255: 1
239, 107, 75, 255: 1
69, 151, 156, 255: 1
182, 211, 35, 255: 2
229, 49, 129, 255: 2
212, 18, 222, 255: 69
143, 57, 73, 255: 3
44, 148, 83, 255: 1
79, 107, 40, 255: 10
131, 12, 93, 255: 4
25, 95, 215, 255: 4
240, 210, 136, 255: 1
251, 255, 231, 255: 1
233, 187, 27, 255: 1
97, 236, 192, 255: 1
31, 253, 69, 255: 7
198, 131, 57, 255: 4
101, 247, 181, 255: 2
0, 68, 91, 255: 24
58, 27, 176, 255: 5
133, 27, 88, 255: 20
197, 214, 29, 255: 4
192, 130, 141, 255: 39
38, 29, 125, 255: 3
181, 75, 142, 255: 56
81, 137, 191, 255: 9
198, 158, 187, 255: 1
209, 85, 83, 255: 2242
167, 131, 93, 255: 2
140, 191, 247, 255: 1
156, 96, 211, 255: 3
194, 180, 78, 255: 12
244, 255, 74, 255: 1
7, 146, 61, 255: 111
137, 255, 3, 255: 8
193, 122, 187, 255: 4
138, 68, 127, 255: 10
237, 23, 89, 255: 2
255, 223, 81, 255: 1
28, 132, 151, 255: 3
224, 232, 5, 255: 1
245, 78, 185, 255: 10
241, 129, 51, 255: 1
27, 86, 232, 255: 5
61, 3, 65, 255: 92
237, 114, 129, 255: 1
81, 177, 207, 255: 1
72, 69, 201, 255: 1
89, 113, 149, 255: 1
243, 186, 25, 255: 26
0, 23, 104, 255: 16
34, 218, 212, 255: 3
87, 204, 245, 255: 1
202, 6, 151, 255: 17
0, 94, 4, 255: 50
0, 175, 208, 255: 1
234, 42, 160, 255: 2
211, 7, 202, 255: 985
115, 84, 137, 255: 1
78, 87, 135, 255: 6
247, 127, 240, 255: 99
43, 102, 213, 255: 4
139, 188, 255, 255: 1
0, 13, 128, 255: 1
80, 29, 193, 255: 17
38, 234, 237, 255: 60
192, 47, 249, 255: 4
243, 254, 227, 255: 14
82, 74, 45, 255: 8
195, 247, 71, 255: 1
56, 218, 129, 255: 2
97, 150, 218, 255: 10
142, 163, 69, 255: 6
20, 87, 6, 255: 1
0, 232, 217, 255: 28
147, 59, 87, 255: 29
135, 116, 195, 255: 4
142, 50, 65, 255: 1
5, 22, 68, 255: 1
198, 148, 48, 255: 1
84, 178, 226, 255: 2
42, 23, 93, 255: 1
56, 221, 14, 255: 1
131, 106, 6, 255: 4
135, 36, 209, 255: 1
0, 207, 105, 255: 3
183, 39, 148, 255: 1
254, 84, 67, 255: 21
41, 57, 22, 255: 7
102, 101, 251, 255: 1
0, 12, 185, 255: 2
0, 114, 42, 255: 1
38, 111, 202, 255: 1
188, 14, 203, 255: 1
88, 228, 248, 255: 10
74, 39, 246, 255: 1
144, 247, 195, 255: 10
57, 175, 178, 255: 145
0, 12, 151, 255: 2
143, 226, 254, 255: 2
105, 213, 95, 255: 2
107, 31, 62, 255: 1
0, 14, 21, 255: 1
24, 136, 219, 255: 51
8, 14, 51, 255: 8
35, 214, 242, 255: 1
144, 1, 214, 255: 19
93, 191, 64, 255: 103
235, 199, 202, 255: 2
126, 101, 1, 255: 1
10, 54, 187, 255: 2
225, 11, 230, 255: 1
0, 27, 241, 255: 6
188, 84, 30, 255: 1
40, 154, 218, 255: 1
88, 201, 236, 255: 1
238, 81, 25, 255: 33
217, 233, 20, 255: 1
127, 39, 213, 255: 10
138, 255, 201, 255: 5
125, 64, 33, 255: 10
0, 8, 212, 255: 1
244, 75, 10, 255: 15
123, 7, 94, 255: 1
44, 253, 99, 255: 1
189, 213, 96, 255: 3
232, 25, 120, 255: 17
39, 203, 105, 255: 5
184, 55, 79, 255: 7
94, 55, 36, 255: 3
124, 159, 163, 255: 4
146, 196, 171, 255: 2
34, 235, 51, 255: 1
0, 135, 38, 255: 1
251, 172, 112, 255: 2
130, 198, 101, 255: 1
0, 42, 145, 255: 1
133, 6, 195, 255: 1
123, 7, 59, 255: 7
193, 179, 77, 255: 13
190, 84, 151, 255: 4
11, 62, 7, 255: 151
31, 115, 250, 255: 11
175, 91, 176, 255: 1
255, 116, 207, 255: 1
237, 193, 28, 255: 3
0, 169, 129, 255: 1
137, 111, 231, 255: 2
202, 69, 42, 255: 7
98, 126, 205, 255: 34
176, 108, 16, 255: 3
161, 70, 217, 255: 2
88, 43, 131, 255: 3
90, 31, 131, 255: 2
238, 219, 43, 255: 26
129, 121, 98, 255: 6
152, 218, 169, 255: 1
140, 160, 185, 255: 1
139, 75, 74, 255: 5
146, 218, 109, 255: 5
8, 80, 172, 255: 1
46, 164, 206, 255: 59
86, 12, 251, 255: 17
138, 130, 218, 255: 1
0, 221, 196, 255: 1952
244, 187, 26, 255: 34
65, 16, 244, 255: 1
189, 20, 105, 255: 2
146, 1, 116, 255: 1
20, 218, 209, 255: 2
186, 36, 77, 255: 26
208, 59, 171, 255: 1
239, 120, 185, 255: 3
84, 255, 167, 255: 1
250, 11, 89, 255: 9
132, 128, 10, 255: 10
206, 90, 38, 255: 3
84, 59, 209, 255: 1
91, 75, 202, 255: 1
89, 74, 244, 255: 3
43, 190, 15, 255: 1
199, 115, 117, 255: 1
107, 31, 22, 255: 96
38, 89, 68, 255: 3
80, 22, 237, 255: 1
32, 34, 11, 255: 2
0, 158, 33, 255: 4
245, 72, 110, 255: 9
198, 78, 48, 255: 1
255, 195, 192, 255: 4
26, 25, 150, 255: 3
83, 133, 120, 255: 5
141, 207, 158, 255: 16
21, 78, 90, 255: 2
220, 2, 88, 255: 1
193, 68, 208, 255: 1
223, 212, 167, 255: 1
86, 157, 199, 255: 23
14, 36, 151, 255: 2
189, 231, 188, 255: 5
0, 45, 182, 255: 1
33, 227, 59, 255: 1
230, 192, 199, 255: 1
176, 146, 175, 255: 9
187, 47, 216, 255: 1
38, 180, 193, 255: 12
196, 4, 200, 255: 1
158, 70, 99, 255: 1
64, 201, 124, 255: 9
234, 216, 177, 255: 1
127, 76, 208, 255: 3
200, 235, 136, 255: 2
254, 211, 29, 255: 1
161, 79, 136, 255: 1
25, 250, 36, 255: 10
137, 131, 17, 255: 4
40, 141, 106, 255: 3
244, 255, 229, 255: 1
153, 137, 160, 255: 1
85, 69, 93, 255: 2
124, 38, 19, 255: 26
195, 156, 168, 255: 1
77, 77, 215, 255: 4
53, 20, 110, 255: 2
129, 86, 129, 255: 7
164, 60, 227, 255: 68
86, 12, 97, 255: 2
188, 230, 34, 255: 6
40, 238, 83, 255: 16
203, 98, 56, 255: 2
189, 118, 183, 255: 13
13, 231, 207, 255: 1093
134, 35, 55, 255: 1
244, 245, 125, 255: 11
50, 20, 208, 255: 11
0, 33, 59, 255: 124
136, 215, 127, 255: 1
227, 34, 144, 255: 1
199, 74, 112, 255: 10
134, 128, 204, 255: 4
232, 119, 33, 255: 1
102, 81, 29, 255: 2
128, 248, 252, 255: 1
42, 225, 48, 255: 3
242, 234, 67, 255: 3
137, 211, 73, 255: 3
15, 113, 89, 255: 1
238, 189, 195, 255: 4
0, 182, 194, 255: 24
240, 242, 49, 255: 17
5, 127, 221, 255: 53
142, 199, 103, 255: 5
226, 63, 220, 255: 9
45, 231, 151, 255: 2
239, 238, 100, 255: 1
101, 4, 17, 255: 1
156, 43, 83, 255: 1
41, 16, 170, 255: 6
127, 137, 255, 255: 39
0, 35, 61, 255: 142
164, 208, 229, 255: 4
214, 75, 94, 255: 1
155, 167, 174, 255: 2
142, 60, 55, 255: 1
255, 69, 230, 255: 4
84, 168, 190, 255: 2
136, 54, 151, 255: 6
37, 218, 242, 255: 1
0, 87, 17, 255: 1
191, 10, 255, 255: 1
132, 144, 105, 255: 56
243, 45, 197, 255: 4
80, 4, 180, 255: 9
38, 201, 151, 255: 3
35, 114, 61, 255: 16
39, 255, 110, 255: 1
51, 62, 214, 255: 2
131, 2, 93, 255: 1
26, 41, 244, 255: 27
155, 67, 95, 255: 9
196, 255, 171, 255: 2
187, 106, 197, 255: 27
236, 37, 43, 255: 7
90, 194, 216, 255: 7
0, 115, 12, 255: 2
142, 64, 247, 255: 9
28, 24, 188, 255: 4
0, 244, 16, 255: 4
135, 13, 98, 255: 12
233, 193, 109, 255: 1
64, 182, 185, 255: 24
200, 195, 186, 255: 1
62, 183, 27, 255: 1052
229, 154, 26, 255: 12
239, 135, 87, 255: 2
44, 184, 244, 255: 1
204, 170, 21, 255: 1
104, 177, 164, 255: 2
238, 164, 173, 255: 22
41, 16, 17, 255: 15
196, 253, 44, 255: 32
3, 241, 175, 255: 3
80, 133, 54, 255: 2
93, 97, 187, 255: 2
193, 13, 236, 255: 36
126, 235, 76, 255: 12
164, 19, 222, 255: 1
107, 164, 187, 255: 4
132, 194, 29, 255: 24
166, 221, 252, 255: 2
189, 38, 44, 255: 18
2, 69, 131, 255: 13
125, 250, 169, 255: 3
138, 102, 95, 255: 4
185, 255, 36, 255: 3
197, 200, 175, 255: 1
78, 125, 131, 255: 2
255, 87, 224, 255: 1
163, 86, 84, 255: 30
20, 145, 208, 255: 1
235, 147, 177, 255: 1
86, 167, 219, 255: 5
36, 44, 98, 255: 9
248, 32, 8, 255: 79
206, 153, 186, 255: 3
225, 109, 17, 255: 5
132, 123, 203, 255: 1
25, 117, 25, 255: 28
0, 100, 53, 255: 1
157, 22, 147, 255: 1
206, 169, 177, 255: 1
89, 84, 255, 255: 2
37, 237, 70, 255: 5
0, 81, 148, 255: 8
95, 254, 194, 255: 1
38, 203, 149, 255: 1
148, 232, 187, 255: 1
240, 38, 176, 255: 2
137, 223, 94, 255: 4
242, 80, 128, 255: 3
243, 39, 114, 255: 3
174, 48, 231, 255: 1
127, 135, 88, 255: 1
77, 72, 106, 255: 27
22, 210, 255, 255: 11
0, 2, 133, 255: 1
195, 230, 233, 255: 1
53, 50, 183, 255: 3
84, 226, 161, 255: 3
148, 41, 252, 255: 1
0, 72, 125, 255: 2
166, 232, 15, 255: 1
227, 221, 245, 255: 1
195, 212, 27, 255: 8
245, 80, 113, 255: 11
182, 26, 219, 255: 27
92, 7, 128, 255: 2
3, 62, 174, 255: 25
85, 97, 243, 255: 17
0, 67, 111, 255: 5
9, 208, 7, 255: 1224
176, 141, 102, 255: 15
33, 170, 21, 255: 38
147, 40, 251, 255: 1
127, 137, 35, 255: 1
0, 84, 181, 255: 21
185, 200, 137, 255: 1
142, 97, 15, 255: 1
34, 201, 237, 255: 6
187, 169, 242, 255: 16
37, 242, 83, 255: 1
185, 54, 15, 255: 10
151, 116, 117, 255: 2
16, 254, 173, 255: 1
177, 54, 44, 255: 13
29, 191, 31, 255: 2
119, 66, 202, 255: 1
138, 183, 90, 255: 1
186, 180, 245, 255: 1
0, 121, 24, 255: 1
194, 9, 163, 255: 4
160, 232, 84, 255: 267
140, 165, 152, 255: 2
0, 166, 208, 255: 4
141, 41, 144, 255: 8
154, 133, 87, 255: 1
235, 199, 166, 255: 84
128, 182, 106, 255: 32
239, 9, 134, 255: 2
244, 253, 164, 255: 12
231, 80, 128, 255: 1
69, 91, 213, 255: 1
112, 194, 206, 255: 1313
237, 238, 118, 255: 9
8, 135, 42, 255: 35
249, 106, 65, 255: 1
230, 221, 19, 255: 17
0, 153, 168, 255: 46
241, 224, 111, 255: 30
107, 94, 67, 255: 14
38, 61, 175, 255: 2
76, 18, 79, 255: 42
132, 255, 175, 255: 2
228, 190, 94, 255: 9
248, 255, 255, 255: 1
251, 123, 69, 255: 46
28, 158, 162, 255: 50
93, 149, 203, 255: 6
188, 197, 101, 255: 27
6, 59, 102, 255: 2
0, 149, 232, 255: 50
84, 76, 47, 255: 4
187, 5, 130, 255: 2
98, 181, 75, 255: 2
87, 7, 24, 255: 5
192, 255, 41, 255: 2
143, 49, 221, 255: 1
189, 185, 93, 255: 4
1, 63, 57, 255: 3
135, 43, 58, 255: 1
0, 46, 12, 255: 2
193, 181, 178, 255: 37
103, 88, 105, 255: 3
102, 76, 83, 255: 3
185, 45, 214, 255: 6
30, 235, 137, 255: 35
191, 22, 143, 255: 18
0, 221, 73, 255: 32
87, 237, 83, 255: 22
72, 36, 115, 255: 1
240, 15, 80, 255: 8
149, 34, 232, 255: 5
0, 185, 196, 255: 317
11, 188, 199, 255: 1
87, 255, 119, 255: 22
4, 74, 235, 255: 1
40, 211, 72, 255: 1
207, 215, 131, 255: 2
181, 14, 198, 255: 62
247, 231, 255, 255: 1
192, 164, 82, 255: 14
47, 25, 22, 255: 1
0, 5, 102, 255: 1
192, 158, 0, 255: 12
179, 48, 44, 255: 1
139, 243, 15, 255: 4
0, 237, 69, 255: 4
252, 11, 101, 255: 5
246, 149, 114, 255: 1
132, 66, 139, 255: 3
231, 253, 41, 255: 2
195, 255, 205, 255: 1
234, 183, 171, 255: 1
186, 178, 225, 255: 92
182, 211, 255, 255: 26
69, 108, 50, 255: 1
71, 11, 230, 255: 8
112, 246, 77, 255: 2
26, 248, 64, 255: 2
0, 140, 13, 255: 9
42, 41, 12, 255: 1
244, 201, 19, 255: 15
0, 249, 65, 255: 1
205, 221, 48, 255: 1
29, 22, 207, 255: 3
173, 14, 6, 255: 1
43, 26, 91, 255: 7
51, 189, 151, 255: 4
111, 211, 143, 255: 120
78, 230, 166, 255: 1
207, 135, 248, 255: 5
226, 233, 109, 255: 1
247, 205, 206, 255: 2
140, 68, 2, 255: 1
194, 162, 102, 255: 3
83, 155, 32, 255: 5
40, 246, 3, 255: 30
166, 175, 45, 255: 4
32, 33, 129, 255: 1
108, 173, 107, 255: 40
139, 207, 84, 255: 5
6, 180, 93, 255: 1
20, 30, 72, 255: 1
10, 87, 17, 255: 1
183, 148, 109, 255: 30
82, 154, 148, 255: 3
212, 219, 96, 255: 5
197, 144, 177, 255: 1
111, 54, 221, 255: 10
238, 255, 95, 255: 2
244, 24, 242, 255: 5
127, 187, 215, 255: 3
114, 221, 221, 255: 1
75, 208, 189, 255: 2
81, 60, 34, 255: 1
188, 149, 59, 255: 22
206, 76, 108, 255: 1
170, 242, 94, 255: 2
243, 130, 17, 255: 1
253, 204, 210, 255: 9
44, 225, 96, 255: 1
84, 121, 0, 255: 18
0, 141, 146, 255: 34
0, 37, 97, 255: 10
66, 8, 70, 255: 2
83, 97, 153, 255: 2
143, 236, 137, 255: 2
163, 199, 155, 255: 1
0, 40, 41, 255: 3
0, 34, 69, 255: 1
115, 9, 71, 255: 37
21, 22, 118, 255: 3
143, 96, 88, 255: 24
159, 143, 127, 255: 1
158, 133, 246, 255: 1
133, 202, 252, 255: 1
30, 34, 7, 255: 9
89, 154, 128, 255: 1
183, 170, 56, 255: 11
42, 217, 165, 255: 6
0, 230, 18, 255: 2
39, 60, 213, 255: 3
246, 83, 214, 255: 1
115, 4, 254, 255: 1
128, 22, 83, 255: 31
45, 191, 64, 255: 20
29, 66, 194, 255: 10
196, 55, 117, 255: 1
224, 205, 29, 255: 1
249, 225, 220, 255: 23
144, 9, 134, 255: 5
92, 192, 155, 255: 3
93, 132, 109, 255: 5
246, 10, 66, 255: 52
40, 157, 28, 255: 3
239, 8, 150, 255: 1
233, 250, 72, 255: 4
6, 138, 242, 255: 1
40, 255, 241, 255: 1
194, 4, 218, 255: 28
188, 222, 114, 255: 12
169, 37, 220, 255: 1
35, 235, 68, 255: 9
77, 9, 61, 255: 46
95, 84, 151, 255: 5
94, 106, 99, 255: 1
97, 174, 212, 255: 2
22, 1, 206, 255: 1
171, 233, 74, 255: 2
95, 127, 176, 255: 1
127, 200, 44, 255: 22
89, 239, 85, 255: 25
131, 141, 39, 255: 11
36, 26, 255, 255: 1
29, 85, 252, 255: 1
75, 34, 208, 255: 1
77, 232, 164, 255: 1
131, 255, 174, 255: 1
194, 160, 2, 255: 9
243, 59, 208, 255: 2
93, 161, 105, 255: 8
37, 228, 116, 255: 4
205, 17, 73, 255: 3
142, 98, 189, 255: 4
135, 193, 233, 255: 10
215, 101, 108, 255: 46
51, 244, 21, 255: 1
45, 116, 152, 255: 6
47, 247, 183, 255: 1
236, 192, 11, 255: 1
43, 86, 1, 255: 1
185, 230, 30, 255: 3
101, 50, 69, 255: 31
194, 223, 47, 255: 12
247, 119, 65, 255: 195
82, 41, 215, 255: 28
11, 128, 25, 255: 1
175, 176, 133, 255: 5
129, 16, 48, 255: 1
199, 53, 174, 255: 1
142, 205, 186, 255: 1
81, 70, 137, 255: 10
33, 103, 223, 255: 54
186, 6, 229, 255: 1
110, 7, 168, 255: 121
0, 191, 169, 255: 24
208, 73, 204, 255: 1
80, 55, 169, 255: 4
84, 98, 51, 255: 47
141, 160, 188, 255: 2
136, 196, 70, 255: 1
18, 118, 193, 255: 4
87, 50, 202, 255: 35
39, 77, 60, 255: 20
193, 81, 182, 255: 4
50, 127, 205, 255: 2
62, 37, 152, 255: 2
250, 187, 60, 255: 1
184, 149, 145, 255: 4
242, 18, 138, 255: 1
187, 181, 144, 255: 2
88, 138, 125, 255: 3
179, 122, 65, 255: 2
234, 215, 39, 255: 15
196, 242, 143, 255: 7
0, 188, 33, 255: 754
201, 247, 3, 255: 1
140, 156, 131, 255: 1
219, 136, 97, 255: 1
229, 96, 182, 255: 7
172, 123, 233, 255: 1
185, 214, 2, 255: 57
132, 42, 228, 255: 1
28, 129, 85, 255: 1
155, 153, 53, 255: 1
126, 147, 18, 255: 13
243, 121, 63, 255: 7
254, 81, 119, 255: 2
135, 93, 238, 255: 34
0, 70, 191, 255: 49
252, 109, 76, 255: 1
0, 50, 30, 255: 2
132, 84, 161, 255: 17
0, 198, 122, 255: 34
148, 173, 58, 255: 1
102, 87, 1, 255: 1
189, 15, 204, 255: 3
27, 92, 15, 255: 8
99, 44, 49, 255: 1
85, 124, 101, 255: 31
86, 177, 194, 255: 2
39, 169, 173, 255: 10
24, 199, 111, 255: 6
144, 132, 206, 255: 3
30, 37, 175, 255: 13
46, 29, 197, 255: 6
183, 69, 107, 255: 1
233, 1, 108, 255: 25
44, 105, 234, 255: 1
203, 205, 13, 255: 1
241, 185, 232, 255: 2
222, 194, 73, 255: 1
244, 255, 110, 255: 2
195, 196, 189, 255: 2
245, 113, 81, 255: 1
140, 255, 250, 255: 1
152, 255, 70, 255: 1
29, 69, 4, 255: 80
32, 169, 20, 255: 58
239, 54, 167, 255: 76
139, 104, 105, 255: 4
32, 107, 194, 255: 2
139, 194, 255, 255: 2
42, 155, 0, 255: 4
179, 171, 218, 255: 33
27, 152, 251, 255: 3
90, 232, 167, 255: 9
31, 119, 232, 255: 2
104, 36, 234, 255: 3
230, 243, 85, 255: 7
155, 12, 226, 255: 1
26, 143, 39, 255: 5
239, 205, 14, 255: 15
45, 50, 134, 255: 2
241, 6, 245, 255: 5
237, 174, 192, 255: 15
198, 233, 236, 255: 2
52, 98, 248, 255: 6
23, 184, 178, 255: 1
36, 117, 246, 255: 10
8, 201, 188, 255: 20
100, 214, 165, 255: 6
235, 249, 126, 255: 1
0, 34, 159, 255: 27
231, 255, 106, 255: 31
188, 147, 141, 255: 12
80, 253, 70, 255: 15
234, 75, 93, 255: 1
0, 104, 155, 255: 1
109, 48, 18, 255: 1
179, 119, 91, 255: 3
200, 18, 143, 255: 3
45, 95, 86, 255: 18
213, 171, 212, 255: 1
176, 64, 63, 255: 2
127, 222, 212, 255: 6
94, 70, 30, 255: 1
0, 32, 92, 255: 3
130, 181, 237, 255: 1
96, 169, 54, 255: 6
235, 212, 159, 255: 1
173, 94, 248, 255: 2
196, 147, 255, 255: 7
249, 168, 120, 255: 4
90, 66, 61, 255: 17
206, 1, 236, 255: 3
148, 74, 82, 255: 11
42, 242, 178, 255: 3
34, 231, 68, 255: 1
182, 104, 175, 255: 6
250, 101, 247, 255: 1
5, 72, 95, 255: 1
139, 131, 219, 255: 1
50, 231, 255, 255: 1
95, 27, 225, 255: 9
129, 156, 249, 255: 5
42, 193, 32, 255: 5
160, 215, 246, 255: 5
0, 27, 211, 255: 27
104, 210, 250, 255: 3
88, 188, 49, 255: 6
252, 134, 89, 255: 26
124, 87, 199, 255: 4
24, 232, 197, 255: 44
89, 38, 57, 255: 2
229, 113, 21, 255: 39
0, 135, 140, 255: 1519
194, 45, 196, 255: 3
191, 90, 255, 255: 1
138, 177, 41, 255: 3
242, 242, 242, 255: 11
37, 255, 180, 255: 2
178, 105, 5, 255: 1
250, 69, 42, 255: 25
139, 151, 112, 255: 27
28, 206, 21, 255: 3
137, 125, 96, 255: 1
0, 80, 14, 255: 1
45, 81, 222, 255: 10
92, 2, 45, 255: 2
93, 45, 162, 255: 1
90, 94, 57, 255: 1
137, 150, 145, 255: 2
137, 84, 220, 255: 5
36, 246, 53, 255: 28
84, 73, 140, 255: 20
0, 88, 254, 255: 1
140, 104, 97, 255: 2
69, 30, 37, 255: 1
231, 62, 151, 255: 6
77, 86, 134, 255: 5
134, 120, 95, 255: 8
0, 171, 42, 255: 1
248, 171, 174, 255: 1
79, 15, 80, 255: 1
58, 105, 254, 255: 1
246, 210, 255, 255: 2
106, 110, 161, 255: 28
243, 48, 34, 255: 1
212, 151, 131, 255: 4
0, 67, 180, 255: 5
154, 77, 75, 255: 4
241, 197, 253, 255: 3
177, 219, 140, 255: 19
62, 6, 167, 255: 22
205, 230, 224, 255: 4
101, 172, 214, 255: 1
120, 47, 7, 255: 1
88, 140, 190, 255: 8
194, 42, 96, 255: 6
31, 225, 210, 255: 3
221, 6, 191, 255: 1
20, 216, 172, 255: 2
44, 232, 170, 255: 1
40, 178, 140, 255: 4
4, 145, 199, 255: 1
35, 255, 87, 255: 2
145, 149, 45, 255: 2
28, 17, 151, 255: 1
0, 204, 127, 255: 1051
45, 20, 21, 255: 14
97, 155, 16, 255: 2
116, 227, 168, 255: 5
87, 129, 205, 255: 3
146, 112, 203, 255: 8
150, 43, 254, 255: 4
34, 41, 215, 255: 2
250, 113, 149, 255: 38
150, 224, 86, 255: 3
29, 23, 89, 255: 2
88, 144, 207, 255: 1
87, 220, 91, 255: 1
0, 43, 133, 255: 2
89, 220, 248, 255: 1
104, 233, 251, 255: 2
174, 70, 236, 255: 1
199, 240, 209, 255: 19
175, 16, 111, 255: 2
96, 89, 17, 255: 4
238, 61, 158, 255: 1
245, 8, 148, 255: 15
75, 243, 155, 255: 2
39, 46, 184, 255: 5
225, 195, 231, 255: 6
94, 94, 170, 255: 2
206, 143, 166, 255: 2
144, 210, 161, 255: 13
255, 2, 202, 255: 2
180, 145, 208, 255: 3
196, 29, 248, 255: 3
12, 205, 192, 255: 1
111, 121, 240, 255: 5
132, 18, 168, 255: 12
91, 191, 16, 255: 1
217, 205, 60, 255: 1
198, 192, 1, 255: 5
77, 136, 33, 255: 1
252, 115, 151, 255: 26
52, 215, 165, 255: 4
41, 133, 143, 255: 2
243, 166, 85, 255: 33
140, 195, 255, 255: 1
34, 3, 81, 255: 32
20, 225, 91, 255: 1
203, 106, 231, 255: 3
128, 20, 239, 255: 1
86, 131, 177, 255: 8
86, 17, 43, 255: 1
137, 65, 153, 255: 6
92, 55, 54, 255: 3
0, 195, 19, 255: 2
93, 92, 242, 255: 45
243, 255, 246, 255: 1
42, 189, 14, 255: 2
29, 11, 197, 255: 1
81, 121, 235, 255: 1
183, 192, 61, 255: 77
0, 121, 249, 255: 1
252, 120, 52, 255: 1
0, 30, 209, 255: 1
41, 147, 8, 255: 1
0, 19, 203, 255: 1
246, 114, 219, 255: 18
0, 201, 56, 255: 1
35, 227, 252, 255: 5
241, 96, 221, 255: 5
89, 255, 27, 255: 11
130, 91, 251, 255: 1
145, 255, 69, 255: 1
1, 84, 225, 255: 2
43, 190, 51, 255: 4
255, 198, 255, 255: 1
10, 192, 170, 255: 60
96, 73, 179, 255: 3
244, 184, 181, 255: 57
31, 226, 128, 255: 1
83, 225, 160, 255: 2
73, 216, 206, 255: 2
30, 155, 254, 255: 10
51, 13, 34, 255: 4
190, 201, 241, 255: 1
0, 157, 180, 255: 1
40, 106, 176, 255: 4
83, 154, 196, 255: 6
190, 148, 215, 255: 11
145, 174, 247, 255: 3
182, 156, 129, 255: 1
243, 244, 124, 255: 15
0, 7, 79, 255: 153
0, 156, 51, 255: 2
43, 144, 100, 255: 1
124, 208, 61, 255: 1
174, 252, 171, 255: 8
51, 252, 196, 255: 1
238, 243, 21, 255: 5
146, 236, 193, 255: 1
240, 204, 207, 255: 3
37, 191, 129, 255: 1
173, 245, 96, 255: 1
228, 71, 15, 255: 1
237, 242, 20, 255: 3
238, 63, 105, 255: 1
191, 185, 250, 255: 2
142, 65, 94, 255: 2
237, 150, 60, 255: 5
83, 158, 251, 255: 9
137, 93, 175, 255: 8
238, 36, 72, 255: 18
137, 192, 255, 255: 3
133, 246, 101, 255: 3
29, 33, 73, 255: 4
252, 44, 187, 255: 31
180, 170, 155, 255: 10
247, 221, 15, 255: 1
238, 86, 252, 255: 6
185, 252, 197, 255: 9
85, 101, 72, 255: 6
36, 207, 222, 255: 11
145, 64, 255, 255: 11
90, 61, 243, 255: 10
255, 179, 64, 255: 3
0, 84, 28, 255: 1
34, 150, 94, 255: 3
0, 166, 66, 255: 3
108, 198, 6, 255: 1
52, 102, 93, 255: 4
139, 87, 11, 255: 1
31, 106, 39, 255: 29
90, 150, 29, 255: 1
46, 107, 133, 255: 1
0, 76, 109, 255: 5
0, 196, 252, 255: 764
73, 2, 247, 255: 1
204, 245, 61, 255: 1
181, 14, 233, 255: 3
195, 48, 151, 255: 5
234, 162, 234, 255: 26
115, 161, 21, 255: 2
105, 234, 252, 255: 1
81, 164, 204, 255: 4
121, 211, 132, 255: 3
241, 182, 106, 255: 3
5, 55, 1, 255: 1000
1, 156, 189, 255: 8
74, 63, 28, 255: 1
84, 76, 149, 255: 6
94, 87, 168, 255: 22
157, 15, 188, 255: 1
193, 204, 244, 255: 2
32, 177, 160, 255: 10
234, 60, 182, 255: 5
142, 186, 247, 255: 3
34, 11, 0, 255: 19
73, 241, 153, 255: 1
33, 94, 120, 255: 2
239, 72, 42, 255: 10
169, 133, 95, 255: 2
222, 106, 14, 255: 2
148, 25, 158, 255: 6
248, 150, 25, 255: 4
170, 72, 51, 255: 1
199, 44, 153, 255: 2
241, 255, 40, 255: 1
122, 231, 72, 255: 1
137, 255, 14, 255: 1
192, 246, 195, 255: 1
244, 183, 44, 255: 5
32, 174, 187, 255: 17
84, 128, 10, 255: 3
33, 238, 104, 255: 2
134, 207, 51, 255: 43
248, 116, 48, 255: 2
0, 27, 10, 255: 9
228, 55, 238, 255: 1
140, 234, 169, 255: 3
0, 202, 91, 255: 17
176, 166, 115, 255: 16
39, 8, 86, 255: 15
186, 123, 99, 255: 27
188, 207, 158, 255: 1
73, 43, 191, 255: 1
81, 235, 234, 255: 12
36, 87, 133, 255: 1
60, 84, 48, 255: 3
46, 211, 4, 255: 2
58, 144, 93, 255: 1
188, 82, 32, 255: 2
190, 193, 95, 255: 1
87, 60, 49, 255: 10
0, 73, 37, 255: 1
23, 212, 37, 255: 2
185, 26, 121, 255: 61
79, 71, 42, 255: 7
186, 240, 52, 255: 5
132, 173, 128, 255: 1
33, 7, 246, 255: 16
236, 178, 163, 255: 7
190, 169, 108, 255: 1
234, 195, 166, 255: 1
237, 138, 159, 255: 33
255, 64, 59, 255: 2
179, 56, 149, 255: 2
147, 36, 131, 255: 1
229, 226, 246, 255: 6
4, 82, 114, 255: 2
92, 91, 241, 255: 64
51, 222, 83, 255: 2
0, 163, 255, 255: 218
129, 228, 95, 255: 7
20, 126, 13, 255: 1
202, 157, 101, 255: 1
178, 30, 32, 255: 1
25, 115, 180, 255: 1
134, 120, 12, 255: 4
8, 166, 41, 255: 1
131, 174, 125, 255: 1
53, 22, 171, 255: 2
196, 121, 136, 255: 5
139, 227, 196, 255: 3
0, 45, 170, 255: 2
88, 44, 255, 255: 16
0, 194, 240, 255: 46
179, 174, 64, 255: 2
133, 47, 130, 255: 1
38, 108, 228, 255: 29
33, 10, 255, 255: 24
189, 50, 237, 255: 13
58, 9, 237, 255: 20
78, 102, 65, 255: 6
196, 129, 208, 255: 8
79, 61, 125, 255: 1
233, 249, 35, 255: 14
82, 239, 80, 255: 10
47, 22, 23, 255: 8
132, 161, 96, 255: 1
33, 255, 179, 255: 1
87, 101, 192, 255: 4
71, 33, 14, 255: 1
241, 177, 57, 255: 4
217, 169, 129, 255: 1
106, 39, 196, 255: 28
31, 102, 138, 255: 14
82, 187, 81, 255: 1
59, 81, 203, 255: 2085
54, 32, 131, 255: 2
238, 128, 251, 255: 1
46, 236, 17, 255: 3
36, 172, 245, 255: 4
77, 3, 242, 255: 15
163, 207, 228, 255: 63
176, 166, 151, 255: 1
144, 249, 39, 255: 26
239, 242, 84, 255: 1
130, 99, 253, 255: 5
248, 15, 169, 255: 17
0, 162, 131, 255: 21
209, 76, 164, 255: 113
228, 233, 164, 255: 4
154, 86, 34, 255: 2
252, 126, 170, 255: 11
27, 169, 181, 255: 5
89, 78, 145, 255: 20
125, 195, 197, 255: 33
33, 180, 5, 255: 61
163, 237, 187, 255: 2
148, 228, 30, 255: 14
0, 14, 154, 255: 15
34, 181, 6, 255: 63
42, 244, 243, 255: 2
175, 6, 127, 255: 1
137, 147, 45, 255: 25
95, 132, 121, 255: 31
40, 27, 246, 255: 3
212, 249, 209, 255: 2
33, 11, 8, 255: 1
149, 191, 255, 255: 3
39, 68, 224, 255: 1
138, 170, 50, 255: 23
24, 58, 180, 255: 6
71, 38, 241, 255: 1
245, 15, 140, 255: 1
184, 134, 34, 255: 2
59, 199, 220, 255: 5
81, 203, 219, 255: 1
193, 255, 87, 255: 12
0, 6, 112, 255: 42
34, 60, 118, 255: 6
74, 250, 37, 255: 2
141, 143, 94, 255: 2
101, 166, 242, 255: 6
27, 114, 209, 255: 6
0, 124, 129, 255: 17
142, 249, 248, 255: 2
2, 113, 84, 255: 1
193, 166, 11, 255: 1
164, 165, 124, 255: 30
187, 161, 67, 255: 13
39, 233, 65, 255: 5
179, 39, 208, 255: 3
142, 110, 81, 255: 1
86, 217, 143, 255: 8
175, 99, 96, 255: 2
204, 121, 225, 255: 6
90, 143, 210, 255: 2
64, 234, 210, 255: 33
6, 251, 57, 255: 11
27, 172, 190, 255: 5
81, 202, 45, 255: 32
157, 130, 145, 255: 1
157, 0, 194, 255: 37
179, 251, 102, 255: 29
38, 34, 163, 255: 4
56, 34, 93, 255: 1
240, 235, 149, 255: 4
135, 127, 104, 255: 20
154, 146, 234, 255: 4
160, 39, 15, 255: 1
195, 70, 108, 255: 7
34, 255, 235, 255: 1
92, 243, 15, 255: 1
209, 38, 132, 255: 2
143, 172, 210, 255: 7
36, 39, 24, 255: 12
240, 133, 242, 255: 28
43, 147, 201, 255: 2
227, 144, 140, 255: 1
250, 196, 235, 255: 1
82, 57, 207, 255: 1
111, 195, 49, 255: 54
251, 125, 169, 255: 11
182, 78, 244, 255: 38
30, 67, 195, 255: 19
249, 25, 192, 255: 2
42, 109, 131, 255: 2
139, 46, 134, 255: 3
96, 24, 25, 255: 8
0, 213, 214, 255: 2
141, 145, 195, 255: 6
36, 123, 65, 255: 25
135, 219, 174, 255: 1
89, 96, 55, 255: 1
4, 118, 45, 255: 46
111, 220, 62, 255: 73
166, 34, 114, 255: 9
134, 81, 253, 255: 29
70, 70, 172, 255: 5
180, 23, 33, 255: 1
0, 237, 35, 255: 2
179, 48, 127, 255: 9
80, 58, 14, 255: 8
250, 39, 83, 255: 2
252, 93, 230, 255: 1
220, 192, 71, 255: 823
131, 254, 75, 255: 4
239, 167, 239, 255: 21
229, 136, 123, 255: 1
183, 200, 236, 255: 27
40, 66, 21, 255: 1
180, 87, 170, 255: 3
79, 24, 55, 255: 1
0, 175, 20, 255: 1134
213, 77, 66, 255: 98
245, 80, 148, 255: 1
85, 60, 210, 255: 2
217, 98, 164, 255: 2
2, 187, 149, 255: 1
0, 54, 187, 255: 3
0, 239, 91, 255: 21
239, 43, 147, 255: 23
0, 58, 205, 255: 2
189, 183, 146, 255: 1
126, 71, 42, 255: 2
142, 236, 171, 255: 1
81, 220, 57, 255: 2
209, 132, 136, 255: 4
254, 183, 145, 255: 1
100, 132, 53, 255: 1
188, 242, 54, 255: 9
33, 4, 144, 255: 96
253, 243, 88, 255: 6
77, 232, 128, 255: 12
101, 136, 27, 255: 3
154, 50, 103, 255: 1
156, 228, 80, 255: 2220
122, 69, 241, 255: 1
237, 251, 195, 255: 1
245, 166, 106, 255: 8
0, 67, 120, 255: 1
22, 164, 238, 255: 1
0, 161, 18, 255: 1
235, 255, 84, 255: 1
65, 126, 87, 255: 1
142, 153, 117, 255: 1
30, 214, 208, 255: 3
196, 191, 182, 255: 1
255, 168, 240, 255: 1
22, 26, 219, 255: 7
90, 26, 18, 255: 5
4, 21, 67, 255: 1
255, 39, 15, 255: 5
27, 43, 8, 255: 1
31, 50, 113, 255: 5
239, 127, 151, 255: 4
34, 6, 63, 255: 2
136, 68, 123, 255: 3
46, 219, 179, 255: 3
87, 51, 130, 255: 6
132, 222, 143, 255: 125
36, 240, 52, 255: 2
249, 162, 174, 255: 1
141, 227, 98, 255: 34
0, 252, 102, 255: 1
103, 105, 160, 255: 1
84, 205, 48, 255: 52
197, 232, 235, 255: 1
160, 75, 162, 255: 10
27, 100, 88, 255: 1
137, 19, 118, 255: 28
178, 248, 36, 255: 3
248, 193, 131, 255: 1
188, 124, 46, 255: 3
0, 146, 27, 255: 229
45, 24, 111, 255: 1
47, 63, 28, 255: 2
123, 103, 36, 255: 3
34, 242, 242, 255: 57
0, 10, 171, 255: 25
195, 243, 242, 255: 1
231, 255, 21, 255: 1
93, 12, 204, 255: 1
236, 190, 183, 255: 14
35, 43, 97, 255: 16
70, 19, 183, 255: 1
48, 171, 154, 255: 1
216, 215, 181, 255: 27
113, 150, 100, 255: 2
185, 71, 7, 255: 3
232, 182, 78, 255: 6
240, 40, 247, 255: 1
7, 209, 106, 255: 17
59, 64, 250, 255: 1
36, 211, 20, 255: 1
213, 240, 190, 255: 24
241, 255, 75, 255: 1
69, 198, 210, 255: 1
114, 82, 237, 255: 12
218, 209, 8, 255: 98
86, 100, 156, 255: 4
135, 134, 243, 255: 4
65, 247, 231, 255: 39
175, 66, 71, 255: 4
237, 255, 222, 255: 1
150, 140, 129, 255: 17
185, 135, 35, 255: 5
0, 52, 244, 255: 1
125, 190, 123, 255: 5
222, 89, 175, 255: 2
76, 76, 214, 255: 3
78, 92, 45, 255: 34
191, 79, 78, 255: 5
195, 62, 189, 255: 4
191, 248, 39, 255: 39
86, 234, 84, 255: 1
207, 217, 232, 255: 2
0, 247, 177, 255: 919
244, 79, 112, 255: 9
196, 44, 98, 255: 10
249, 148, 181, 255: 45
79, 57, 115, 255: 8
238, 202, 169, 255: 42
238, 210, 88, 255: 57
0, 138, 242, 255: 3
107, 84, 190, 255: 6
38, 101, 226, 255: 7
171, 75, 153, 255: 18
189, 162, 34, 255: 2
142, 167, 154, 255: 6
243, 76, 29, 255: 1
115, 188, 33, 255: 26
40, 45, 129, 255: 3
233, 11, 200, 255: 1
0, 131, 226, 255: 19
191, 195, 167, 255: 7
80, 74, 210, 255: 1
85, 28, 124, 255: 11
192, 161, 238, 255: 63
229, 253, 206, 255: 1
249, 127, 69, 255: 1
243, 133, 0, 255: 3
136, 52, 131, 255: 22
131, 39, 54, 255: 1
195, 13, 138, 255: 8
183, 137, 88, 255: 5
235, 89, 68, 255: 2
195, 128, 207, 255: 9
95, 233, 0, 255: 1
236, 255, 221, 255: 4
250, 28, 183, 255: 1
78, 73, 142, 255: 2
184, 62, 189, 255: 1
174, 205, 118, 255: 1
81, 47, 42, 255: 1
247, 236, 227, 255: 4
148, 113, 114, 255: 9
180, 195, 168, 255: 2
186, 140, 194, 255: 1
166, 97, 6, 255: 11
28, 156, 97, 255: 13
234, 179, 6, 255: 4
108, 112, 163, 255: 8
34, 168, 13, 255: 5
101, 92, 75, 255: 5
199, 240, 56, 255: 2
0, 28, 177, 255: 17
240, 36, 76, 255: 2
139, 55, 134, 255: 6
65, 139, 80, 255: 1
179, 218, 16, 255: 1
134, 199, 132, 255: 13
238, 102, 90, 255: 11
117, 68, 146, 255: 21
188, 222, 12, 255: 4
181, 116, 183, 255: 1
138, 124, 99, 255: 3
235, 255, 0, 255: 5
172, 70, 182, 255: 9
45, 202, 83, 255: 1
33, 116, 160, 255: 2
163, 39, 30, 255: 94
242, 255, 202, 255: 7
33, 32, 39, 255: 2
180, 66, 2, 255: 1
190, 0, 213, 255: 13
149, 44, 251, 255: 1
84, 141, 3, 255: 67
36, 79, 214, 255: 1
141, 124, 37, 255: 3
90, 112, 79, 255: 1
242, 148, 255, 255: 1
245, 33, 197, 255: 6
0, 28, 45, 255: 1
247, 165, 16, 255: 4
90, 230, 250, 255: 7
0, 147, 97, 255: 41
241, 162, 102, 255: 23
221, 78, 155, 255: 1
105, 101, 241, 255: 11
87, 31, 110, 255: 1
182, 119, 28, 255: 1
236, 12, 132, 255: 3
240, 124, 32, 255: 19
0, 44, 79, 255: 116
133, 74, 177, 255: 3
0, 238, 189, 255: 3
230, 196, 5, 255: 3
141, 102, 6, 255: 37
0, 85, 181, 255: 1
90, 81, 64, 255: 111
91, 208, 1, 255: 4
0, 113, 41, 255: 14
0, 43, 235, 255: 118
243, 245, 52, 255: 5
131, 98, 87, 255: 3
144, 169, 156, 255: 20
67, 241, 160, 255: 1
240, 159, 65, 255: 53
194, 198, 254, 255: 8
255, 47, 186, 255: 1
140, 13, 30, 255: 30
181, 179, 255, 255: 1
243, 130, 238, 255: 4
247, 162, 170, 255: 11
180, 46, 165, 255: 1
100, 228, 30, 255: 4
233, 84, 92, 255: 2
224, 212, 66, 255: 1
189, 146, 255, 255: 2
133, 185, 46, 255: 3
162, 93, 2, 255: 35
159, 167, 77, 255: 1
148, 121, 33, 255: 17
142, 59, 19, 255: 1
244, 239, 153, 255: 4
6, 83, 13, 255: 1
75, 89, 42, 255: 12
44, 141, 92, 255: 1
27, 193, 92, 255: 4
242, 157, 165, 255: 10
227, 234, 110, 255: 3
147, 251, 196, 255: 1
29, 196, 232, 255: 1
33, 225, 250, 255: 3
201, 219, 145, 255: 7
40, 255, 53, 255: 1
38, 255, 67, 255: 1
240, 157, 0, 255: 30
234, 96, 215, 255: 2
233, 147, 240, 255: 3
187, 255, 177, 255: 3
133, 47, 63, 255: 9
165, 209, 77, 255: 1
251, 31, 165, 255: 6
142, 115, 27, 255: 31
133, 55, 203, 255: 61
135, 37, 9, 255: 6
0, 50, 51, 255: 7
240, 187, 77, 255: 3
103, 118, 217, 255: 1
191, 192, 185, 255: 13
241, 113, 59, 255: 28
235, 21, 240, 255: 9
191, 10, 215, 255: 3
96, 182, 130, 255: 1
240, 38, 147, 255: 1
0, 188, 12, 255: 2
187, 120, 199, 255: 4
139, 143, 193, 255: 11
226, 12, 231, 255: 2
128, 147, 211, 255: 7
96, 249, 39, 255: 4
82, 233, 32, 255: 1
21, 33, 137, 255: 17
48, 235, 72, 255: 7
38, 92, 237, 255: 1
138, 23, 221, 255: 4
34, 30, 159, 255: 7
26, 34, 88, 255: 1
35, 29, 104, 255: 2
37, 17, 206, 255: 2
2, 173, 28, 255: 1
92, 20, 21, 255: 12
28, 109, 44, 255: 4
0, 118, 144, 255: 1
167, 222, 253, 255: 2
78, 10, 97, 255: 8
89, 1, 107, 255: 1
48, 249, 193, 255: 4
183, 90, 173, 255: 2
0, 151, 131, 255: 3
71, 91, 113, 255: 2
17, 141, 77, 255: 1
85, 4, 95, 255: 7
36, 255, 110, 255: 1
192, 8, 217, 255: 1
32, 220, 45, 255: 16
145, 34, 165, 255: 3
32, 138, 255, 255: 20
41, 169, 110, 255: 4
75, 159, 181, 255: 1
142, 17, 132, 255: 2
22, 70, 70, 255: 1
28, 162, 7, 255: 3
1, 121, 2, 255: 1
0, 49, 50, 255: 14
91, 103, 104, 255: 3
232, 168, 48, 255: 22
10, 247, 142, 255: 11
31, 231, 167, 255: 2
184, 231, 196, 255: 8
30, 217, 54, 255: 2
18, 69, 14, 255: 10
0, 90, 191, 255: 1
9, 95, 191, 255: 2
196, 21, 140, 255: 1
158, 125, 185, 255: 25
85, 205, 122, 255: 2
76, 219, 107, 255: 9
46, 213, 130, 255: 2
94, 34, 143, 255: 17
0, 242, 103, 255: 44
206, 57, 208, 255: 3
243, 59, 88, 255: 6
234, 90, 13, 255: 3
59, 133, 227, 255: 29
56, 23, 74, 255: 10
126, 155, 90, 255: 2
242, 66, 126, 255: 5
93, 81, 222, 255: 4
92, 136, 18, 255: 2
54, 147, 47, 255: 4
129, 246, 254, 255: 28
32, 174, 58, 255: 1
242, 97, 68, 255: 1
147, 200, 18, 255: 5
0, 53, 156, 255: 7
2, 44, 118, 255: 3
195, 138, 54, 255: 7
247, 157, 97, 255: 1
39, 30, 7, 255: 27
0, 32, 57, 255: 122
176, 235, 13, 255: 1
38, 15, 4, 255: 5
0, 98, 42, 255: 54
195, 20, 72, 255: 4
0, 52, 220, 255: 6
251, 145, 109, 255: 3
187, 42, 244, 255: 5
237, 58, 19, 255: 49
62, 59, 192, 255: 3
135, 16, 97, 255: 3
228, 24, 217, 255: 32
82, 119, 218, 255: 6
21, 234, 11, 255: 3
204, 134, 243, 255: 1
34, 91, 139, 255: 120
232, 183, 180, 255: 1
22, 56, 178, 255: 2
0, 237, 0, 255: 327
40, 191, 30, 255: 7
254, 1, 82, 255: 4
92, 255, 21, 255: 1
244, 42, 180, 255: 1
77, 185, 177, 255: 22
158, 175, 212, 255: 3
195, 136, 126, 255: 19
39, 202, 152, 255: 2
115, 180, 114, 255: 6
43, 214, 75, 255: 2
33, 219, 139, 255: 8
30, 164, 9, 255: 7
247, 12, 251, 255: 2
83, 23, 21, 255: 60
89, 121, 68, 255: 2
186, 82, 94, 255: 1
73, 218, 21, 255: 2
99, 180, 232, 255: 16
134, 77, 60, 255: 4
134, 122, 196, 255: 1
105, 125, 37, 255: 4
25, 191, 90, 255: 4
123, 70, 139, 255: 1
15, 109, 219, 255: 1
194, 187, 115, 255: 2
72, 67, 101, 255: 16
234, 208, 185, 255: 20
233, 139, 65, 255: 4
0, 43, 9, 255: 2
135, 162, 137, 255: 41
201, 116, 121, 255: 1
249, 45, 255, 255: 1
149, 207, 247, 255: 9
134, 111, 176, 255: 10
148, 88, 203, 255: 10
133, 4, 95, 255: 2
169, 180, 148, 255: 2
0, 5, 101, 255: 60
162, 143, 182, 255: 50
142, 191, 148, 255: 6
180, 101, 255, 255: 46
195, 133, 144, 255: 9
53, 116, 87, 255: 1
167, 49, 83, 255: 4
175, 204, 248, 255: 2
29, 86, 98, 255: 15
112, 114, 66, 255: 206
129, 92, 204, 255: 3
145, 5, 61, 255: 7
32, 28, 157, 255: 14
0, 250, 22, 255: 78
141, 229, 96, 255: 1
186, 93, 114, 255: 1
163, 111, 251, 255: 1
76, 222, 208, 255: 1
211, 175, 143, 255: 1487
0, 2, 197, 255: 21
115, 152, 102, 255: 1
117, 58, 127, 255: 7
191, 237, 19, 255: 7
232, 221, 212, 255: 8
245, 95, 23, 255: 1
0, 82, 105, 255: 1
95, 254, 11, 255: 30
61, 5, 166, 255: 31
185, 235, 41, 255: 1
93, 93, 169, 255: 2
57, 112, 133, 255: 2
97, 255, 114, 255: 1
37, 100, 71, 255: 2
0, 100, 18, 255: 139
179, 152, 24, 255: 59
103, 14, 194, 255: 1
192, 209, 245, 255: 6
0, 118, 148, 255: 3
0, 131, 67, 255: 1
80, 12, 64, 255: 34
201, 252, 231, 255: 13
188, 76, 75, 255: 9
82, 110, 43, 255: 12
242, 73, 8, 255: 35
0, 238, 125, 255: 25
201, 144, 163, 255: 1
80, 146, 73, 255: 4
189, 144, 241, 255: 2
154, 179, 166, 255: 2
10, 220, 28, 255: 70
236, 145, 41, 255: 23
23, 0, 245, 255: 1
81, 150, 174, 255: 1
0, 133, 138, 255: 1166
0, 195, 250, 255: 44
31, 120, 160, 255: 3
84, 219, 196, 255: 1
147, 255, 218, 255: 1
91, 42, 13, 255: 1
232, 8, 26, 255: 43
0, 230, 184, 255: 1
142, 181, 45, 255: 3
79, 198, 234, 255: 2
0, 80, 79, 255: 74
40, 224, 219, 255: 8
204, 36, 12, 255: 11
73, 200, 112, 255: 6
75, 175, 0, 255: 39
80, 1, 79, 255: 13
93, 78, 248, 255: 10
26, 162, 132, 255: 1
78, 191, 32, 255: 1
83, 88, 131, 255: 19
92, 234, 169, 255: 17
93, 250, 91, 255: 1
143, 239, 119, 255: 36
50, 168, 210, 255: 18
22, 52, 13, 255: 1
225, 208, 95, 255: 1
183, 123, 255, 255: 1
135, 105, 175, 255: 15
66, 170, 193, 255: 1
5, 132, 39, 255: 73
112, 248, 177, 255: 4
188, 65, 158, 255: 11
132, 227, 89, 255: 1
186, 215, 176, 255: 11
43, 237, 255, 255: 1
135, 200, 236, 255: 7
25, 153, 59, 255: 37
0, 97, 138, 255: 267
0, 9, 37, 255: 1
178, 182, 238, 255: 4
138, 234, 255, 255: 2
32, 144, 109, 255: 1
187, 95, 32, 255: 4
94, 238, 7, 255: 3
48, 28, 226, 255: 1
195, 73, 200, 255: 9
109, 207, 41, 255: 9
199, 50, 201, 255: 2
238, 122, 30, 255: 49
0, 165, 125, 255: 1
0, 140, 25, 255: 1
192, 133, 242, 255: 5
195, 222, 58, 255: 1
79, 110, 176, 255: 2
80, 42, 176, 255: 1
28, 19, 79, 255: 23
103, 96, 177, 255: 2
178, 47, 126, 255: 12
228, 255, 112, 255: 1
206, 109, 234, 255: 3
4, 189, 151, 255: 1
60, 233, 51, 255: 8
255, 22, 23, 255: 5
65, 230, 239, 255: 14
32, 39, 177, 255: 17
178, 225, 87, 255: 1
132, 139, 159, 255: 3
0, 221, 108, 255: 24
110, 192, 89, 255: 1
151, 58, 18, 255: 1
42, 93, 72, 255: 4
200, 145, 79, 255: 1
132, 255, 9, 255: 3
86, 14, 95, 255: 2
0, 148, 133, 255: 1
79, 19, 238, 255: 27
26, 28, 159, 255: 1
164, 73, 220, 255: 1
238, 155, 254, 255: 27
178, 6, 121, 255: 2
85, 172, 36, 255: 8
92, 118, 252, 255: 1
78, 213, 72, 255: 4
33, 245, 224, 255: 2
20, 156, 126, 255: 1
0, 48, 14, 255: 3
83, 129, 29, 255: 1
82, 44, 60, 255: 1
88, 46, 130, 255: 2
0, 69, 92, 255: 5
145, 253, 142, 255: 4
194, 114, 213, 255: 1
38, 255, 145, 255: 6
43, 255, 128, 255: 1
198, 51, 190, 255: 3
56, 70, 24, 255: 212
103, 226, 87, 255: 1
71, 44, 60, 255: 1
194, 89, 47, 255: 4
0, 164, 167, 255: 1
74, 255, 42, 255: 1
80, 37, 77, 255: 2
148, 11, 191, 255: 1
119, 162, 77, 255: 1
186, 255, 49, 255: 1
136, 251, 43, 255: 1
184, 25, 17, 255: 2
129, 180, 6, 255: 1
189, 79, 96, 255: 22
86, 245, 2, 255: 19
28, 13, 31, 255: 2
245, 228, 253, 255: 1
192, 16, 34, 255: 9
22, 255, 141, 255: 1
78, 255, 151, 255: 1
117, 83, 140, 255: 1
247, 19, 242, 255: 48
182, 202, 80, 255: 34
147, 159, 166, 255: 3
155, 128, 143, 255: 1
126, 232, 129, 255: 2
83, 69, 38, 255: 22
191, 70, 159, 255: 2
39, 215, 42, 255: 15
198, 246, 210, 255: 1
243, 229, 131, 255: 2
76, 96, 118, 255: 29
0, 69, 157, 255: 7
138, 193, 255, 255: 2
67, 158, 73, 255: 1
44, 8, 154, 255: 1
82, 41, 179, 255: 54
235, 113, 55, 255: 1
0, 83, 214, 255: 16
180, 31, 208, 255: 1
145, 81, 80, 255: 1
176, 95, 151, 255: 3
75, 70, 104, 255: 24
236, 0, 56, 255: 4
186, 223, 76, 255: 6
235, 197, 101, 255: 27
212, 98, 105, 255: 15
9, 26, 72, 255: 16
226, 168, 153, 255: 4
36, 162, 115, 255: 6
143, 129, 104, 255: 1
140, 19, 21, 255: 4
255, 193, 155, 255: 1
197, 87, 104, 255: 31
186, 248, 227, 255: 2
109, 199, 122, 255: 96
229, 111, 212, 255: 2
136, 150, 26, 255: 4
0, 39, 74, 255: 26
205, 215, 230, 255: 4
141, 22, 255, 255: 1
177, 232, 5, 255: 6
40, 127, 69, 255: 6
125, 83, 228, 255: 1
150, 87, 104, 255: 32
235, 174, 153, 255: 5
195, 167, 85, 255: 33
194, 202, 16, 255: 1
214, 205, 4, 255: 75
76, 255, 125, 255: 1
231, 203, 117, 255: 1
34, 96, 49, 255: 26
247, 14, 15, 255: 1
29, 190, 184, 255: 1
75, 12, 168, 255: 1
28, 82, 32, 255: 4
173, 100, 220, 255: 1
190, 42, 44, 255: 1
234, 239, 170, 255: 3
110, 26, 106, 255: 28
231, 52, 234, 255: 24
38, 189, 28, 255: 14
26, 5, 92, 255: 1
210, 94, 3, 255: 378
34, 199, 18, 255: 1
53, 138, 127, 255: 3
73, 40, 89, 255: 1
110, 114, 165, 255: 23
183, 253, 41, 255: 18
211, 150, 130, 255: 4
71, 187, 90, 255: 2
243, 169, 178, 255: 2
196, 16, 239, 255: 90
0, 130, 174, 255: 6
227, 169, 154, 255: 1
232, 116, 59, 255: 3
11, 50, 242, 255: 4
255, 24, 123, 255: 1
187, 73, 9, 255: 3
190, 16, 205, 255: 1
0, 252, 148, 255: 1
51, 89, 72, 255: 14
34, 195, 127, 255: 3
193, 107, 113, 255: 3
235, 53, 8, 255: 2
138, 15, 46, 255: 3
88, 161, 46, 255: 11
98, 43, 48, 255: 1
239, 201, 105, 255: 15
0, 153, 203, 255: 1
0, 34, 158, 255: 7
0, 171, 16, 255: 764
0, 128, 192, 255: 1
200, 78, 205, 255: 1
41, 233, 2, 255: 6
233, 125, 200, 255: 96
95, 234, 71, 255: 3
27, 12, 30, 255: 1
245, 121, 0, 255: 4
146, 91, 172, 255: 3
71, 11, 127, 255: 1
127, 239, 76, 255: 1
83, 40, 115, 255: 18
138, 220, 112, 255: 2
140, 211, 94, 255: 3
237, 246, 157, 255: 19
173, 138, 99, 255: 2
143, 28, 72, 255: 1
97, 46, 65, 255: 35
0, 231, 49, 255: 14
80, 251, 225, 255: 35
89, 193, 215, 255: 2
170, 135, 96, 255: 3
221, 31, 204, 255: 1
189, 123, 129, 255: 3
0, 145, 185, 255: 5
136, 255, 179, 255: 3
131, 221, 142, 255: 97
147, 142, 200, 255: 1
0, 40, 16, 255: 2
58, 143, 247, 255: 3
105, 27, 215, 255: 1
245, 252, 175, 255: 1
23, 151, 57, 255: 29
5, 88, 229, 255: 1
0, 220, 97, 255: 2
181, 212, 99, 255: 1
238, 14, 32, 255: 3
199, 25, 61, 255: 5
242, 173, 123, 255: 3
46, 170, 25, 255: 6
221, 146, 18, 255: 2
135, 17, 116, 255: 7
236, 85, 133, 255: 12
197, 146, 167, 255: 8
140, 171, 124, 255: 6
142, 155, 150, 255: 1
254, 18, 74, 255: 2
160, 212, 144, 255: 1121
44, 145, 110, 255: 13
91, 45, 150, 255: 2
197, 85, 186, 255: 1
244, 42, 78, 255: 3
35, 199, 137, 255: 39
0, 124, 86, 255: 81
189, 243, 55, 255: 11
168, 204, 58, 255: 2
27, 1, 147, 255: 1
242, 57, 170, 255: 18
203, 202, 106, 255: 1
133, 179, 74, 255: 9
125, 242, 250, 255: 5
192, 184, 231, 255: 9
217, 136, 43, 255: 1
34, 230, 233, 255: 12
196, 104, 41, 255: 44
235, 101, 226, 255: 3
252, 183, 97, 255: 1
95, 3, 84, 255: 2
92, 124, 45, 255: 1
231, 213, 174, 255: 1
35, 26, 122, 255: 1
205, 188, 116, 255: 4
29, 33, 108, 255: 5
0, 208, 174, 255: 104
0, 21, 136, 255: 811
37, 192, 184, 255: 16
36, 160, 15, 255: 8
3, 117, 186, 255: 1
137, 195, 235, 255: 10
41, 38, 57, 255: 1
143, 165, 208, 255: 3
245, 211, 123, 255: 2
255, 145, 255, 255: 12
247, 142, 58, 255: 2
196, 190, 255, 255: 1
128, 99, 249, 255: 1
123, 158, 8, 255: 3
0, 152, 43, 255: 9
0, 176, 243, 255: 6
94, 218, 255, 255: 22
187, 111, 108, 255: 57
225, 140, 2, 255: 2
65, 156, 71, 255: 1
84, 14, 113, 255: 2
7, 38, 104, 255: 1
229, 91, 16, 255: 4
234, 8, 219, 255: 3
186, 228, 32, 255: 3
19, 4, 22, 255: 3
187, 194, 220, 255: 1
82, 71, 255, 255: 5
187, 232, 252, 255: 3
143, 182, 149, 255: 1
173, 204, 117, 255: 1
0, 195, 84, 255: 1163
141, 110, 78, 255: 1
0, 176, 144, 255: 1886
181, 77, 243, 255: 32
239, 27, 156, 255: 7
223, 239, 179, 255: 4
237, 45, 163, 255: 3
240, 51, 113, 255: 3
0, 79, 102, 255: 21
233, 71, 109, 255: 5
139, 182, 200, 255: 1
25, 120, 126, 255: 10
50, 47, 66, 255: 4
62, 95, 225, 255: 120
76, 52, 47, 255: 1
23, 195, 8, 255: 2
186, 17, 102, 255: 5
192, 213, 7, 255: 17
78, 29, 0, 255: 70
227, 249, 1, 255: 10
193, 163, 166, 255: 2
30, 26, 155, 255: 14
95, 0, 213, 255: 1
249, 73, 133, 255: 1
165, 174, 44, 255: 1
242, 6, 62, 255: 35
93, 21, 22, 255: 15
80, 132, 181, 255: 4
187, 232, 134, 255: 10
56, 194, 156, 255: 2
198, 139, 213, 255: 1
240, 138, 69, 255: 1
246, 144, 75, 255: 1
198, 147, 168, 255: 1
219, 166, 159, 255: 1
255, 24, 55, 255: 1
162, 223, 65, 255: 138
150, 211, 93, 255: 11
191, 1, 214, 255: 14
149, 218, 12, 255: 25
136, 134, 34, 255: 7
74, 215, 40, 255: 1
233, 154, 231, 255: 1
236, 126, 138, 255: 23
0, 116, 133, 255: 1
215, 214, 180, 255: 26
235, 141, 67, 255: 3
130, 193, 63, 255: 4
31, 13, 163, 255: 32
52, 74, 42, 255: 1
112, 86, 208, 255: 16
49, 236, 73, 255: 8
42, 49, 223, 255: 13
211, 105, 23, 255: 116
184, 25, 120, 255: 87
135, 43, 211, 255: 7
112, 45, 203, 255: 112
255, 148, 255, 255: 22
18, 25, 61, 255: 1
186, 239, 170, 255: 15
87, 228, 10, 255: 2
202, 36, 110, 255: 2
141, 170, 243, 255: 11
244, 145, 166, 255: 11
59, 169, 5, 255: 171
225, 230, 161, 255: 5
154, 154, 153, 255: 13
185, 175, 124, 255: 14
0, 248, 147, 255: 1
33, 200, 236, 255: 2
106, 132, 113, 255: 1
192, 82, 26, 255: 1
38, 156, 198, 255: 13
191, 212, 125, 255: 3
204, 85, 192, 255: 1
230, 75, 143, 255: 11
170, 171, 130, 255: 1
235, 102, 189, 255: 33
0, 70, 158, 255: 3
239, 96, 55, 255: 10
173, 143, 147, 255: 1
251, 45, 133, 255: 1
38, 130, 176, 255: 7
91, 117, 98, 255: 24
225, 62, 66, 255: 1
184, 204, 82, 255: 77
48, 103, 163, 255: 13
236, 151, 159, 255: 5
235, 244, 35, 255: 1
140, 228, 197, 255: 9
83, 168, 14, 255: 11
37, 255, 214, 255: 2
90, 134, 16, 255: 4
32, 237, 139, 255: 15
89, 93, 175, 255: 9
241, 197, 255, 255: 2
181, 93, 81, 255: 84
209, 60, 69, 255: 2
103, 135, 16, 255: 2
143, 84, 151, 255: 6
31, 76, 208, 255: 1
229, 253, 104, 255: 24
191, 62, 86, 255: 16
50, 223, 80, 255: 1
120, 61, 130, 255: 1
31, 145, 71, 255: 11
91, 233, 168, 255: 14
213, 147, 32, 255: 1
76, 239, 46, 255: 27
0, 178, 157, 255: 1
0, 165, 134, 255: 90
234, 130, 219, 255: 1
130, 38, 206, 255: 4
0, 186, 130, 255: 6
86, 196, 66, 255: 11
248, 216, 43, 255: 63
124, 36, 210, 255: 4
0, 240, 66, 255: 16
136, 11, 126, 255: 2
195, 28, 94, 255: 1
132, 76, 242, 255: 11
111, 159, 118, 255: 3
0, 67, 188, 255: 1
85, 11, 96, 255: 4
187, 128, 237, 255: 7
166, 185, 64, 255: 42
111, 87, 153, 255: 1
188, 32, 225, 255: 50
95, 13, 187, 255: 1
134, 32, 73, 255: 3
0, 125, 185, 255: 4
79, 27, 157, 255: 7
0, 193, 249, 255: 17
31, 100, 37, 255: 1
33, 40, 178, 255: 27
116, 172, 42, 255: 1
0, 163, 131, 255: 28
83, 31, 161, 255: 5
28, 250, 238, 255: 2
177, 114, 90, 255: 5
247, 229, 163, 255: 1
45, 243, 88, 255: 31
3, 9, 148, 255: 1
42, 131, 171, 255: 3
248, 116, 221, 255: 6
133, 135, 122, 255: 12
84, 53, 201, 255: 70
182, 193, 233, 255: 1
46, 205, 58, 255: 2
144, 150, 218, 255: 32
83, 59, 18, 255: 3
234, 175, 172, 255: 3
241, 128, 236, 255: 3
146, 35, 166, 255: 7
185, 255, 3, 255: 1
0, 181, 192, 255: 8
35, 111, 79, 255: 42
103, 217, 168, 255: 2
131, 166, 52, 255: 12
26, 0, 239, 255: 3
167, 27, 43, 255: 5
195, 18, 83, 255: 8
86, 177, 92, 255: 7
38, 177, 91, 255: 27
194, 49, 251, 255: 8
126, 65, 34, 255: 10
181, 38, 109, 255: 10
194, 219, 212, 255: 6
247, 168, 92, 255: 1
186, 244, 217, 255: 2
94, 255, 34, 255: 1
185, 114, 77, 255: 1
136, 122, 14, 255: 6
103, 185, 82, 255: 3
90, 152, 130, 255: 3
141, 170, 208, 255: 22
236, 179, 18, 255: 1
153, 46, 155, 255: 7
59, 116, 235, 255: 6
214, 37, 62, 255: 96
244, 225, 32, 255: 1
21, 206, 25, 255: 1
140, 48, 63, 255: 6
129, 156, 95, 255: 12
38, 184, 57, 255: 3
184, 111, 113, 255: 17
191, 160, 237, 255: 59
0, 79, 145, 255: 1
87, 226, 63, 255: 17
184, 57, 253, 255: 3
35, 9, 248, 255: 20
92, 40, 41, 255: 1
119, 101, 132, 255: 1
89, 73, 235, 255: 5
33, 45, 185, 255: 9
0, 242, 68, 255: 1
138, 188, 61, 255: 22
191, 230, 28, 255: 19
213, 72, 249, 255: 27
25, 109, 208, 255: 4
156, 203, 169, 255: 1
0, 143, 93, 255: 16
27, 202, 11, 255: 12
94, 118, 0, 255: 1
93, 69, 64, 255: 3
31, 98, 156, 255: 12
61, 102, 143, 255: 126
158, 169, 137, 255: 1698
151, 116, 220, 255: 7
44, 160, 104, 255: 25
80, 123, 78, 255: 3
148, 202, 8, 255: 2
125, 100, 0, 255: 1
125, 64, 69, 255: 1
122, 120, 205, 255: 950
194, 232, 103, 255: 11
247, 134, 21, 255: 1
155, 94, 170, 255: 1
23, 249, 32, 255: 2
188, 70, 103, 255: 1
77, 223, 55, 255: 10
142, 251, 92, 255: 9
249, 21, 107, 255: 2
99, 203, 145, 255: 1
94, 255, 207, 255: 1
183, 81, 162, 255: 1
66, 127, 88, 255: 4
152, 37, 81, 255: 2
180, 8, 31, 255: 2
126, 50, 40, 255: 4
73, 183, 18, 255: 11
31, 255, 47, 255: 1
235, 226, 24, 255: 67
211, 188, 8, 255: 1
72, 14, 75, 255: 12
250, 173, 176, 255: 2
238, 255, 200, 255: 2
28, 178, 137, 255: 1
140, 242, 88, 255: 3
105, 154, 113, 255: 1
36, 241, 246, 255: 1
93, 9, 121, 255: 1
233, 170, 86, 255: 1
45, 157, 123, 255: 3
79, 45, 40, 255: 1
199, 173, 182, 255: 1
23, 211, 0, 255: 15
241, 4, 180, 255: 4
86, 6, 23, 255: 1
82, 190, 218, 255: 21
187, 75, 212, 255: 1
83, 117, 162, 255: 3
230, 103, 1, 255: 39
197, 11, 157, 255: 1
142, 12, 222, 255: 26
0, 106, 212, 255: 1
60, 242, 226, 255: 102
128, 237, 78, 255: 21
0, 195, 151, 255: 7
132, 115, 182, 255: 8
17, 205, 250, 255: 1
244, 46, 198, 255: 16
232, 187, 244, 255: 52
25, 74, 211, 255: 3
122, 143, 14, 255: 2
83, 42, 216, 255: 29
137, 26, 121, 255: 25
219, 45, 169, 255: 3
155, 235, 254, 255: 88
214, 153, 133, 255: 1
78, 150, 247, 255: 1
235, 123, 45, 255: 1
77, 105, 38, 255: 26
231, 183, 141, 255: 45
141, 160, 224, 255: 17
246, 99, 52, 255: 3
0, 202, 125, 255: 4
235, 125, 137, 255: 25
195, 6, 255, 255: 7
0, 228, 148, 255: 1
31, 94, 219, 255: 3
95, 181, 129, 255: 1
230, 7, 60, 255: 3
192, 237, 1, 255: 3
84, 91, 152, 255: 7
122, 124, 75, 255: 4
78, 135, 253, 255: 17
189, 72, 12, 255: 2
48, 127, 74, 255: 2
97, 80, 152, 255: 11
82, 81, 231, 255: 2
152, 254, 74, 255: 1
34, 158, 166, 255: 2
78, 218, 238, 255: 1
245, 226, 50, 255: 9
219, 122, 207, 255: 2
199, 215, 42, 255: 21
127, 144, 109, 255: 1
93, 187, 46, 255: 4
194, 217, 193, 255: 4
133, 158, 43, 255: 1
183, 187, 150, 255: 1
0, 253, 124, 255: 2
249, 214, 199, 255: 1
167, 63, 230, 255: 35
95, 255, 8, 255: 3
43, 222, 148, 255: 33
73, 13, 232, 255: 6
146, 226, 28, 255: 25
49, 65, 118, 255: 1
25, 255, 161, 255: 1
31, 15, 7, 255: 1
74, 137, 221, 255: 10
213, 55, 40, 255: 1
121, 26, 97, 255: 2
167, 30, 144, 255: 1
44, 14, 202, 255: 17
241, 236, 48, 255: 2
40, 217, 7, 255: 1
96, 235, 174, 255: 1
198, 101, 226, 255: 9
142, 146, 42, 255: 1
141, 157, 132, 255: 1
170, 93, 91, 255: 8
38, 163, 98, 255: 3
80, 44, 123, 255: 1
196, 216, 94, 255: 2
235, 234, 96, 255: 1
189, 66, 159, 255: 5
201, 121, 220, 255: 1
139, 91, 168, 255: 29
219, 111, 187, 255: 2
234, 241, 14, 255: 1
51, 136, 125, 255: 5
32, 124, 67, 255: 5
138, 217, 11, 255: 2
193, 66, 189, 255: 2
0, 198, 53, 255: 1
11, 122, 207, 255: 2030
112, 151, 199, 255: 51
134, 134, 133, 255: 1
243, 227, 149, 255: 1
79, 15, 110, 255: 1
115, 224, 66, 255: 43
190, 122, 30, 255: 34
186, 157, 221, 255: 10
185, 150, 111, 255: 25
35, 136, 101, 255: 1
33, 12, 64, 255: 51
17, 180, 237, 255: 1
27, 45, 192, 255: 1
85, 254, 11, 255: 2
241, 195, 43, 255: 1
84, 145, 105, 255: 12
131, 97, 188, 255: 3
253, 64, 126, 255: 54
0, 98, 140, 255: 1342
29, 220, 108, 255: 49
190, 76, 251, 255: 1
253, 217, 31, 255: 1
182, 78, 90, 255: 2
197, 125, 238, 255: 19
179, 221, 142, 255: 23
111, 62, 140, 255: 29
94, 202, 84, 255: 20
253, 248, 162, 255: 20
182, 126, 206, 255: 1
59, 232, 50, 255: 9
88, 66, 124, 255: 32
34, 184, 108, 255: 44
85, 168, 172, 255: 4
136, 38, 10, 255: 1
96, 255, 148, 255: 1
65, 9, 170, 255: 67
241, 35, 12, 255: 2
214, 241, 38, 255: 1
94, 92, 105, 255: 3
232, 201, 237, 255: 10
134, 126, 103, 255: 12
255, 168, 232, 255: 2
167, 143, 113, 255: 1
46, 189, 220, 255: 26
199, 143, 232, 255: 12
91, 59, 255, 255: 1
142, 140, 40, 255: 54
134, 216, 6, 255: 4
192, 59, 186, 255: 4
86, 223, 144, 255: 71
237, 33, 6, 255: 6
82, 66, 90, 255: 2
75, 87, 198, 255: 39
32, 248, 124, 255: 15
236, 186, 20, 255: 1
195, 191, 255, 255: 2
140, 186, 81, 255: 28
0, 36, 220, 255: 1
81, 125, 7, 255: 2
31, 139, 125, 255: 5
217, 118, 104, 255: 15
0, 214, 22, 255: 300
245, 160, 168, 255: 11
194, 88, 38, 255: 2
76, 161, 43, 255: 39
15, 19, 212, 255: 3
213, 28, 142, 255: 1286
21, 160, 74, 255: 9
189, 180, 147, 255: 1
0, 227, 14, 255: 27
252, 154, 29, 255: 4
174, 34, 203, 255: 2
92, 41, 60, 255: 15
12, 208, 164, 255: 1
75, 185, 20, 255: 27
85, 21, 86, 255: 1
115, 66, 144, 255: 46
139, 240, 170, 255: 33
52, 187, 50, 255: 6
192, 229, 220, 255: 22
144, 122, 205, 255: 1
0, 102, 75, 255: 2
86, 93, 52, 255: 1
135, 152, 228, 255: 3
0, 247, 142, 255: 381
69, 111, 151, 255: 1
49, 132, 176, 255: 1
182, 128, 14, 255: 3
45, 194, 37, 255: 1
175, 255, 17, 255: 5
76, 156, 62, 255: 5
244, 30, 104, 255: 1
243, 25, 85, 255: 2
137, 182, 89, 255: 1
247, 95, 107, 255: 1
145, 186, 149, 255: 22
160, 56, 223, 255: 109
0, 84, 249, 255: 3
136, 75, 80, 255: 52
45, 216, 231, 255: 19
138, 144, 211, 255: 7
91, 222, 250, 255: 4
96, 56, 84, 255: 3
101, 83, 1, 255: 2
78, 1, 142, 255: 72
89, 48, 222, 255: 30
138, 24, 56, 255: 10
15, 233, 209, 255: 7
65, 98, 228, 255: 20
85, 71, 40, 255: 30
236, 65, 158, 255: 11
167, 94, 214, 255: 2
245, 89, 204, 255: 46
102, 198, 229, 255: 1
254, 199, 137, 255: 1
164, 255, 26, 255: 117
229, 188, 250, 255: 1
241, 144, 227, 255: 49
148, 115, 61, 255: 2
150, 35, 233, 255: 5
185, 171, 223, 255: 1
134, 44, 230, 255: 4
171, 10, 6, 255: 1
79, 63, 190, 255: 1
248, 12, 68, 255: 33
191, 25, 125, 255: 3
133, 105, 127, 255: 1
40, 64, 59, 255: 6
88, 170, 21, 255: 1
132, 157, 34, 255: 6
117, 129, 91, 255: 27
100, 154, 119, 255: 1
223, 38, 152, 255: 2
178, 242, 28, 255: 1
239, 196, 14, 255: 6
233, 3, 128, 255: 1
45, 42, 214, 255: 1
169, 197, 242, 255: 1
236, 77, 214, 255: 6
254, 5, 184, 255: 7
88, 47, 185, 255: 5
86, 175, 138, 255: 3
145, 246, 58, 255: 1
142, 128, 20, 255: 14
134, 243, 238, 255: 1
15, 214, 13, 255: 8
39, 25, 189, 255: 2
8, 110, 28, 255: 1249
82, 87, 130, 255: 17
32, 166, 11, 255: 6
137, 169, 49, 255: 18
34, 180, 53, 255: 1
193, 165, 83, 255: 22
248, 100, 126, 255: 33
232, 69, 226, 255: 6
247, 244, 146, 255: 10
39, 181, 194, 255: 5
134, 128, 84, 255: 1
233, 145, 175, 255: 3
70, 7, 163, 255: 1
26, 96, 216, 255: 8
199, 36, 80, 255: 15
0, 247, 242, 255: 1
142, 185, 74, 255: 2
136, 138, 89, 255: 27
238, 235, 255, 255: 1
180, 184, 240, 255: 6
40, 55, 255, 255: 1
243, 135, 210, 255: 5
94, 110, 8, 255: 5
32, 91, 84, 255: 1
94, 26, 224, 255: 10
133, 184, 10, 255: 2
139, 213, 159, 255: 8
31, 244, 150, 255: 2
46, 242, 245, 255: 25
197, 45, 252, 255: 5
0, 138, 186, 255: 43
185, 161, 166, 255: 6
221, 165, 214, 255: 1
141, 185, 237, 255: 3
35, 96, 122, 255: 9
89, 85, 0, 255: 12
88, 102, 158, 255: 3
4, 109, 12, 255: 1
110, 40, 100, 255: 28
26, 146, 176, 255: 4
27, 161, 6, 255: 2
132, 206, 187, 255: 1
57, 8, 236, 255: 49
130, 102, 6, 255: 1
191, 15, 33, 255: 17
188, 220, 14, 255: 1
153, 98, 26, 255: 4
251, 183, 13, 255: 12
136, 52, 255, 255: 7
92, 108, 6, 255: 3
193, 3, 216, 255: 15
140, 226, 250, 255: 2
40, 58, 240, 255: 1
68, 217, 209, 255: 1
245, 239, 135, 255: 2
241, 54, 104, 255: 24
58, 165, 158, 255: 1
156, 13, 227, 255: 2
197, 127, 82, 255: 1
80, 117, 252, 255: 12
237, 27, 254, 255: 1
83, 187, 129, 255: 1
74, 129, 149, 255: 4
199, 140, 249, 255: 1
181, 72, 77, 255: 9
25, 73, 175, 255: 25
96, 102, 26, 255: 1
115, 117, 69, 255: 2
116, 49, 207, 255: 45
200, 117, 221, 255: 13
107, 189, 201, 255: 710
30, 154, 9, 255: 1
0, 92, 143, 255: 4
0, 209, 107, 255: 6
136, 157, 130, 255: 1
88, 45, 231, 255: 1
97, 145, 144, 255: 1
196, 176, 6, 255: 69
78, 53, 13, 255: 3
37, 81, 30, 255: 2
75, 4, 213, 255: 3
236, 55, 174, 255: 6
24, 220, 176, 255: 20
137, 117, 24, 255: 9
27, 145, 187, 255: 1
0, 131, 72, 255: 3
64, 149, 253, 255: 1
89, 29, 248, 255: 2
212, 43, 235, 255: 8
115, 163, 122, 255: 7
38, 255, 255, 255: 1
98, 255, 253, 255: 1
241, 99, 194, 255: 2
135, 255, 189, 255: 6
59, 28, 177, 255: 2
82, 217, 76, 255: 22
255, 17, 5, 255: 3
93, 31, 41, 255: 62
26, 91, 204, 255: 1
176, 88, 76, 255: 11
42, 28, 38, 255: 8
96, 254, 113, 255: 1
139, 255, 50, 255: 1
107, 46, 16, 255: 1
83, 227, 252, 255: 14
41, 225, 83, 255: 11
96, 45, 218, 255: 2
57, 18, 0, 255: 41
236, 128, 203, 255: 78
141, 22, 206, 255: 18
45, 171, 208, 255: 1
225, 62, 219, 255: 9
132, 227, 217, 255: 3
81, 244, 189, 255: 2
77, 223, 209, 255: 1
45, 12, 102, 255: 51
35, 31, 160, 255: 9
37, 234, 164, 255: 2
242, 138, 227, 255: 1
110, 128, 158, 255: 17
85, 255, 200, 255: 3
188, 84, 250, 255: 23
191, 134, 50, 255: 6
197, 117, 216, 255: 1
230, 169, 148, 255: 1
126, 92, 148, 255: 1
94, 153, 187, 255: 7
250, 248, 5, 255: 11
0, 248, 242, 255: 6
183, 187, 243, 255: 21
137, 55, 50, 255: 1
218, 112, 30, 255: 71
185, 83, 164, 255: 2
244, 120, 219, 255: 1
123, 185, 20, 255: 9
188, 142, 231, 255: 5
194, 34, 177, 255: 11
86, 255, 143, 255: 2
0, 10, 48, 255: 2
147, 205, 245, 255: 16
81, 60, 154, 255: 1
0, 37, 251, 255: 1
27, 174, 255, 255: 48
75, 233, 135, 255: 2
185, 239, 15, 255: 1
34, 193, 199, 255: 11
44, 183, 97, 255: 1
71, 173, 97, 255: 3
145, 103, 27, 255: 9
93, 245, 181, 255: 2
93, 64, 230, 255: 1
12, 29, 75, 255: 1
108, 148, 236, 255: 1
75, 224, 216, 255: 1
244, 183, 255, 255: 5
139, 39, 142, 255: 4
196, 235, 33, 255: 4
94, 137, 92, 255: 4
0, 158, 15, 255: 1
143, 54, 74, 255: 2
88, 106, 176, 255: 16
67, 61, 96, 255: 19
194, 195, 188, 255: 4
255, 139, 248, 255: 1
42, 209, 126, 255: 11
0, 184, 196, 255: 1922
156, 156, 155, 255: 2
33, 24, 120, 255: 4
190, 198, 114, 255: 2
12, 16, 211, 255: 3
137, 175, 159, 255: 25
27, 144, 168, 255: 1
0, 59, 193, 255: 1
227, 81, 60, 255: 1
115, 94, 3, 255: 3
255, 151, 48, 255: 2
0, 29, 178, 255: 45
244, 189, 255, 255: 1
140, 66, 228, 255: 1
215, 195, 241, 255: 20
245, 193, 101, 255: 32
185, 31, 67, 255: 3
23, 165, 177, 255: 2
113, 255, 253, 255: 1
55, 157, 82, 255: 1003
189, 34, 245, 255: 1
1, 208, 214, 255: 2
34, 74, 9, 255: 11
75, 57, 18, 255: 13
239, 183, 150, 255: 1
22, 42, 58, 255: 10
130, 212, 222, 255: 74
123, 130, 125, 255: 1
151, 179, 9, 255: 7
230, 76, 246, 255: 1
114, 96, 129, 255: 1
0, 19, 2, 255: 9
0, 191, 114, 255: 29
137, 123, 134, 255: 3
160, 100, 175, 255: 6
137, 176, 40, 255: 10
174, 172, 32, 255: 1
141, 6, 28, 255: 8
141, 173, 89, 255: 2
188, 245, 36, 255: 12
191, 34, 44, 255: 4
18, 113, 119, 255: 1
32, 56, 15, 255: 2
0, 161, 188, 255: 1
137, 131, 207, 255: 8
74, 166, 116, 255: 2
30, 238, 238, 255: 23
0, 158, 49, 255: 11
173, 91, 45, 255: 1
19, 166, 247, 255: 1
33, 59, 117, 255: 8
78, 194, 97, 255: 9
150, 40, 50, 255: 1
122, 237, 44, 255: 1
43, 7, 255, 255: 3
199, 31, 7, 255: 28
168, 28, 44, 255: 1
188, 212, 104, 255: 6
41, 45, 121, 255: 5
101, 218, 11, 255: 24
0, 190, 45, 255: 7
222, 7, 192, 255: 3
227, 133, 85, 255: 1
84, 51, 136, 255: 47
193, 193, 198, 255: 3
164, 32, 215, 255: 1
174, 60, 63, 255: 1
174, 128, 79, 255: 7
0, 164, 34, 255: 6
96, 183, 47, 255: 20
111, 245, 76, 255: 1
107, 12, 226, 255: 1
165, 113, 99, 255: 2
254, 109, 234, 255: 4
12, 77, 154, 255: 1
64, 78, 32, 255: 57
53, 150, 148, 255: 1
31, 169, 238, 255: 1
246, 17, 69, 255: 4
241, 203, 218, 255: 4
59, 216, 58, 255: 3
195, 100, 58, 255: 1
178, 66, 65, 255: 3
127, 195, 98, 255: 1
227, 66, 66, 255: 6
177, 177, 33, 255: 1
81, 101, 123, 255: 28
86, 143, 5, 255: 57
32, 182, 141, 255: 1
98, 218, 109, 255: 4
235, 197, 255, 255: 1
133, 223, 180, 255: 5
239, 126, 234, 255: 2
238, 61, 239, 255: 1
66, 220, 117, 255: 22
144, 58, 74, 255: 1
239, 133, 123, 255: 2
158, 26, 209, 255: 2
34, 89, 149, 255: 2
140, 134, 56, 255: 2
243, 94, 240, 255: 2
89, 122, 251, 255: 27
95, 74, 168, 255: 7
8, 193, 13, 255: 2
255, 102, 184, 255: 1
86, 255, 12, 255: 2
244, 225, 49, 255: 11
35, 175, 6, 255: 3
90, 190, 51, 255: 2
80, 154, 93, 255: 5
244, 226, 187, 255: 1
214, 73, 250, 255: 25
100, 198, 71, 255: 19
192, 112, 211, 255: 1
94, 57, 209, 255: 6
227, 188, 57, 255: 7
40, 66, 124, 255: 6
181, 255, 196, 255: 1
29, 24, 51, 255: 11
30, 255, 1, 255: 1
249, 87, 135, 255: 1
4, 7, 88, 255: 1
243, 73, 209, 255: 1
147, 110, 196, 255: 1
32, 44, 148, 255: 7
75, 114, 56, 255: 21
78, 186, 178, 255: 28
0, 167, 101, 255: 17
0, 202, 100, 255: 1
40, 64, 196, 255: 3
123, 64, 131, 255: 1
18, 129, 214, 255: 1
94, 240, 72, 255: 1
0, 136, 141, 255: 4887
0, 93, 3, 255: 64
244, 51, 99, 255: 1
92, 70, 128, 255: 7
232, 110, 52, 255: 1
236, 210, 4, 255: 1
95, 50, 35, 255: 1
40, 91, 173, 255: 1
152, 199, 204, 255: 1
168, 152, 33, 255: 29
134, 188, 214, 255: 16
238, 79, 97, 255: 4
0, 10, 47, 255: 32
0, 52, 87, 255: 32
47, 151, 86, 255: 1
132, 206, 85, 255: 1
84, 186, 110, 255: 47
250, 204, 52, 255: 8
89, 150, 110, 255: 13
255, 128, 7, 255: 4
0, 60, 227, 255: 41
212, 121, 18, 255: 1
137, 255, 167, 255: 2
187, 243, 118, 255: 9
232, 11, 127, 255: 22
93, 174, 226, 255: 22
197, 100, 225, 255: 13
37, 198, 130, 255: 4
2, 80, 112, 255: 1
232, 105, 3, 255: 56
194, 225, 112, 255: 3
35, 196, 128, 255: 4
96, 194, 67, 255: 103
15, 203, 248, 255: 1
36, 142, 3, 255: 9
160, 78, 135, 255: 2
8, 190, 168, 255: 46
36, 148, 11, 255: 7
76, 142, 170, 255: 5
198, 239, 55, 255: 1
93, 115, 82, 255: 1
133, 231, 64, 255: 53
82, 255, 0, 255: 4
109, 14, 86, 255: 1422
132, 164, 44, 255: 19
190, 194, 166, 255: 4
0, 67, 56, 255: 160
203, 169, 20, 255: 1
130, 255, 34, 255: 1
237, 201, 204, 255: 8
192, 29, 73, 255: 4
137, 34, 194, 255: 4
2, 177, 129, 255: 2
26, 212, 159, 255: 1
0, 35, 193, 255: 69
179, 95, 97, 255: 1
0, 219, 220, 255: 1
143, 60, 20, 255: 1
193, 43, 84, 255: 21
233, 255, 145, 255: 1
37, 245, 245, 255: 5
118, 42, 33, 255: 34
190, 8, 30, 255: 2
37, 238, 54, 255: 1
26, 41, 23, 255: 1
243, 99, 176, 255: 1
3, 125, 2, 255: 1
242, 198, 100, 255: 7
100, 206, 246, 255: 15
136, 197, 79, 255: 9
27, 53, 8, 255: 7
242, 55, 70, 255: 7
0, 45, 115, 255: 12
88, 255, 145, 255: 2
219, 226, 103, 255: 3
34, 248, 69, 255: 1
206, 53, 190, 255: 3
237, 138, 123, 255: 37
32, 89, 101, 255: 10
35, 61, 119, 255: 5
51, 65, 161, 255: 2
116, 189, 33, 255: 1
137, 199, 136, 255: 2
0, 97, 70, 255: 1
0, 179, 92, 255: 1
98, 226, 28, 255: 4
120, 207, 30, 255: 3
182, 207, 154, 255: 11
99, 65, 60, 255: 1
232, 10, 165, 255: 1
46, 53, 227, 255: 1
243, 255, 6, 255: 4
187, 163, 132, 255: 16
4, 57, 141, 255: 1
15, 143, 49, 255: 1
19, 102, 100, 255: 4
201, 133, 142, 255: 1
135, 248, 103, 255: 3
37, 190, 119, 255: 8
24, 169, 85, 255: 1
89, 151, 27, 255: 34
212, 176, 144, 255: 357
239, 74, 23, 255: 4
86, 73, 196, 255: 2
126, 12, 162, 255: 20
133, 45, 219, 255: 20
54, 95, 176, 255: 2
0, 220, 93, 255: 1
133, 88, 68, 255: 2
77, 77, 179, 255: 3
82, 14, 101, 255: 26
77, 61, 121, 255: 1
196, 38, 23, 255: 2
230, 34, 138, 255: 55
231, 25, 156, 255: 5
73, 164, 79, 255: 21
184, 168, 151, 255: 1
88, 73, 243, 255: 3
138, 6, 127, 255: 1
150, 226, 14, 255: 1
248, 84, 135, 255: 5
149, 19, 229, 255: 1
79, 239, 239, 255: 5
154, 141, 7, 255: 1
0, 15, 254, 255: 64
0, 148, 230, 255: 29
99, 35, 203, 255: 1
158, 10, 155, 255: 1
119, 35, 115, 255: 16
195, 203, 17, 255: 1
35, 6, 29, 255: 1
134, 103, 255, 255: 12
29, 231, 230, 255: 1
192, 3, 41, 255: 1
194, 255, 43, 255: 3
0, 203, 156, 255: 1
87, 52, 149, 255: 1
90, 184, 197, 255: 2
133, 187, 249, 255: 8
79, 228, 158, 255: 3
194, 187, 13, 255: 2
83, 142, 39, 255: 2
131, 178, 226, 255: 1
240, 194, 187, 255: 8
80, 240, 240, 255: 3
25, 27, 158, 255: 1
234, 88, 102, 255: 3
239, 201, 208, 255: 1
229, 3, 214, 255: 3
83, 27, 187, 255: 34
36, 55, 16, 255: 1
242, 95, 48, 255: 6
194, 135, 244, 255: 3
84, 41, 116, 255: 16
85, 99, 52, 255: 17
22, 238, 114, 255: 9
245, 12, 166, 255: 20
92, 141, 165, 255: 1
182, 111, 176, 255: 38
241, 255, 145, 255: 1
224, 6, 67, 255: 1
99, 128, 206, 255: 24
26, 206, 187, 255: 2
161, 29, 109, 255: 25
81, 48, 97, 255: 21
192, 103, 27, 255: 9
131, 47, 126, 255: 21
137, 207, 209, 255: 5
192, 32, 175, 255: 9
81, 25, 2, 255: 1
0, 18, 98, 255: 5
181, 36, 44, 255: 6
134, 249, 56, 255: 1
7, 242, 39, 255: 46
212, 168, 72, 255: 1
139, 153, 132, 255: 4
244, 202, 203, 255: 4
233, 242, 33, 255: 1
238, 36, 174, 255: 2
38, 158, 188, 255: 2
88, 24, 192, 255: 2
89, 15, 136, 255: 4
77, 1, 177, 255: 2
91, 107, 5, 255: 1
8, 210, 107, 255: 11
129, 184, 143, 255: 3
89, 103, 255, 255: 1
137, 160, 49, 255: 1
34, 123, 163, 255: 5
185, 51, 134, 255: 1
247, 161, 254, 255: 2
189, 22, 241, 255: 23
101, 141, 189, 255: 1
62, 227, 236, 255: 14
192, 187, 77, 255: 5
139, 255, 146, 255: 2
200, 172, 90, 255: 22
87, 13, 98, 255: 4
241, 195, 35, 255: 6
227, 226, 88, 255: 2
139, 156, 232, 255: 4
174, 119, 160, 255: 5
10, 85, 19, 255: 1
140, 146, 213, 255: 15
137, 34, 255, 255: 2
114, 63, 43, 255: 3
55, 132, 68, 255: 3
147, 48, 68, 255: 55
103, 25, 213, 255: 3
251, 106, 77, 255: 5
33, 32, 157, 255: 2
145, 88, 173, 255: 1
140, 185, 92, 255: 1
38, 166, 72, 255: 2
242, 239, 141, 255: 29
250, 52, 102, 255: 1
73, 186, 119, 255: 1
151, 237, 108, 255: 12
39, 102, 227, 255: 5
128, 125, 171, 255: 1
83, 166, 206, 255: 3
112, 20, 36, 255: 1
74, 69, 205, 255: 1
246, 167, 244, 255: 5
0, 170, 138, 255: 2957
91, 144, 211, 255: 4
0, 173, 142, 255: 2006
162, 110, 250, 255: 2
175, 148, 20, 255: 20
250, 188, 86, 255: 1
36, 90, 49, 255: 2
87, 165, 237, 255: 2
45, 50, 236, 255: 1
89, 189, 160, 255: 1
199, 148, 169, 255: 14
140, 29, 160, 255: 4
49, 107, 10, 255: 18
43, 16, 174, 255: 3
233, 247, 226, 255: 1
201, 121, 67, 255: 26
249, 131, 86, 255: 28
131, 35, 42, 255: 12
27, 139, 222, 255: 72
225, 140, 38, 255: 1
194, 251, 42, 255: 47
189, 91, 105, 255: 13
175, 74, 210, 255: 1
77, 47, 92, 255: 1
126, 238, 177, 255: 1
9, 252, 216, 255: 2
142, 255, 111, 255: 2
190, 136, 23, 255: 3
176, 183, 245, 255: 1
50, 53, 38, 255: 4
161, 233, 85, 255: 834
5, 215, 23, 255: 91
80, 20, 239, 255: 15
199, 1, 47, 255: 13
160, 157, 18, 255: 1
252, 203, 209, 255: 22
29, 231, 127, 255: 16
238, 49, 1, 255: 16
86, 208, 87, 255: 1
189, 220, 107, 255: 11
85, 63, 121, 255: 42
75, 193, 195, 255: 24
77, 103, 237, 255: 4
39, 211, 60, 255: 14
134, 136, 123, 255: 30
243, 201, 202, 255: 4
93, 56, 208, 255: 5
242, 149, 246, 255: 2
0, 99, 175, 255: 110
0, 162, 122, 255: 238
184, 14, 100, 255: 14
39, 156, 52, 255: 1
88, 255, 87, 255: 2
238, 255, 142, 255: 4
125, 240, 185, 255: 1
146, 97, 247, 255: 1
90, 198, 80, 255: 2
37, 150, 251, 255: 2
87, 93, 17, 255: 5
248, 101, 54, 255: 2
86, 243, 84, 255: 22
31, 65, 188, 255: 35
82, 247, 255, 255: 15
39, 18, 70, 255: 10
190, 240, 175, 255: 1
137, 78, 145, 255: 61
197, 157, 186, 255: 1
185, 104, 195, 255: 25
226, 129, 212, 255: 2
128, 251, 5, 255: 1
0, 189, 235, 255: 13
97, 49, 166, 255: 2
4, 167, 72, 255: 2
133, 187, 213, 255: 7
255, 164, 228, 255: 1
241, 81, 182, 255: 24
216, 199, 87, 255: 116
95, 84, 187, 255: 1
130, 222, 242, 255: 21
125, 47, 195, 255: 26
239, 35, 8, 255: 3
191, 24, 90, 255: 2
232, 229, 249, 255: 1
0, 216, 93, 255: 4
0, 92, 168, 255: 2
92, 131, 108, 255: 10
10, 49, 241, 255: 4
0, 146, 160, 255: 31
150, 205, 121, 255: 1
24, 249, 35, 255: 11
212, 27, 141, 255: 1146
143, 200, 104, 255: 19
0, 86, 208, 255: 2
143, 192, 185, 255: 2
51, 64, 59, 255: 5
99, 189, 151, 255: 18
138, 220, 77, 255: 2
205, 130, 145, 255: 1
245, 76, 11, 255: 11
186, 255, 224, 255: 1
95, 239, 17, 255: 3
47, 69, 230, 255: 12
194, 255, 7, 255: 4
88, 157, 28, 255: 22
239, 193, 33, 255: 2
90, 177, 41, 255: 54
239, 244, 149, 255: 1
0, 243, 246, 255: 16
82, 253, 227, 255: 29
146, 138, 226, 255: 21
190, 203, 85, 255: 16
67, 59, 250, 255: 1
103, 231, 33, 255: 3
127, 179, 40, 255: 2
45, 153, 32, 255: 1
203, 216, 201, 255: 1
18, 48, 9, 255: 1
180, 247, 157, 255: 1
238, 95, 208, 255: 1
0, 140, 180, 255: 52
178, 0, 211, 255: 3
189, 255, 246, 255: 2
93, 140, 28, 255: 4
0, 240, 225, 255: 112
33, 200, 117, 255: 10
93, 55, 71, 255: 2
139, 138, 129, 255: 1
45, 100, 160, 255: 36
126, 153, 92, 255: 6
35, 247, 226, 255: 2
184, 246, 4, 255: 2
0, 168, 191, 255: 3
41, 128, 105, 255: 6
92, 141, 92, 255: 10
145, 228, 129, 255: 1
12, 90, 122, 255: 22
11, 201, 90, 255: 1163
32, 52, 68, 255: 3
76, 236, 47, 255: 1
90, 131, 171, 255: 25
194, 248, 25, 255: 1
210, 69, 246, 255: 7
243, 182, 43, 255: 2
0, 77, 233, 255: 67
80, 160, 204, 255: 2
28, 79, 23, 255: 69
139, 185, 80, 255: 33
233, 132, 54, 255: 6
77, 203, 13, 255: 1
221, 152, 67, 255: 6
244, 172, 244, 255: 7
23, 149, 248, 255: 3
96, 245, 175, 255: 3
41, 180, 94, 255: 2
191, 238, 255, 255: 7
74, 28, 98, 255: 4
146, 242, 122, 255: 78
0, 56, 223, 255: 196
52, 206, 246, 255: 4
232, 143, 137, 255: 35
132, 126, 166, 255: 59
244, 161, 4, 255: 7
112, 249, 75, 255: 1
239, 86, 44, 255: 1
29, 30, 100, 255: 1
61, 116, 137, 255: 1
190, 169, 255, 255: 7
139, 129, 72, 255: 1
137, 191, 253, 255: 14
235, 184, 172, 255: 1
174, 224, 57, 255: 8
0, 147, 162, 255: 42
86, 251, 157, 255: 3
173, 248, 44, 255: 1
0, 155, 81, 255: 2
121, 45, 35, 255: 1
89, 136, 24, 255: 24
29, 141, 224, 255: 73
86, 170, 55, 255: 12
90, 124, 135, 255: 1
179, 166, 52, 255: 5
46, 120, 254, 255: 5
246, 254, 129, 255: 7
135, 35, 138, 255: 2
89, 160, 202, 255: 38
196, 192, 253, 255: 1
135, 30, 127, 255: 4
120, 11, 206, 255: 1
224, 186, 55, 255: 5
181, 118, 94, 255: 14
211, 112, 98, 255: 8
254, 161, 105, 255: 19
113, 56, 223, 255: 59
0, 99, 51, 255: 9
181, 130, 12, 255: 6
154, 228, 178, 255: 1
228, 99, 190, 255: 1
193, 9, 255, 255: 3
232, 155, 158, 255: 8
0, 88, 253, 255: 94
27, 231, 145, 255: 1
241, 227, 129, 255: 1
142, 226, 217, 255: 1
190, 129, 21, 255: 1
34, 133, 0, 255: 9
245, 129, 139, 255: 1
60, 62, 8, 255: 91
0, 65, 54, 255: 773
83, 15, 102, 255: 25
36, 202, 101, 255: 1
41, 216, 128, 255: 3
191, 5, 49, 255: 10
192, 72, 42, 255: 2
246, 249, 228, 255: 25
86, 32, 209, 255: 5
149, 243, 25, 255: 10
96, 166, 55, 255: 1
203, 236, 141, 255: 3
24, 180, 105, 255: 1
189, 118, 219, 255: 38
205, 196, 35, 255: 5
123, 75, 177, 255: 1
181, 37, 146, 255: 1
36, 222, 142, 255: 12
150, 106, 197, 255: 1
83, 64, 220, 255: 13
37, 116, 146, 255: 40
191, 141, 41, 255: 10
194, 84, 28, 255: 4
216, 177, 47, 255: 12
0, 214, 211, 255: 1
234, 255, 174, 255: 2
0, 37, 28, 255: 62
80, 47, 250, 255: 6
78, 95, 54, 255: 5
193, 184, 151, 255: 1
24, 187, 244, 255: 10
244, 241, 143, 255: 10
48, 194, 67, 255: 22
0, 86, 152, 255: 8
81, 138, 0, 255: 33
44, 143, 112, 255: 1
244, 78, 9, 255: 1
7, 134, 41, 255: 11
77, 237, 202, 255: 6
255, 32, 162, 255: 1
77, 144, 89, 255: 1
42, 104, 57, 255: 2
0, 100, 9, 255: 29
113, 255, 150, 255: 945
131, 227, 253, 255: 7
35, 92, 104, 255: 3
141, 255, 17, 255: 1
22, 166, 47, 255: 5
179, 180, 137, 255: 45
33, 247, 254, 255: 1
64, 121, 240, 255: 1
0, 3, 231, 255: 2
177, 164, 50, 255: 1
163, 141, 210, 255: 1
239, 190, 255, 255: 4
134, 58, 48, 255: 43
35, 86, 30, 255: 58
92, 224, 255, 255: 10
100, 93, 174, 255: 4
186, 132, 54, 255: 12
72, 251, 136, 255: 16
202, 122, 68, 255: 36
238, 169, 255, 255: 16
0, 70, 114, 255: 1
199, 245, 155, 255: 1
46, 112, 182, 255: 31
50, 198, 169, 255: 1
0, 2, 231, 255: 52
237, 33, 226, 255: 61
57, 24, 75, 255: 3
184, 176, 223, 255: 121
234, 47, 62, 255: 91
161, 250, 179, 255: 29
31, 190, 59, 255: 1
242, 198, 254, 255: 6
2, 124, 1, 255: 3
71, 206, 182, 255: 2
34, 58, 53, 255: 6
182, 37, 239, 255: 1
211, 246, 107, 255: 60
195, 218, 194, 255: 4
171, 155, 35, 255: 1
85, 105, 127, 255: 10
34, 225, 113, 255: 13
181, 143, 143, 255: 1
41, 166, 255, 255: 10
90, 16, 101, 255: 2
0, 248, 174, 255: 1
85, 168, 208, 255: 1
249, 154, 255, 255: 3
30, 122, 65, 255: 5
140, 126, 255, 255: 1
184, 21, 219, 255: 1
243, 131, 53, 255: 2
25, 189, 91, 255: 3
138, 63, 155, 255: 1
31, 101, 221, 255: 36
25, 82, 94, 255: 11
189, 255, 204, 255: 1
236, 140, 140, 255: 5
243, 19, 37, 255: 1
89, 115, 249, 255: 2
245, 41, 234, 255: 2
235, 179, 73, 255: 2
95, 99, 189, 255: 2
83, 89, 234, 255: 7
191, 106, 38, 255: 1
143, 121, 102, 255: 22
88, 94, 255, 255: 9
196, 212, 39, 255: 10
58, 97, 40, 255: 18
201, 236, 239, 255: 4
37, 239, 17, 255: 1
136, 203, 235, 255: 1
141, 72, 166, 255: 17
191, 255, 28, 255: 1
255, 135, 112, 255: 1
150, 65, 192, 255: 1
141, 219, 179, 255: 50
185, 222, 75, 255: 6
79, 233, 232, 255: 7
84, 239, 255, 255: 1
209, 217, 133, 255: 1
91, 49, 133, 255: 7
152, 39, 182, 255: 2
71, 167, 151, 255: 2
77, 152, 24, 255: 1
147, 70, 236, 255: 1
205, 91, 240, 255: 1
179, 58, 147, 255: 2
113, 164, 221, 255: 3
163, 31, 214, 255: 1
0, 234, 243, 255: 1
237, 219, 180, 255: 4
194, 189, 79, 255: 1
91, 185, 80, 255: 5
37, 186, 183, 255: 5
191, 255, 255, 255: 1
95, 237, 172, 255: 6
148, 71, 100, 255: 1
86, 1, 231, 255: 2
0, 19, 70, 255: 2
138, 14, 37, 255: 8
235, 136, 121, 255: 54
230, 252, 40, 255: 2
140, 159, 69, 255: 1
32, 244, 223, 255: 2
240, 255, 61, 255: 6
31, 115, 147, 255: 2
36, 103, 125, 255: 23
208, 83, 121, 255: 1
29, 255, 162, 255: 3
149, 22, 211, 255: 1
245, 156, 150, 255: 17
33, 65, 125, 255: 11
120, 245, 164, 255: 1
0, 130, 224, 255: 1191
144, 106, 111, 255: 1
188, 192, 164, 255: 3
0, 147, 8, 255: 1
42, 35, 194, 255: 1
238, 24, 90, 255: 2
230, 145, 43, 255: 1
157, 77, 17, 255: 4
81, 93, 204, 255: 28
175, 22, 83, 255: 2
76, 137, 97, 255: 2
71, 234, 41, 255: 4
0, 35, 95, 255: 71
94, 61, 146, 255: 3
189, 143, 130, 255: 1
183, 16, 200, 255: 103
87, 93, 238, 255: 9
180, 247, 192, 255: 3
203, 101, 29, 255: 4
84, 251, 175, 255: 9
127, 47, 132, 255: 5
133, 229, 7, 255: 1
232, 138, 64, 255: 2
26, 129, 46, 255: 50
198, 88, 32, 255: 3
237, 125, 149, 255: 2
244, 40, 115, 255: 3
44, 168, 23, 255: 13
148, 206, 246, 255: 10
42, 38, 202, 255: 4
191, 148, 80, 255: 15
156, 253, 93, 255: 2
138, 247, 88, 255: 59
45, 255, 241, 255: 1
68, 101, 231, 255: 2
94, 138, 255, 255: 1
0, 246, 17, 255: 5
42, 163, 48, 255: 2
2, 237, 34, 255: 4
16, 75, 187, 255: 1
216, 67, 179, 255: 1
186, 255, 156, 255: 1
24, 215, 103, 255: 24
137, 250, 105, 255: 3
202, 253, 232, 255: 8
129, 84, 64, 255: 1
87, 208, 51, 255: 30
61, 118, 237, 255: 5
7, 131, 67, 255: 1
235, 124, 100, 255: 9
119, 49, 108, 255: 1
0, 182, 61, 255: 2459
221, 135, 229, 255: 1
94, 243, 173, 255: 2
100, 170, 59, 255: 1
13, 22, 157, 255: 1
181, 171, 156, 255: 15
39, 109, 229, 255: 18
0, 146, 126, 255: 3
23, 61, 189, 255: 2
185, 120, 34, 255: 9
42, 13, 36, 255: 1
236, 238, 45, 255: 6
96, 104, 164, 255: 9
240, 204, 53, 255: 3
39, 188, 185, 255: 3
40, 135, 23, 255: 9
3, 114, 45, 255: 2
0, 43, 202, 255: 4468
24, 154, 158, 255: 13
147, 221, 83, 255: 2
192, 240, 239, 255: 1
192, 160, 100, 255: 3
92, 214, 230, 255: 6
85, 195, 30, 255: 54
30, 106, 74, 255: 13
68, 140, 134, 255: 1
158, 142, 165, 255: 1
208, 100, 176, 255: 138
140, 182, 246, 255: 1
190, 172, 92, 255: 3
244, 62, 17, 255: 8
136, 185, 40, 255: 2
138, 96, 20, 255: 65
24, 224, 124, 255: 1
0, 158, 19, 255: 2
85, 60, 174, 255: 1
115, 183, 86, 255: 1
77, 231, 230, 255: 3
112, 191, 104, 255: 1
28, 164, 237, 255: 28
79, 91, 202, 255: 37
122, 192, 194, 255: 9
176, 246, 34, 255: 3
190, 4, 48, 255: 11
94, 114, 18, 255: 2
96, 153, 62, 255: 2
107, 48, 117, 255: 8
92, 127, 18, 255: 16
151, 242, 54, 255: 2
141, 59, 156, 255: 28
188, 230, 187, 255: 1
86, 30, 190, 255: 33
84, 255, 229, 255: 19
36, 197, 129, 255: 3
148, 195, 98, 255: 1
132, 98, 51, 255: 8
242, 48, 68, 255: 2
234, 71, 228, 255: 2
0, 236, 190, 255: 2
195, 241, 142, 255: 12
2, 168, 210, 255: 5
240, 112, 58, 255: 18
163, 252, 181, 255: 65
205, 205, 210, 255: 10
131, 248, 36, 255: 1
200, 255, 207, 255: 1
212, 8, 203, 255: 2062
189, 47, 255, 255: 25
79, 181, 105, 255: 66
0, 102, 178, 255: 34
91, 62, 244, 255: 4
213, 44, 134, 255: 4
38, 142, 77, 255: 6
48, 45, 64, 255: 3
183, 137, 226, 255: 3
151, 165, 144, 255: 3
0, 202, 2, 255: 866
130, 182, 145, 255: 1
132, 192, 220, 255: 3
152, 125, 37, 255: 2
200, 81, 188, 255: 11
199, 14, 168, 255: 8
231, 242, 242, 255: 1
31, 255, 141, 255: 2
91, 62, 228, 255: 1
98, 245, 249, 255: 1
220, 43, 68, 255: 22
78, 203, 52, 255: 9
245, 111, 236, 255: 4
40, 160, 190, 255: 1
35, 42, 216, 255: 8
82, 148, 176, 255: 27
86, 91, 134, 255: 7
50, 80, 152, 255: 14
44, 119, 99, 255: 7
33, 73, 8, 255: 23
82, 139, 1, 255: 59
181, 135, 122, 255: 5
79, 55, 50, 255: 5
30, 127, 232, 255: 1
237, 113, 145, 255: 1
98, 240, 175, 255: 1
246, 64, 255, 255: 17
175, 217, 138, 255: 11
159, 22, 136, 255: 1
33, 238, 140, 255: 14
35, 139, 193, 255: 6
30, 49, 112, 255: 1
240, 255, 74, 255: 1
239, 247, 122, 255: 39
246, 172, 190, 255: 10
243, 145, 20, 255: 2
87, 118, 251, 255: 1
185, 71, 246, 255: 1
185, 4, 209, 255: 3
112, 53, 122, 255: 50
31, 76, 115, 255: 5
61, 151, 67, 255: 24
59, 70, 182, 255: 80
237, 255, 177, 255: 1
134, 153, 217, 255: 34
18, 96, 128, 255: 1
251, 141, 8, 255: 52
33, 37, 10, 255: 5
210, 190, 236, 255: 83
98, 254, 168, 255: 1
84, 214, 4, 255: 4
186, 250, 225, 255: 1
190, 221, 108, 255: 12
143, 255, 148, 255: 1
139, 213, 75, 255: 8
0, 178, 190, 255: 28
38, 230, 136, 255: 8
175, 120, 161, 255: 3
34, 177, 207, 255: 1
142, 173, 126, 255: 7
187, 211, 94, 255: 2
237, 10, 57, 255: 1
198, 218, 96, 255: 1
244, 164, 207, 255: 1
0, 71, 94, 255: 29
130, 113, 180, 255: 4
132, 26, 87, 255: 17
74, 207, 223, 255: 2
143, 147, 197, 255: 2
91, 255, 193, 255: 1
7, 189, 13, 255: 1
237, 195, 196, 255: 2
188, 234, 135, 255: 12
242, 255, 110, 255: 2
32, 216, 74, 255: 3
135, 22, 208, 255: 1
173, 108, 139, 255: 3
93, 6, 28, 255: 33
92, 198, 136, 255: 1
175, 181, 106, 255: 2
21, 58, 151, 255: 4
61, 94, 224, 255: 131
92, 100, 160, 255: 30
63, 217, 114, 255: 1
250, 181, 131, 255: 1
251, 254, 79, 255: 5
232, 100, 32, 255: 3
90, 96, 255, 255: 1
143, 43, 182, 255: 1
176, 240, 179, 255: 6
255, 140, 66, 255: 1
94, 108, 199, 255: 2
74, 190, 93, 255: 12
0, 3, 100, 255: 1
42, 243, 59, 255: 1
233, 127, 44, 255: 29
0, 22, 73, 255: 2
186, 104, 58, 255: 1
139, 145, 110, 255: 1
40, 255, 8, 255: 1
0, 72, 228, 255: 1
138, 222, 177, 255: 2
85, 20, 51, 255: 1
232, 74, 172, 255: 1
29, 229, 62, 255: 6
244, 57, 72, 255: 2
75, 205, 251, 255: 1
158, 73, 160, 255: 2
147, 38, 231, 255: 1
140, 165, 50, 255: 7
75, 159, 78, 255: 1
0, 33, 148, 255: 29
137, 4, 116, 255: 22
127, 8, 192, 255: 2
0, 153, 235, 255: 92
92, 34, 95, 255: 1
141, 65, 55, 255: 6
130, 22, 20, 255: 3
149, 89, 204, 255: 12
79, 41, 175, 255: 1
87, 124, 3, 255: 15
198, 76, 212, 255: 1
39, 178, 92, 255: 19
0, 163, 156, 255: 53
178, 105, 225, 255: 2
41, 151, 26, 255: 21
191, 152, 62, 255: 48
22, 78, 245, 255: 1
235, 148, 58, 255: 2
79, 250, 4, 255: 5
21, 229, 194, 255: 12
85, 218, 199, 255: 1
143, 236, 101, 255: 1
95, 37, 98, 255: 1
116, 106, 50, 255: 8
44, 255, 46, 255: 1
0, 90, 55, 255: 1
48, 131, 175, 255: 2
0, 69, 123, 255: 1
0, 152, 133, 255: 1
147, 18, 109, 255: 1
0, 39, 197, 255: 1239
84, 100, 152, 255: 1
202, 127, 142, 255: 7
39, 153, 255, 255: 11
40, 219, 247, 255: 1
20, 112, 20, 255: 7
0, 200, 127, 255: 1
125, 82, 125, 255: 8
95, 176, 228, 255: 27
128, 69, 136, 255: 19
227, 224, 244, 255: 4
254, 175, 99, 255: 1
141, 212, 95, 255: 3
84, 33, 197, 255: 21
209, 200, 255, 255: 8
200, 67, 40, 255: 3
180, 82, 96, 255: 8
113, 232, 84, 255: 32
179, 5, 194, 255: 1
78, 123, 133, 255: 2
37, 196, 65, 255: 3
239, 82, 26, 255: 33
0, 118, 80, 255: 1482
240, 229, 220, 255: 30
186, 217, 104, 255: 10
0, 47, 150, 255: 5
180, 59, 255, 255: 1
20, 13, 233, 255: 1
89, 220, 146, 255: 12
138, 225, 48, 255: 1
226, 213, 105, 255: 1
144, 155, 154, 255: 2
146, 66, 89, 255: 2
0, 176, 89, 255: 2
186, 228, 252, 255: 3
20, 226, 128, 255: 1
227, 6, 122, 255: 4
174, 150, 119, 255: 3
144, 226, 255, 255: 1
244, 255, 240, 255: 1
136, 102, 158, 255: 10
179, 238, 16, 255: 6
158, 45, 46, 255: 46
34, 173, 123, 255: 7
141, 225, 180, 255: 1
237, 93, 16, 255: 3
47, 165, 207, 255: 79
183, 34, 211, 255: 2
0, 133, 69, 255: 2
251, 255, 255, 255: 1
26, 242, 154, 255: 4
75, 32, 107, 255: 1
220, 106, 113, 255: 49
166, 213, 76, 255: 1
220, 206, 192, 255: 1
133, 255, 104, 255: 4
113, 98, 229, 255: 36
197, 30, 249, 255: 1
197, 133, 157, 255: 10
0, 86, 20, 255: 2
180, 133, 132, 255: 1
28, 40, 144, 255: 17
176, 171, 61, 255: 2
93, 193, 18, 255: 1
38, 93, 153, 255: 6
33, 50, 95, 255: 1
74, 232, 134, 255: 1
192, 143, 226, 255: 9
87, 19, 217, 255: 2
139, 21, 120, 255: 33
234, 220, 205, 255: 2
123, 160, 109, 255: 1
24, 141, 37, 255: 6
131, 97, 153, 255: 9
223, 2, 118, 255: 3
245, 94, 142, 255: 15
148, 8, 64, 255: 22
79, 195, 98, 255: 10
43, 255, 251, 255: 1
91, 150, 149, 255: 2
31, 168, 19, 255: 33
0, 148, 73, 255: 13
247, 62, 175, 255: 2
190, 252, 93, 255: 6
127, 184, 206, 255: 5
163, 152, 102, 255: 4
144, 88, 254, 255: 2
83, 251, 163, 255: 6
130, 217, 40, 255: 12
11, 105, 112, 255: 2
63, 162, 244, 255: 1
190, 205, 142, 255: 1
44, 187, 218, 255: 26
190, 76, 149, 255: 1
85, 255, 223, 255: 2
230, 124, 41, 255: 7
200, 51, 202, 255: 3
1, 219, 234, 255: 1
90, 123, 98, 255: 2
131, 198, 230, 255: 1
140, 114, 234, 255: 1
192, 196, 255, 255: 1
27, 199, 166, 255: 17
219, 230, 205, 255: 2
37, 53, 18, 255: 6
252, 209, 27, 255: 1
186, 240, 16, 255: 5
32, 20, 17, 255: 24
21, 26, 255, 255: 1
86, 238, 138, 255: 1
168, 105, 235, 255: 1
231, 72, 255, 255: 1
205, 72, 45, 255: 4
131, 61, 120, 255: 54
27, 92, 51, 255: 8
193, 41, 248, 255: 4
26, 49, 163, 255: 55
136, 114, 214, 255: 3
81, 208, 120, 255: 54
143, 255, 6, 255: 2
123, 246, 220, 255: 7
165, 88, 86, 255: 26
42, 207, 0, 255: 1
0, 26, 141, 255: 2982
40, 245, 86, 255: 1
183, 175, 222, 255: 94
245, 255, 157, 255: 2
237, 1, 57, 255: 6
189, 227, 200, 255: 1
239, 255, 38, 255: 3
60, 37, 251, 255: 7
255, 147, 255, 255: 9
236, 73, 77, 255: 2
187, 191, 247, 255: 31
31, 0, 78, 255: 62
129, 119, 215, 255: 1
87, 164, 202, 255: 14
0, 86, 251, 255: 29
10, 14, 209, 255: 1
0, 91, 55, 255: 1
80, 251, 5, 255: 1
133, 188, 147, 255: 3
149, 110, 133, 255: 2
248, 213, 198, 255: 4
105, 54, 34, 255: 4
88, 213, 173, 255: 2
194, 94, 120, 255: 56
0, 27, 53, 255: 36
245, 209, 255, 255: 2
20, 93, 81, 255: 4
23, 18, 45, 255: 7
151, 204, 22, 255: 2
35, 251, 254, 255: 1
87, 19, 106, 255: 8
143, 137, 177, 255: 1
33, 145, 8, 255: 7
99, 169, 58, 255: 2
127, 66, 35, 255: 14
129, 176, 71, 255: 3
201, 236, 137, 255: 2
238, 177, 156, 255: 1
35, 53, 235, 255: 1
227, 146, 52, 255: 1
184, 119, 33, 255: 4
121, 68, 204, 255: 1
137, 20, 46, 255: 1
0, 118, 212, 255: 7
32, 255, 61, 255: 1
81, 109, 78, 255: 24
136, 14, 135, 255: 17
88, 30, 91, 255: 14
135, 184, 141, 255: 48
226, 135, 31, 255: 5
207, 19, 75, 255: 1
182, 89, 172, 255: 2
91, 145, 110, 255: 5
165, 190, 138, 255: 1
156, 146, 135, 255: 2
25, 74, 57, 255: 1
235, 44, 217, 255: 3
180, 219, 170, 255: 1
230, 217, 109, 255: 5
68, 184, 87, 255: 1
188, 125, 101, 255: 10
239, 79, 180, 255: 33
108, 242, 73, 255: 1
111, 68, 215, 255: 2
227, 189, 93, 255: 1
82, 255, 97, 255: 1
103, 8, 222, 255: 1
243, 106, 142, 255: 23
81, 84, 29, 255: 31
136, 87, 237, 255: 5
47, 143, 167, 255: 1
134, 130, 12, 255: 16
133, 165, 45, 255: 19
195, 249, 61, 255: 3
123, 9, 159, 255: 5
15, 35, 51, 255: 2
190, 183, 9, 255: 8
35, 157, 250, 255: 18
32, 224, 146, 255: 4
252, 179, 196, 255: 4
134, 255, 5, 255: 1
149, 166, 242, 255: 49
254, 111, 78, 255: 3
29, 104, 226, 255: 1
0, 40, 130, 255: 3
98, 108, 11, 255: 38
25, 29, 222, 255: 17
54, 211, 92, 255: 1
45, 229, 224, 255: 1
175, 124, 109, 255: 2
29, 209, 87, 255: 20
128, 60, 115, 255: 1
82, 121, 63, 255: 65
14, 133, 129, 255: 7
41, 63, 224, 255: 12
238, 127, 103, 255: 2
30, 31, 101, 255: 4
145, 159, 138, 255: 6
94, 248, 247, 255: 1
80, 130, 117, 255: 1
233, 255, 23, 255: 1
136, 25, 17, 255: 7
1, 252, 166, 255: 7
119, 143, 138, 255: 1
96, 216, 107, 255: 1
113, 90, 54, 255: 3
37, 145, 131, 255: 1
52, 198, 31, 255: 1
248, 10, 224, 255: 1
96, 31, 71, 255: 1
178, 240, 81, 255: 63
87, 81, 217, 255: 3
82, 71, 138, 255: 8
246, 1, 147, 255: 20
140, 244, 16, 255: 3
123, 188, 121, 255: 4
0, 154, 49, 255: 1
228, 235, 8, 255: 4
91, 149, 10, 255: 14
0, 208, 140, 255: 1395
136, 237, 167, 255: 61
40, 66, 160, 255: 2
197, 198, 191, 255: 2
35, 231, 234, 255: 13
0, 230, 82, 255: 1324
246, 140, 104, 255: 1
53, 251, 57, 255: 1186
95, 148, 215, 255: 8
92, 180, 226, 255: 2
164, 216, 148, 255: 1226
228, 198, 13, 255: 4
138, 255, 156, 255: 1
199, 27, 59, 255: 1
204, 159, 103, 255: 8
158, 178, 96, 255: 1
199, 232, 34, 255: 5
59, 89, 122, 255: 161
0, 32, 58, 255: 1341
33, 227, 212, 255: 9
58, 193, 17, 255: 3
196, 22, 58, 255: 1
237, 101, 89, 255: 23
179, 254, 203, 255: 1
159, 71, 60, 255: 244
197, 158, 68, 255: 31
79, 54, 168, 255: 7
229, 28, 227, 255: 1
182, 208, 189, 255: 3
22, 40, 188, 255: 1
92, 43, 50, 255: 8
37, 190, 84, 255: 2
232, 100, 68, 255: 1
8, 152, 136, 255: 2
239, 98, 255, 255: 1
86, 162, 17, 255: 2
92, 148, 211, 255: 1
36, 60, 55, 255: 9
142, 238, 118, 255: 27
130, 46, 125, 255: 9
27, 130, 47, 255: 41
243, 172, 160, 255: 2
249, 13, 69, 255: 24
92, 35, 131, 255: 3
75, 128, 49, 255: 1
254, 34, 168, 255: 1
250, 40, 11, 255: 1
0, 70, 127, 255: 1
27, 61, 183, 255: 19
242, 225, 214, 255: 1
0, 234, 31, 255: 2
0, 30, 222, 255: 1
197, 255, 185, 255: 2
142, 136, 58, 255: 7
82, 98, 150, 255: 1
0, 218, 60, 255: 470
234, 225, 176, 255: 1
85, 162, 97, 255: 3
46, 113, 135, 255: 1
37, 188, 27, 255: 16
190, 178, 175, 255: 8
179, 207, 150, 255: 1
82, 86, 168, 255: 1
168, 102, 109, 255: 1
242, 251, 162, 255: 22
138, 126, 255, 255: 21
234, 82, 248, 255: 20
243, 94, 205, 255: 18
5, 83, 115, 255: 1
123, 45, 193, 255: 11
200, 150, 50, 255: 2
144, 195, 251, 255: 1
108, 137, 215, 255: 1
230, 172, 121, 255: 4
241, 56, 169, 255: 32
110, 235, 155, 255: 2
40, 179, 129, 255: 4
28, 241, 54, 255: 2
184, 243, 21, 255: 20
146, 247, 255, 255: 1
247, 62, 57, 255: 1
245, 173, 245, 255: 7
189, 89, 115, 255: 6
255, 55, 139, 255: 1
86, 235, 165, 255: 15
50, 229, 1, 255: 4
34, 21, 137, 255: 1
114, 126, 88, 255: 191
248, 222, 199, 255: 1
0, 64, 10, 255: 2
130, 142, 103, 255: 41
230, 51, 130, 255: 1
113, 1, 97, 255: 16
233, 178, 5, 255: 4
244, 147, 128, 255: 1
224, 246, 254, 255: 2
56, 231, 147, 255: 1
81, 32, 39, 255: 7
76, 84, 97, 255: 1
78, 26, 156, 255: 5
113, 161, 18, 255: 1
142, 220, 180, 255: 102
239, 215, 209, 255: 1
216, 88, 244, 255: 25
35, 167, 189, 255: 2
144, 75, 169, 255: 4
192, 234, 38, 255: 4
0, 8, 135, 255: 1
74, 170, 154, 255: 3
0, 84, 117, 255: 33
88, 255, 6, 255: 1
199, 162, 170, 255: 14
196, 25, 158, 255: 26
180, 79, 251, 255: 3
32, 36, 9, 255: 3
141, 94, 189, 255: 1
149, 254, 44, 255: 31
140, 255, 192, 255: 1
232, 210, 192, 255: 13
101, 154, 222, 255: 9
185, 156, 56, 255: 1
118, 81, 193, 255: 2
193, 16, 72, 255: 1
51, 142, 200, 255: 3
35, 159, 14, 255: 5
255, 167, 141, 255: 1
34, 151, 83, 255: 10
90, 123, 252, 255: 14
209, 183, 46, 255: 1
176, 97, 251, 255: 7
87, 27, 25, 255: 19
188, 147, 39, 255: 1
31, 35, 8, 255: 2
243, 201, 99, 255: 1
85, 144, 178, 255: 10
35, 39, 232, 255: 1
94, 57, 56, 255: 2
33, 238, 233, 255: 2
111, 209, 43, 255: 21
146, 205, 172, 255: 1
108, 190, 202, 255: 2317
114, 39, 132, 255: 1
191, 6, 160, 255: 2
106, 149, 168, 255: 1
225, 149, 222, 255: 2
82, 74, 9, 255: 2
195, 150, 94, 255: 1
141, 210, 4, 255: 39
203, 10, 253, 255: 1
195, 110, 115, 255: 1
0, 199, 141, 255: 1
86, 225, 62, 255: 17
65, 164, 246, 255: 1
235, 28, 123, 255: 19
91, 255, 90, 255: 1
0, 122, 208, 255: 1049
140, 50, 236, 255: 37
242, 102, 159, 255: 5
26, 255, 0, 255: 1
144, 123, 184, 255: 1
114, 30, 110, 255: 7
210, 31, 214, 255: 6
0, 226, 202, 255: 4205
166, 251, 83, 255: 1
241, 255, 156, 255: 1
28, 30, 161, 255: 2
0, 231, 181, 255: 1
242, 102, 39, 255: 29
5, 152, 234, 255: 49
38, 82, 31, 255: 3
217, 131, 225, 255: 7
99, 255, 185, 255: 1
88, 81, 162, 255: 5
40, 1, 14, 255: 2
156, 113, 49, 255: 4
186, 185, 80, 255: 139
226, 71, 139, 255: 8
192, 45, 65, 255: 29
75, 235, 235, 255: 3
95, 69, 231, 255: 11
37, 229, 255, 255: 1
131, 86, 31, 255: 2
238, 227, 218, 255: 117
141, 182, 8, 255: 2
252, 99, 159, 255: 5
70, 62, 253, 255: 2
239, 184, 11, 255: 3
173, 127, 78, 255: 3
54, 101, 211, 255: 17
104, 232, 137, 255: 1
228, 82, 61, 255: 6
240, 125, 170, 255: 1
75, 51, 46, 255: 1
55, 140, 244, 255: 13
245, 240, 52, 255: 6
36, 166, 170, 255: 39
97, 41, 247, 255: 1
77, 74, 206, 255: 4
30, 62, 224, 255: 1
178, 203, 47, 255: 6
0, 231, 250, 255: 86
53, 69, 122, 255: 1
35, 235, 33, 255: 8
187, 34, 233, 255: 10
0, 207, 75, 255: 2
240, 37, 248, 255: 1
192, 197, 15, 255: 9
101, 124, 135, 255: 1
10, 157, 239, 255: 7
134, 194, 68, 255: 2
155, 208, 179, 255: 1
92, 124, 71, 255: 2
75, 42, 127, 255: 2
241, 2, 80, 255: 29
110, 106, 246, 255: 21
185, 249, 35, 255: 5
250, 99, 2, 255: 2
43, 13, 201, 255: 15
138, 192, 254, 255: 19
71, 88, 11, 255: 1
174, 236, 77, 255: 16
58, 201, 192, 255: 2
0, 210, 176, 255: 109
82, 151, 22, 255: 9
133, 250, 38, 255: 7
83, 240, 235, 255: 2
34, 174, 5, 255: 2
205, 7, 53, 255: 1
0, 235, 53, 255: 26
81, 23, 84, 255: 191
128, 107, 15, 255: 1
208, 208, 213, 255: 2
235, 41, 244, 255: 43
76, 202, 12, 255: 1
199, 212, 197, 255: 5
197, 72, 110, 255: 11
40, 6, 255, 255: 16
204, 255, 234, 255: 3
197, 231, 124, 255: 6
136, 96, 238, 255: 1
41, 255, 146, 255: 6
0, 254, 184, 255: 1
231, 173, 122, 255: 1
253, 100, 160, 255: 6
146, 190, 251, 255: 7
5, 107, 128, 255: 1
89, 255, 216, 255: 1
230, 97, 183, 255: 20
235, 181, 109, 255: 4
131, 23, 21, 255: 4
35, 72, 255, 255: 22
73, 70, 202, 255: 2
86, 153, 217, 255: 19
0, 99, 9, 255: 15
0, 91, 222, 255: 117
0, 150, 198, 255: 2459
191, 91, 117, 255: 23
217, 109, 185, 255: 2
192, 149, 81, 255: 16
141, 168, 143, 255: 11
41, 228, 65, 255: 127
91, 156, 130, 255: 3
133, 26, 135, 255: 1
83, 113, 42, 255: 1
1, 142, 156, 255: 1
220, 114, 32, 255: 3
0, 2, 230, 255: 2
193, 213, 91, 255: 8
0, 50, 209, 255: 17
81, 203, 82, 255: 1
195, 253, 226, 255: 5
255, 7, 118, 255: 1
228, 178, 38, 255: 3
205, 152, 185, 255: 4
35, 207, 21, 255: 2
234, 165, 79, 255: 7
49, 255, 114, 255: 1
37, 45, 99, 255: 18
100, 104, 40, 255: 1
91, 137, 191, 255: 5
98, 163, 239, 255: 8
159, 80, 235, 255: 24
202, 202, 207, 255: 20
90, 192, 254, 255: 3
142, 236, 18, 255: 18
3, 45, 80, 255: 102
13, 130, 26, 255: 1
213, 177, 145, 255: 2417
92, 18, 139, 255: 1
243, 191, 99, 255: 26
71, 32, 14, 255: 1
0, 20, 126, 255: 7
249, 184, 112, 255: 14
174, 93, 184, 255: 1
238, 118, 231, 255: 6
246, 15, 4, 255: 9
89, 148, 182, 255: 23
34, 201, 202, 255: 64
141, 255, 112, 255: 1
91, 25, 211, 255: 10
0, 180, 148, 255: 41
179, 156, 42, 255: 1
36, 255, 252, 255: 1
214, 229, 171, 255: 8
0, 199, 255, 255: 62
190, 169, 237, 255: 3
0, 215, 92, 255: 4
0, 165, 1, 255: 157
20, 175, 65, 255: 3
239, 73, 107, 255: 16
133, 190, 94, 255: 3
241, 134, 243, 255: 22
199, 185, 83, 255: 2
75, 150, 243, 255: 18
2, 42, 18, 255: 2
165, 122, 171, 255: 1
42, 68, 162, 255: 2
237, 255, 235, 255: 4
36, 76, 47, 255: 28
204, 132, 245, 255: 28
37, 104, 126, 255: 13
233, 73, 174, 255: 24
48, 42, 117, 255: 1
228, 170, 119, 255: 3
247, 47, 254, 255: 1
60, 121, 82, 255: 1
186, 33, 232, 255: 10
32, 254, 70, 255: 12
94, 255, 230, 255: 1
88, 52, 255, 255: 27
229, 0, 52, 255: 2
57, 200, 191, 255: 1
33, 16, 81, 255: 6
242, 247, 25, 255: 2
123, 125, 76, 255: 8
40, 64, 255, 255: 1
243, 33, 4, 255: 4
84, 193, 66, 255: 1
70, 100, 131, 255: 2
148, 5, 116, 255: 3
0, 93, 234, 255: 1
0, 184, 73, 255: 44
237, 13, 133, 255: 2
240, 221, 45, 255: 17
149, 108, 169, 255: 1
175, 132, 181, 255: 8
96, 4, 85, 255: 1
108, 118, 237, 255: 134
197, 173, 24, 255: 1
91, 255, 112, 255: 1
202, 61, 123, 255: 4
145, 27, 126, 255: 35
45, 111, 78, 255: 1
144, 52, 67, 255: 3
168, 160, 209, 255: 51
223, 115, 190, 255: 2
240, 64, 124, 255: 5
81, 7, 92, 255: 3
254, 222, 49, 255: 6
88, 143, 163, 255: 3
226, 188, 92, 255: 1
240, 196, 255, 255: 1
113, 10, 171, 255: 37
35, 157, 96, 255: 2
255, 8, 85, 255: 1
56, 84, 57, 255: 1
178, 135, 31, 255: 2
28, 46, 193, 255: 1
21, 44, 158, 255: 11
44, 41, 213, 255: 1
0, 230, 150, 255: 8
141, 223, 233, 255: 3
128, 40, 214, 255: 9
139, 255, 167, 255: 3
95, 250, 28, 255: 7
32, 255, 165, 255: 2
139, 143, 255, 255: 15
77, 130, 205, 255: 2
247, 112, 246, 255: 2
61, 100, 43, 255: 3
179, 10, 131, 255: 15
0, 182, 151, 255: 1
40, 72, 132, 255: 1
98, 71, 60, 255: 2
60, 21, 3, 255: 47
72, 127, 44, 255: 3
0, 191, 15, 255: 1
40, 34, 109, 255: 16
188, 113, 25, 255: 8
248, 242, 241, 255: 1
227, 146, 205, 255: 1
230, 41, 249, 255: 2
28, 228, 26, 255: 85
194, 176, 249, 255: 14
147, 95, 121, 255: 16
0, 187, 199, 255: 3092
187, 249, 90, 255: 22
95, 107, 108, 255: 6
235, 152, 113, 255: 1
95, 232, 153, 255: 2
231, 201, 16, 255: 11
236, 255, 95, 255: 1
207, 66, 128, 255: 4
39, 83, 32, 255: 3
205, 117, 152, 255: 7
87, 233, 65, 255: 43
248, 155, 252, 255: 2
36, 69, 111, 255: 1
233, 11, 166, 255: 2
152, 180, 10, 255: 7
12, 65, 108, 255: 25
0, 110, 251, 255: 1
141, 169, 255, 255: 2
143, 131, 240, 255: 2
97, 5, 86, 255: 1
64, 37, 27, 255: 2
45, 61, 26, 255: 3
240, 233, 202, 255: 12
131, 26, 224, 255: 2
195, 173, 160, 255: 21
236, 255, 23, 255: 6
0, 138, 20, 255: 4
31, 153, 246, 255: 53
106, 223, 232, 255: 5
32, 208, 35, 255: 1
210, 113, 197, 255: 1185
75, 111, 211, 255: 2
62, 56, 91, 255: 7
236, 2, 10, 255: 3
187, 37, 78, 255: 31
47, 157, 135, 255: 1
0, 224, 166, 255: 57
226, 120, 38, 255: 1
194, 59, 190, 255: 2
133, 143, 5, 255: 61
38, 5, 95, 255: 14
210, 212, 20, 255: 1
187, 61, 244, 255: 5
169, 163, 54, 255: 1
255, 56, 255, 255: 12
69, 173, 221, 255: 1
34, 64, 136, 255: 3
228, 10, 96, 255: 2
189, 23, 123, 255: 3
140, 161, 67, 255: 5
0, 193, 214, 255: 48
0, 27, 151, 255: 1
89, 201, 207, 255: 1
185, 202, 135, 255: 3
89, 103, 159, 255: 2
20, 173, 220, 255: 3
247, 242, 54, 255: 2
92, 77, 94, 255: 2
129, 33, 40, 255: 6
41, 200, 206, 255: 15
22, 54, 78, 255: 30
29, 111, 147, 255: 3
47, 154, 188, 255: 24
125, 97, 119, 255: 2
241, 177, 160, 255: 10
34, 156, 249, 255: 44
159, 83, 223, 255: 1
0, 99, 72, 255: 2
173, 118, 159, 255: 6
23, 140, 36, 255: 6
93, 38, 197, 255: 3
84, 54, 99, 255: 2
135, 255, 70, 255: 3
79, 220, 147, 255: 1
0, 64, 245, 255: 2
196, 65, 26, 255: 12
35, 130, 136, 255: 5
244, 255, 215, 255: 1
235, 160, 32, 255: 3
34, 175, 107, 255: 1
186, 59, 255, 255: 4
74, 146, 140, 255: 7
139, 113, 233, 255: 1
80, 6, 245, 255: 39
236, 120, 28, 255: 81
139, 16, 47, 255: 1
132, 253, 11, 255: 1
74, 49, 9, 255: 1
195, 216, 112, 255: 1
0, 211, 211, 255: 3
69, 138, 35, 255: 1
86, 210, 152, 255: 2
82, 199, 137, 255: 25
83, 179, 209, 255: 2
231, 31, 238, 255: 1
94, 73, 47, 255: 3
0, 252, 216, 255: 37
107, 172, 106, 255: 44
0, 111, 128, 255: 5
248, 177, 28, 255: 6
33, 204, 219, 255: 5
57, 238, 6, 255: 1
43, 255, 242, 255: 1
44, 121, 226, 255: 1
187, 89, 68, 255: 15
90, 152, 28, 255: 28
44, 83, 146, 255: 3
239, 121, 222, 255: 16
43, 230, 67, 255: 74
106, 63, 210, 255: 1
0, 163, 132, 255: 2
44, 255, 115, 255: 1
162, 46, 205, 255: 2271
82, 79, 211, 255: 8
83, 252, 18, 255: 2
218, 217, 183, 255: 18
28, 123, 129, 255: 23
91, 12, 99, 255: 1
113, 205, 226, 255: 79
184, 35, 212, 255: 1
54, 7, 118, 255: 1
164, 5, 101, 255: 1
110, 95, 72, 255: 1
151, 52, 72, 255: 14
234, 22, 48, 255: 49
242, 168, 177, 255: 9
195, 99, 255, 255: 2
221, 154, 168, 255: 1
189, 62, 2, 255: 19
79, 255, 169, 255: 1
191, 255, 62, 255: 8
249, 151, 26, 255: 4
177, 147, 176, 255: 5
249, 134, 179, 255: 3
44, 64, 229, 255: 1
43, 65, 226, 255: 27
178, 25, 224, 255: 1
21, 69, 171, 255: 7
187, 64, 90, 255: 3
37, 111, 236, 255: 4
0, 193, 13, 255: 2
255, 79, 49, 255: 1
126, 18, 237, 255: 1
18, 187, 31, 255: 13
209, 15, 219, 255: 48
84, 131, 19, 255: 36
164, 35, 60, 255: 2
151, 141, 233, 255: 1
211, 9, 46, 255: 4
241, 125, 68, 255: 8
127, 60, 216, 255: 18
197, 165, 105, 255: 3
145, 177, 57, 255: 2
0, 69, 24, 255: 149
87, 189, 148, 255: 4
55, 8, 79, 255: 67
99, 81, 255, 255: 3
86, 206, 123, 255: 2
131, 183, 44, 255: 5
93, 229, 198, 255: 1
184, 191, 253, 255: 24
138, 255, 62, 255: 3
39, 151, 14, 255: 1
241, 39, 75, 255: 9
159, 63, 141, 255: 3068
238, 18, 152, 255: 7
55, 24, 173, 255: 3
103, 104, 96, 255: 2
137, 215, 175, 255: 11
26, 173, 152, 255: 5
0, 34, 191, 255: 8
27, 207, 85, 255: 24
183, 69, 5, 255: 5
145, 229, 220, 255: 1
127, 49, 232, 255: 2
54, 76, 237, 255: 1
0, 153, 10, 255: 1
50, 248, 93, 255: 4
136, 146, 44, 255: 14
44, 2, 79, 255: 1
230, 213, 100, 255: 11
197, 110, 133, 255: 1
148, 207, 174, 255: 1
81, 128, 16, 255: 20
0, 144, 218, 255: 3
187, 169, 123, 255: 1
196, 214, 140, 255: 3
102, 51, 70, 255: 28
245, 230, 135, 255: 7
19, 202, 178, 255: 3
133, 196, 66, 255: 11
210, 144, 29, 255: 1
140, 52, 80, 255: 3
249, 47, 185, 255: 1
0, 229, 248, 255: 38
240, 227, 230, 255: 2
92, 246, 245, 255: 2
186, 159, 31, 255: 25
130, 241, 207, 255: 1
227, 240, 82, 255: 8
84, 161, 255, 255: 21
39, 163, 171, 255: 2
31, 126, 14, 255: 2
41, 124, 15, 255: 3
162, 234, 86, 255: 4861
235, 105, 135, 255: 1
243, 101, 196, 255: 1
24, 182, 17, 255: 3
25, 7, 157, 255: 8
28, 233, 135, 255: 7
194, 215, 111, 255: 3
139, 17, 102, 255: 11
150, 86, 85, 255: 1
144, 13, 235, 255: 9
0, 132, 5, 255: 55
0, 51, 210, 255: 7
54, 172, 175, 255: 75
17, 169, 192, 255: 1
177, 97, 150, 255: 1
91, 1, 44, 255: 6
35, 254, 74, 255: 1
143, 160, 236, 255: 21
246, 132, 138, 255: 3
169, 175, 74, 255: 13
157, 44, 45, 255: 24
167, 127, 147, 255: 1
54, 78, 42, 255: 1
0, 222, 30, 255: 15
186, 99, 189, 255: 1
16, 50, 174, 255: 2
132, 197, 130, 255: 19
142, 216, 162, 255: 13
0, 209, 209, 255: 1
0, 52, 254, 255: 77
24, 136, 255, 255: 1
254, 151, 85, 255: 3
145, 145, 144, 255: 19
142, 94, 171, 255: 10
19, 178, 74, 255: 1
194, 197, 99, 255: 2
195, 35, 178, 255: 14
239, 15, 33, 255: 4
153, 178, 165, 255: 5
195, 255, 246, 255: 1
49, 95, 245, 255: 23
38, 80, 114, 255: 12
133, 242, 83, 255: 111
250, 5, 151, 255: 13
90, 216, 73, 255: 1
185, 214, 175, 255: 7
179, 75, 241, 255: 23
32, 119, 214, 255: 5
140, 121, 200, 255: 36
205, 122, 226, 255: 3
243, 138, 54, 255: 12
245, 201, 139, 255: 3
252, 99, 57, 255: 6
40, 203, 153, 255: 6
101, 94, 22, 255: 4
250, 255, 172, 255: 1
0, 179, 216, 255: 1
255, 186, 255, 255: 24
94, 150, 213, 255: 1
126, 28, 0, 255: 23
0, 164, 98, 255: 2
139, 147, 210, 255: 2
77, 89, 200, 255: 52
145, 133, 255, 255: 4
79, 24, 91, 255: 2
236, 110, 44, 255: 23
243, 246, 225, 255: 14
0, 138, 178, 255: 6
0, 97, 238, 255: 2
199, 66, 39, 255: 3
28, 225, 216, 255: 19
225, 119, 37, 255: 8
56, 53, 186, 255: 4
46, 38, 116, 255: 1
132, 79, 251, 255: 14
199, 91, 206, 255: 46
244, 24, 21, 255: 10
44, 168, 176, 255: 1
244, 255, 133, 255: 2
188, 156, 96, 255: 1
180, 76, 242, 255: 25
33, 188, 180, 255: 36
198, 189, 28, 255: 13
47, 251, 165, 255: 5
194, 206, 209, 255: 2
232, 222, 94, 255: 1
127, 31, 38, 255: 4
26, 91, 14, 255: 3
114, 214, 146, 255: 29
253, 215, 230, 255: 11
251, 20, 119, 255: 1
207, 242, 245, 255: 4
0, 248, 246, 255: 1
129, 211, 221, 255: 76
93, 252, 9, 255: 67
168, 80, 69, 255: 11
175, 165, 114, 255: 11
205, 78, 120, 255: 1
137, 224, 47, 255: 1
185, 209, 101, 255: 2
53, 102, 54, 255: 33
189, 218, 179, 255: 15
90, 141, 110, 255: 1
141, 14, 255, 255: 22
242, 30, 56, 255: 4
44, 51, 225, 255: 1
86, 232, 64, 255: 45
138, 27, 255, 255: 1
161, 189, 234, 255: 6
244, 251, 174, 255: 2
189, 70, 177, 255: 32
29, 55, 10, 255: 17
185, 5, 228, 255: 1
195, 255, 111, 255: 6
39, 20, 243, 255: 2
0, 85, 84, 255: 1190
18, 47, 229, 255: 1
35, 69, 38, 255: 3
192, 8, 115, 255: 4
137, 37, 140, 255: 8
0, 201, 31, 255: 1
39, 33, 108, 255: 7
172, 197, 144, 255: 1
89, 103, 56, 255: 6
205, 202, 109, 255: 8
248, 130, 239, 255: 1
24, 196, 9, 255: 1
86, 158, 35, 255: 5
39, 92, 54, 255: 5
43, 22, 109, 255: 5
191, 149, 216, 255: 7
125, 250, 67, 255: 1
114, 212, 46, 255: 2
91, 0, 8, 255: 10
54, 21, 111, 255: 2
151, 184, 236, 255: 1
89, 176, 40, 255: 42
26, 46, 62, 255: 21
90, 231, 13, 255: 1
24, 89, 166, 255: 3
83, 255, 82, 255: 8
219, 113, 31, 255: 7
90, 78, 219, 255: 1
193, 185, 232, 255: 4
233, 121, 43, 255: 1
125, 240, 47, 255: 5
231, 148, 144, 255: 2
31, 206, 118, 255: 38
33, 220, 57, 255: 2
142, 250, 139, 255: 2
0, 89, 53, 255: 7
123, 142, 170, 255: 3
33, 169, 242, 255: 13
115, 39, 30, 255: 111
108, 68, 211, 255: 2
244, 198, 38, 255: 3
24, 207, 30, 255: 1
97, 218, 164, 255: 2
83, 238, 16, 255: 4
0, 97, 228, 255: 9
152, 100, 126, 255: 17
14, 20, 159, 255: 1
75, 160, 6, 255: 2
117, 209, 230, 255: 2
246, 255, 255, 255: 2
227, 254, 203, 255: 3
185, 19, 119, 255: 2
54, 111, 230, 255: 3
236, 20, 205, 255: 18
243, 255, 51, 255: 1
192, 215, 191, 255: 7
73, 65, 36, 255: 1
75, 246, 220, 255: 37
190, 59, 20, 255: 23
187, 91, 204, 255: 4
174, 194, 72, 255: 1
133, 105, 9, 255: 2
246, 111, 73, 255: 1
25, 208, 31, 255: 1
120, 227, 226, 255: 1
129, 183, 209, 255: 2
199, 209, 224, 255: 1
82, 114, 61, 255: 2
227, 47, 127, 255: 1
133, 215, 5, 255: 6
137, 48, 186, 255: 1
183, 22, 18, 255: 2
186, 236, 69, 255: 2
51, 180, 232, 255: 4
152, 160, 70, 255: 25
68, 228, 193, 255: 2
85, 54, 202, 255: 63
85, 66, 2, 255: 1
6, 20, 224, 255: 119
131, 105, 225, 255: 19
36, 43, 255, 255: 25
194, 190, 251, 255: 2
137, 32, 129, 255: 4
226, 143, 206, 255: 1
82, 249, 173, 255: 5
177, 118, 192, 255: 3
10, 225, 102, 255: 18
238, 30, 173, 255: 4
124, 243, 95, 255: 1
177, 178, 135, 255: 18
194, 57, 206, 255: 1
193, 114, 12, 255: 6
195, 164, 241, 255: 69
92, 176, 61, 255: 9
128, 171, 86, 255: 7
82, 0, 210, 255: 2
180, 99, 155, 255: 15
0, 60, 70, 255: 1
54, 172, 214, 255: 2
0, 152, 201, 255: 3386
73, 233, 198, 255: 13
87, 249, 159, 255: 14
245, 247, 54, 255: 6
132, 79, 215, 255: 7
42, 255, 205, 255: 1
202, 245, 159, 255: 2
245, 191, 0, 255: 1
187, 1, 45, 255: 23
76, 247, 221, 255: 49
245, 14, 3, 255: 8
97, 8, 188, 255: 13
161, 101, 176, 255: 8
82, 123, 163, 255: 59
230, 53, 231, 255: 2
16, 202, 124, 255: 1
60, 13, 84, 255: 1153
171, 9, 160, 255: 1
214, 186, 65, 255: 173
0, 234, 218, 255: 58
191, 31, 174, 255: 2
142, 138, 20, 255: 1
243, 160, 3, 255: 17
93, 0, 201, 255: 9
103, 201, 74, 255: 2
209, 118, 15, 255: 1
25, 76, 55, 255: 1
241, 125, 33, 255: 18
82, 253, 7, 255: 10
71, 132, 93, 255: 1
38, 92, 134, 255: 9
224, 141, 102, 255: 3
193, 219, 200, 255: 21
16, 1, 19, 255: 1
8, 172, 76, 255: 1
34, 121, 98, 255: 4
88, 255, 123, 255: 4
219, 142, 146, 255: 3
255, 23, 144, 255: 2
245, 70, 10, 255: 7
33, 92, 238, 255: 19
139, 182, 71, 255: 2
36, 227, 115, 255: 3
125, 12, 198, 255: 1
141, 14, 203, 255: 38
169, 79, 225, 255: 1
134, 179, 193, 255: 4
151, 231, 136, 255: 1
224, 106, 171, 255: 6
196, 14, 139, 255: 8
21, 182, 140, 255: 1
251, 59, 24, 255: 15
139, 174, 25, 255: 1
134, 12, 133, 255: 10
147, 196, 153, 255: 4
187, 146, 38, 255: 1
142, 196, 2, 255: 21
38, 7, 85, 255: 20
85, 52, 255, 255: 2
140, 231, 170, 255: 1
98, 149, 16, 255: 1
84, 101, 255, 255: 17
3, 205, 102, 255: 9
190, 158, 255, 255: 7
108, 216, 99, 255: 1
0, 40, 10, 255: 8
3, 100, 91, 255: 2
104, 128, 98, 255: 1
17, 186, 30, 255: 1
76, 164, 237, 255: 8
19, 1, 48, 255: 1
118, 196, 109, 255: 1
181, 218, 71, 255: 16
51, 18, 108, 255: 5
33, 253, 143, 255: 3
135, 202, 234, 255: 4
34, 189, 181, 255: 31
232, 251, 135, 255: 5
87, 146, 43, 255: 13
187, 116, 181, 255: 29
130, 245, 190, 255: 11
126, 171, 185, 255: 3
137, 40, 149, 255: 2
94, 241, 245, 255: 3
231, 242, 215, 255: 1
46, 129, 173, 255: 5
28, 23, 50, 255: 13
249, 98, 146, 255: 4
91, 39, 40, 255: 3
93, 50, 236, 255: 17
143, 145, 132, 255: 3
0, 199, 186, 255: 4
242, 204, 108, 255: 7
249, 46, 1, 255: 2
0, 251, 92, 255: 1
5, 212, 178, 255: 68
194, 255, 146, 255: 5
243, 41, 179, 255: 4
38, 248, 55, 255: 12
195, 255, 241, 255: 1
9, 211, 108, 255: 13
22, 169, 148, 255: 2
0, 151, 97, 255: 1
61, 226, 235, 255: 1
152, 152, 151, 255: 14
233, 13, 231, 255: 5
41, 239, 84, 255: 18
144, 33, 128, 255: 4
235, 169, 242, 255: 5
34, 126, 34, 255: 2
232, 98, 104, 255: 1
235, 97, 255, 255: 12
244, 85, 222, 255: 27
0, 5, 67, 255: 18
30, 163, 137, 255: 1
133, 160, 99, 255: 10
98, 20, 208, 255: 30
41, 187, 213, 255: 1
241, 64, 161, 255: 1
0, 49, 251, 255: 58
237, 253, 39, 255: 30
23, 82, 90, 255: 1
18, 171, 218, 255: 1
144, 248, 255, 255: 24
238, 79, 216, 255: 8
196, 134, 145, 255: 5
190, 121, 102, 255: 2
131, 155, 124, 255: 2
107, 136, 214, 255: 1
73, 148, 87, 255: 3
157, 8, 114, 255: 1
232, 193, 62, 255: 31
164, 40, 31, 255: 83
195, 191, 252, 255: 3
241, 146, 145, 255: 8
37, 8, 148, 255: 30
117, 254, 81, 255: 1
239, 27, 89, 255: 1
181, 9, 124, 255: 6
221, 7, 226, 255: 1
179, 15, 41, 255: 4
38, 229, 117, 255: 5
81, 200, 236, 255: 7
92, 16, 39, 255: 1
200, 2, 231, 255: 1
42, 255, 91, 255: 1
55, 121, 191, 255: 4
34, 22, 19, 255: 38
42, 78, 219, 255: 35
240, 75, 108, 255: 18
129, 2, 19, 255: 9
50, 8, 188, 255: 16
253, 253, 108, 255: 1
18, 214, 170, 255: 2
242, 243, 123, 255: 7
196, 225, 49, 255: 4
138, 200, 35, 255: 2
0, 228, 247, 255: 25
100, 208, 90, 255: 21
0, 150, 66, 255: 4
53, 210, 206, 255: 1
91, 230, 169, 255: 1
127, 219, 239, 255: 10
90, 204, 155, 255: 20
193, 50, 94, 255: 1
