91, 135, 17, 255: 5
242, 20, 175, 255: 4
243, 181, 79, 255: 1
248, 113, 247, 255: 2
161, 76, 163, 255: 15
0, 71, 60, 255: 1944
234, 211, 158, 255: 5
255, 56, 106, 255: 1
134, 168, 147, 255: 1
96, 114, 81, 255: 1
247, 207, 123, 255: 82319
88, 242, 241, 255: 18
0, 75, 73, 255: 682
227, 191, 158, 255: 10
63, 220, 62, 255: 4
128, 215, 38, 255: 9
41, 91, 82, 255: 10
9, 131, 225, 255: 97
138, 93, 11, 255: 2
198, 182, 165, 255: 2
86, 188, 214, 255: 2
150, 90, 205, 255: 14
57, 161, 184, 255: 1
100, 175, 150, 255: 1
139, 201, 138, 255: 1
0, 85, 250, 255: 49
7, 172, 72, 255: 3
240, 7, 161, 255: 2
190, 203, 188, 255: 2
154, 113, 109, 255: 1
0, 208, 71, 255: 2
194, 162, 67, 255: 5
219, 240, 224, 255: 1
244, 32, 58, 255: 2
127, 65, 189, 255: 2
232, 80, 246, 255: 17
35, 255, 119, 255: 3
122, 149, 88, 255: 1
83, 67, 91, 255: 3
71, 22, 249, 255: 4
0, 123, 153, 255: 4
218, 162, 211, 255: 1073
255, 164, 104, 255: 2
241, 30, 74, 255: 6
178, 77, 249, 255: 3
43, 46, 31, 255: 18
208, 20, 76, 255: 1
246, 32, 106, 255: 5
43, 130, 107, 255: 2
0, 240, 72, 255: 5
40, 229, 164, 255: 11
142, 156, 135, 255: 5
193, 64, 255, 255: 11
255, 83, 53, 255: 1
233, 169, 152, 255: 10
241, 145, 8, 255: 4
149, 34, 78, 255: 1
96, 221, 181, 255: 43
30, 50, 66, 255: 8
109, 130, 2, 255: 126
146, 60, 179, 255: 4
34, 244, 154, 255: 2
43, 235, 4, 255: 2
109, 85, 151, 255: 2
193, 222, 183, 255: 19
140, 29, 21, 255: 2
224, 23, 84, 255: 1
214, 32, 245, 255: 11
45, 155, 30, 255: 26
161, 120, 116, 255: 32
235, 89, 103, 255: 4
148, 81, 255, 255: 2
141, 39, 44, 255: 6
138, 138, 137, 255: 2
142, 87, 15, 255: 6
91, 255, 7, 255: 3
143, 159, 217, 255: 1
194, 255, 20, 255: 1
187, 57, 154, 255: 6
229, 234, 11, 255: 2
247, 255, 130, 255: 1
224, 108, 16, 255: 3
250, 220, 146, 255: 48
249, 27, 182, 255: 1
82, 16, 166, 255: 81
0, 136, 107, 255: 14
87, 53, 48, 255: 2
83, 194, 166, 255: 1
126, 103, 66, 255: 7
77, 248, 2, 255: 1
189, 72, 21, 255: 6
0, 153, 202, 255: 1374
19, 240, 82, 255: 1
45, 146, 111, 255: 10
225, 65, 65, 255: 4
198, 10, 66, 255: 139
74, 104, 135, 255: 17
191, 184, 112, 255: 1
149, 38, 169, 255: 1
244, 255, 228, 255: 9
82, 96, 49, 255: 77
128, 153, 30, 255: 1
238, 56, 11, 255: 3
27, 147, 177, 255: 3
88, 245, 240, 255: 5
197, 165, 70, 255: 1
43, 255, 31, 255: 3
31, 110, 57, 255: 2
198, 151, 150, 255: 18
189, 63, 93, 255: 8
105, 151, 11, 255: 1
175, 184, 53, 255: 3
231, 50, 66, 255: 1
142, 254, 194, 255: 4
84, 8, 184, 255: 21
0, 158, 173, 255: 1
86, 255, 38, 255: 5
89, 185, 215, 255: 27
194, 239, 105, 255: 1
29, 149, 179, 255: 12
0, 245, 243, 255: 1
140, 48, 216, 255: 4
33, 18, 174, 255: 11
207, 242, 143, 255: 1
52, 93, 134, 255: 1
245, 203, 204, 255: 4
114, 25, 164, 255: 13
179, 70, 75, 255: 4
228, 63, 122, 255: 2
132, 51, 100, 255: 4
245, 64, 37, 255: 8
193, 175, 95, 255: 3
136, 27, 220, 255: 10
95, 251, 165, 255: 1
42, 231, 166, 255: 11
88, 227, 64, 255: 22
136, 202, 153, 255: 9
198, 123, 138, 255: 9
6, 70, 251, 255: 1
75, 128, 238, 255: 2
53, 6, 117, 255: 2
234, 255, 164, 255: 1
85, 125, 239, 255: 2
0, 251, 246, 255: 1
28, 255, 115, 255: 2
0, 255, 71, 255: 1
142, 137, 195, 255: 2
181, 248, 193, 255: 7
239, 131, 206, 255: 29
83, 75, 148, 255: 2
85, 189, 131, 255: 2
48, 76, 152, 255: 1
0, 235, 32, 255: 3
184, 251, 196, 255: 8
36, 17, 240, 255: 7
78, 106, 39, 255: 14
177, 156, 131, 255: 6
83, 167, 189, 255: 1
181, 146, 209, 255: 1
141, 57, 239, 255: 5
89, 53, 132, 255: 6
23, 168, 186, 255: 1
240, 184, 78, 255: 1
236, 217, 41, 255: 18
190, 213, 189, 255: 10
40, 152, 82, 255: 1
236, 231, 35, 255: 2
181, 88, 7, 255: 1
86, 150, 13, 255: 1
43, 89, 137, 255: 1
178, 80, 94, 255: 1
139, 248, 89, 255: 34
222, 56, 91, 255: 1
184, 8, 26, 255: 117
193, 255, 28, 255: 7
133, 236, 184, 255: 1
224, 55, 246, 255: 1
142, 232, 153, 255: 2
224, 125, 110, 255: 4
43, 94, 176, 255: 1
89, 107, 177, 255: 29
239, 255, 96, 255: 2
183, 200, 133, 255: 4
14, 249, 46, 255: 27
181, 234, 165, 255: 54
0, 172, 17, 255: 65
97, 68, 131, 255: 1
243, 51, 16, 255: 8
183, 49, 132, 255: 2
0, 146, 186, 255: 1
0, 85, 49, 255: 7
31, 128, 233, 255: 1
115, 58, 225, 255: 39
0, 0, 28, 255: 2109
245, 239, 255, 255: 5
34, 49, 98, 255: 4
88, 130, 206, 255: 2
0, 103, 213, 255: 3
39, 239, 72, 255: 2
178, 88, 13, 255: 2
33, 137, 191, 255: 2
208, 75, 163, 255: 41
248, 177, 165, 255: 1
238, 9, 255, 255: 22
80, 172, 122, 255: 4
18, 228, 35, 255: 1
157, 80, 118, 255: 1
189, 42, 62, 255: 19
191, 44, 183, 255: 5
175, 104, 169, 255: 2
190, 10, 233, 255: 12
238, 249, 2, 255: 1
0, 175, 212, 255: 4
192, 96, 209, 255: 3
128, 9, 90, 255: 5
140, 31, 224, 255: 9
90, 178, 224, 255: 3
88, 108, 130, 255: 1
136, 22, 172, 255: 3
128, 89, 76, 255: 3
112, 240, 2, 255: 3
242, 95, 202, 255: 35
32, 244, 69, 255: 2
184, 238, 14, 255: 1
98, 88, 173, 255: 1
138, 167, 240, 255: 14
111, 181, 184, 255: 1
0, 71, 159, 255: 38
10, 121, 206, 255: 89
0, 148, 30, 255: 3
132, 169, 118, 255: 63
52, 63, 62, 255: 2
39, 130, 85, 255: 29
147, 105, 29, 255: 1
41, 104, 75, 255: 8
203, 244, 60, 255: 1
30, 150, 144, 255: 60
24, 166, 178, 255: 3
145, 93, 119, 255: 6
0, 42, 12, 255: 2
149, 141, 75, 255: 1
44, 255, 218, 255: 1
0, 174, 88, 255: 1
130, 237, 236, 255: 37
149, 193, 254, 255: 2
41, 33, 111, 255: 2
95, 149, 114, 255: 8
31, 206, 154, 255: 2
0, 19, 189, 255: 2
91, 67, 71, 255: 1
0, 130, 135, 255: 1791
142, 162, 80, 255: 1
0, 89, 185, 255: 18
55, 190, 53, 255: 1
97, 71, 233, 255: 3
184, 74, 91, 255: 1
195, 255, 55, 255: 1
196, 255, 231, 255: 1
187, 133, 20, 255: 6
0, 181, 184, 255: 1
230, 164, 237, 255: 2
46, 205, 74, 255: 1
109, 226, 19, 255: 1
96, 136, 250, 255: 1
142, 200, 112, 255: 1
13, 91, 123, 255: 3
31, 48, 93, 255: 4
189, 116, 118, 255: 10
249, 12, 152, 255: 2
43, 102, 248, 255: 3
255, 145, 95, 255: 1
186, 133, 192, 255: 1
58, 115, 234, 255: 9
184, 67, 16, 255: 1
45, 17, 74, 255: 2
234, 176, 125, 255: 2
255, 41, 171, 255: 1
83, 120, 8, 255: 1
82, 121, 255, 255: 1
0, 12, 19, 255: 2
177, 131, 82, 255: 16
250, 245, 57, 255: 2
28, 181, 110, 255: 4
230, 255, 81, 255: 1
148, 123, 134, 255: 2
30, 179, 176, 255: 1
213, 174, 44, 255: 30
0, 115, 102, 255: 3
196, 239, 51, 255: 8
129, 139, 1, 255: 54
85, 44, 218, 255: 128
83, 254, 8, 255: 6
102, 192, 154, 255: 7
44, 150, 11, 255: 1
94, 200, 240, 255: 87
97, 74, 180, 255: 4
35, 67, 127, 255: 13
90, 88, 66, 255: 14
145, 73, 255, 255: 48
245, 92, 152, 255: 1
163, 224, 66, 255: 33
0, 58, 191, 255: 4
87, 255, 144, 255: 2
83, 170, 115, 255: 1
135, 255, 95, 255: 5
1, 29, 252, 255: 1
237, 223, 208, 255: 2
0, 52, 32, 255: 4
0, 238, 99, 255: 1
241, 115, 151, 255: 6
251, 197, 126, 255: 1
140, 220, 22, 255: 5
195, 199, 171, 255: 3
172, 23, 129, 255: 1
196, 109, 132, 255: 5
13, 170, 6, 255: 4
33, 32, 3, 255: 49
15, 43, 201, 255: 909
231, 197, 6, 255: 2
253, 100, 58, 255: 4
32, 124, 134, 255: 2
247, 77, 60, 255: 5
2, 201, 40, 255: 1
191, 132, 241, 255: 10
134, 114, 21, 255: 3
214, 213, 179, 255: 12
77, 255, 231, 255: 1
156, 189, 87, 255: 2
45, 74, 230, 255: 1
42, 101, 212, 255: 1
38, 76, 59, 255: 14
39, 42, 130, 255: 1
96, 147, 116, 255: 1
88, 192, 214, 255: 4
187, 124, 100, 255: 16
188, 119, 100, 255: 2
227, 92, 116, 255: 1
138, 98, 240, 255: 1
100, 140, 228, 255: 4
239, 208, 244, 255: 3
41, 155, 219, 255: 5
200, 57, 21, 255: 10
32, 83, 27, 255: 128
0, 185, 163, 255: 120
120, 147, 86, 255: 1
0, 211, 19, 255: 65
243, 208, 193, 255: 1
98, 138, 226, 255: 3
33, 247, 68, 255: 1
85, 79, 215, 255: 5
247, 237, 109, 255: 1
236, 79, 23, 255: 19
0, 186, 74, 255: 2
190, 114, 111, 255: 30
88, 91, 36, 255: 3
210, 102, 178, 255: 35
0, 230, 146, 255: 1
190, 186, 94, 255: 7
61, 138, 177, 255: 2
45, 141, 28, 255: 3
8, 47, 239, 255: 27
89, 254, 255, 255: 21
0, 150, 100, 255: 24
130, 94, 240, 255: 3
137, 53, 255, 255: 22
246, 182, 165, 255: 1
3, 98, 247, 255: 2
244, 44, 98, 255: 31
221, 99, 195, 255: 1
26, 116, 181, 255: 1
245, 45, 99, 255: 37
143, 21, 106, 255: 2
185, 96, 20, 255: 32
34, 101, 159, 255: 22
188, 133, 148, 255: 1
158, 78, 18, 255: 1
203, 18, 172, 255: 5
0, 176, 154, 255: 1
39, 100, 126, 255: 3
0, 34, 25, 255: 1144
88, 175, 39, 255: 31
122, 27, 98, 255: 4
85, 139, 104, 255: 5
79, 236, 231, 255: 1
194, 237, 49, 255: 11
42, 76, 45, 255: 2
140, 9, 82, 255: 1
40, 51, 203, 255: 59
174, 84, 9, 255: 1
86, 6, 176, 255: 1
136, 212, 0, 255: 2
145, 98, 193, 255: 5
0, 147, 230, 255: 1
183, 110, 230, 255: 1
145, 166, 72, 255: 1
178, 110, 18, 255: 7
142, 91, 70, 255: 11
62, 29, 80, 255: 3
0, 155, 238, 255: 3
42, 86, 35, 255: 1
236, 170, 208, 255: 1
243, 72, 200, 255: 11
240, 90, 18, 255: 5
0, 207, 228, 255: 6
28, 255, 80, 255: 2
92, 37, 42, 255: 1
82, 33, 4, 255: 105
190, 255, 86, 255: 5
63, 233, 55, 255: 1
129, 224, 214, 255: 6
140, 25, 223, 255: 11
150, 41, 234, 255: 1
235, 234, 199, 255: 75
152, 92, 207, 255: 14
12, 227, 104, 255: 1
233, 7, 182, 255: 2
96, 128, 49, 255: 1
0, 208, 8, 255: 1145
166, 81, 168, 255: 43
147, 238, 41, 255: 1
166, 169, 226, 255: 8
190, 255, 108, 255: 3
87, 120, 249, 255: 29
97, 125, 204, 255: 35
27, 166, 80, 255: 55
141, 55, 36, 255: 4
38, 84, 234, 255: 14
86, 131, 31, 255: 1
36, 148, 78, 255: 4
31, 88, 136, 255: 24
131, 150, 178, 255: 47
191, 7, 216, 255: 1
30, 57, 185, 255: 1
24, 226, 122, 255: 5
46, 247, 191, 255: 4
24, 41, 86, 255: 2
0, 11, 207, 255: 34
209, 250, 66, 255: 1
81, 144, 228, 255: 4
243, 27, 3, 255: 48
253, 37, 13, 255: 16
195, 32, 230, 255: 5
113, 54, 225, 255: 1
88, 255, 215, 255: 2
10, 79, 201, 255: 71
189, 41, 145, 255: 42
237, 251, 128, 255: 3
249, 192, 134, 255: 4
139, 255, 41, 255: 2
141, 139, 39, 255: 43
94, 12, 186, 255: 4
243, 233, 105, 255: 1
169, 96, 216, 255: 1
165, 184, 217, 255: 1
240, 29, 73, 255: 3
255, 131, 255, 255: 9
143, 123, 30, 255: 7
93, 255, 90, 255: 1
141, 214, 58, 255: 1
0, 142, 246, 255: 7
242, 208, 17, 255: 9
192, 204, 171, 255: 10
249, 156, 253, 255: 3
44, 120, 88, 255: 2
37, 14, 3, 255: 15
87, 199, 132, 255: 16
106, 36, 135, 255: 1
148, 29, 213, 255: 1
238, 127, 232, 255: 1
232, 75, 19, 255: 5
174, 103, 168, 255: 2
236, 116, 229, 255: 1
144, 113, 47, 255: 6
128, 42, 58, 255: 3
246, 194, 185, 255: 6
160, 111, 93, 255: 1
14, 146, 250, 255: 1
83, 39, 207, 255: 1
33, 109, 77, 255: 21
183, 255, 208, 255: 1
81, 25, 185, 255: 17
86, 106, 128, 255: 2
190, 255, 63, 255: 1
255, 152, 83, 255: 1
106, 83, 189, 255: 2
138, 2, 109, 255: 31
14, 32, 180, 255: 3
134, 92, 237, 255: 38
68, 250, 234, 255: 1
37, 192, 220, 255: 42
182, 199, 14, 255: 7
115, 237, 187, 255: 1
136, 5, 180, 255: 47
191, 236, 102, 255: 7
231, 187, 89, 255: 2
84, 147, 231, 255: 1
134, 87, 79, 255: 1
25, 10, 63, 255: 1
218, 33, 147, 255: 107
232, 238, 59, 255: 1
59, 73, 27, 255: 267
0, 25, 76, 255: 4
24, 163, 77, 255: 22
207, 5, 184, 255: 1
240, 192, 44, 255: 1
83, 235, 68, 255: 5
78, 16, 180, 255: 3
207, 83, 223, 255: 1
202, 50, 104, 255: 13
242, 255, 27, 255: 21
117, 119, 71, 255: 1
121, 156, 160, 255: 1
215, 204, 160, 255: 2
195, 249, 198, 255: 1
163, 164, 123, 255: 104
148, 46, 51, 255: 1
195, 28, 212, 255: 1
0, 51, 52, 255: 10
11, 191, 70, 255: 61
236, 40, 144, 255: 81
32, 190, 25, 255: 63
239, 115, 147, 255: 6
188, 252, 192, 255: 23
85, 88, 33, 255: 9
35, 110, 43, 255: 13
237, 255, 141, 255: 9
231, 178, 68, 255: 12
37, 217, 233, 255: 5
105, 10, 224, 255: 1
35, 214, 140, 255: 17
119, 215, 103, 255: 1
0, 64, 211, 255: 1
23, 123, 198, 255: 15
40, 120, 168, 255: 1
132, 208, 252, 255: 1
247, 255, 65, 255: 5
46, 102, 89, 255: 1
239, 219, 8, 255: 33
42, 126, 225, 255: 1
47, 236, 171, 255: 9
30, 54, 49, 255: 3
76, 43, 128, 255: 2
0, 4, 11, 255: 2
240, 194, 34, 255: 10
251, 254, 233, 255: 6
137, 13, 45, 255: 1
131, 211, 159, 255: 14
45, 67, 228, 255: 25
248, 167, 119, 255: 5
25, 155, 159, 255: 26
85, 132, 20, 255: 40
83, 54, 236, 255: 1
49, 24, 25, 255: 6
253, 42, 86, 255: 1
213, 215, 23, 255: 11
94, 83, 150, 255: 6
224, 177, 135, 255: 10
180, 142, 4, 255: 7
197, 34, 78, 255: 14
0, 74, 131, 255: 2
127, 110, 177, 255: 4
10, 253, 114, 255: 4
0, 123, 242, 255: 3
133, 164, 117, 255: 4
225, 122, 240, 255: 1
85, 129, 11, 255: 4
137, 211, 157, 255: 15
142, 188, 83, 255: 20
38, 179, 111, 255: 1
78, 255, 232, 255: 1
128, 176, 32, 255: 1
135, 152, 117, 255: 5
72, 133, 155, 255: 2
235, 41, 61, 255: 4
245, 90, 132, 255: 2
191, 13, 188, 255: 3
255, 159, 188, 255: 1
0, 69, 58, 255: 2007
179, 18, 50, 255: 2
0, 4, 131, 255: 1
249, 181, 113, 255: 1
0, 122, 19, 255: 1
181, 168, 54, 255: 4
246, 232, 217, 255: 1
82, 170, 22, 255: 7
83, 150, 214, 255: 10
179, 199, 77, 255: 8
180, 211, 98, 255: 2
62, 208, 41, 255: 2
21, 20, 145, 255: 2
191, 255, 87, 255: 2
30, 185, 213, 255: 6
36, 30, 105, 255: 9
168, 162, 53, 255: 1
35, 200, 19, 255: 3
244, 214, 140, 255: 3
132, 5, 22, 255: 14
175, 200, 147, 255: 1
185, 223, 94, 255: 2
0, 84, 52, 255: 1
130, 237, 15, 255: 12
34, 253, 6, 255: 6
130, 190, 218, 255: 20
92, 38, 255, 255: 1
142, 255, 170, 255: 1
93, 189, 220, 255: 21
146, 242, 20, 255: 1
186, 37, 214, 255: 1
196, 233, 188, 255: 1
38, 12, 251, 255: 7
138, 27, 158, 255: 4
133, 162, 235, 255: 8
198, 35, 79, 255: 17
123, 113, 56, 255: 8
35, 51, 135, 255: 8
0, 4, 198, 255: 205
89, 13, 189, 255: 1
48, 64, 157, 255: 1
184, 78, 181, 255: 17
0, 39, 241, 255: 1
147, 103, 194, 255: 1
240, 20, 238, 255: 13
25, 98, 122, 255: 2
249, 68, 41, 255: 36
30, 152, 245, 255: 35
96, 87, 70, 255: 26
101, 182, 234, 255: 5
87, 91, 70, 255: 3
21, 41, 57, 255: 10
234, 193, 255, 255: 2
37, 91, 133, 255: 8
98, 198, 169, 255: 13
175, 195, 73, 255: 2
86, 30, 7, 255: 3
130, 36, 141, 255: 1
194, 102, 39, 255: 41
192, 20, 52, 255: 4
0, 204, 72, 255: 2
23, 186, 243, 255: 4
3, 177, 90, 255: 2
237, 151, 244, 255: 12
1, 164, 108, 255: 10
0, 47, 82, 255: 4932
90, 94, 73, 255: 2
182, 244, 85, 255: 75
246, 85, 85, 255: 1
140, 114, 81, 255: 1
244, 111, 198, 255: 1
187, 194, 0, 255: 20
183, 192, 96, 255: 7
111, 190, 103, 255: 3
237, 17, 14, 255: 4
0, 1, 132, 255: 1
213, 99, 106, 255: 15
243, 39, 232, 255: 9
139, 22, 48, 255: 5
0, 242, 5, 255: 2067
0, 178, 189, 255: 23
80, 235, 255, 255: 2
22, 60, 188, 255: 2
121, 254, 238, 255: 2
87, 65, 123, 255: 26
94, 251, 92, 255: 2
235, 255, 245, 255: 1
38, 175, 26, 255: 21
34, 46, 253, 255: 1
149, 242, 107, 255: 1
0, 125, 87, 255: 58
92, 148, 202, 255: 12
37, 70, 112, 255: 1
128, 77, 209, 255: 1
242, 61, 34, 255: 7
172, 49, 39, 255: 2
0, 195, 49, 255: 16
185, 162, 48, 255: 1
44, 123, 70, 255: 12
87, 236, 166, 255: 22
238, 199, 68, 255: 6
184, 162, 76, 255: 1
69, 91, 211, 255: 1
203, 76, 118, 255: 1
83, 128, 174, 255: 6
88, 37, 56, 255: 1
243, 121, 216, 255: 6
185, 177, 224, 255: 94
186, 0, 8, 255: 18
241, 76, 25, 255: 16
201, 167, 9, 255: 1
64, 155, 70, 255: 1
85, 107, 227, 255: 35
0, 107, 158, 255: 25
228, 68, 169, 255: 3
237, 55, 10, 255: 4
84, 224, 244, 255: 7
189, 105, 191, 255: 17
96, 237, 0, 255: 1
99, 92, 173, 255: 3
235, 146, 140, 255: 80
255, 139, 26, 255: 1
79, 93, 149, 255: 1
74, 152, 251, 255: 1
29, 255, 116, 255: 3
238, 167, 18, 255: 12
204, 102, 30, 255: 1
89, 234, 113, 255: 1
231, 90, 112, 255: 1
229, 207, 189, 255: 3
37, 71, 255, 255: 21
30, 255, 46, 255: 2
240, 48, 166, 255: 1
7, 244, 139, 255: 11
88, 219, 145, 255: 15
34, 197, 254, 255: 1
135, 123, 197, 255: 2
141, 255, 7, 255: 3
187, 33, 69, 255: 2
5, 83, 155, 255: 2
191, 120, 185, 255: 9
4, 126, 106, 255: 1
35, 9, 94, 255: 1
88, 124, 95, 255: 1
3, 108, 11, 255: 2
131, 17, 167, 255: 20
160, 83, 81, 255: 26
231, 200, 236, 255: 16
245, 35, 6, 255: 2
194, 203, 72, 255: 3
130, 192, 27, 255: 33
42, 125, 16, 255: 5
245, 39, 16, 255: 1
167, 10, 205, 255: 67
176, 138, 36, 255: 2
145, 26, 245, 255: 6
89, 255, 144, 255: 5
130, 118, 218, 255: 1
185, 247, 124, 255: 6
89, 161, 38, 255: 3
243, 204, 73, 255: 2
0, 130, 225, 255: 77
93, 190, 217, 255: 2
191, 29, 154, 255: 3
166, 189, 166, 255: 2
55, 13, 193, 255: 2
35, 248, 154, 255: 1
98, 3, 216, 255: 5
184, 209, 53, 255: 2
0, 168, 171, 255: 7
176, 9, 193, 255: 10
59, 114, 135, 255: 2
0, 95, 171, 255: 28
80, 95, 221, 255: 1
0, 127, 124, 255: 3
203, 158, 102, 255: 3
200, 125, 140, 255: 7
92, 87, 255, 255: 2
147, 255, 149, 255: 1
39, 112, 74, 255: 4
179, 241, 118, 255: 2
30, 87, 99, 255: 9
82, 102, 160, 255: 24
245, 248, 227, 255: 16
238, 86, 98, 255: 10
42, 251, 106, 255: 2
144, 238, 20, 255: 16
109, 216, 216, 255: 2
77, 0, 141, 255: 62
140, 214, 76, 255: 5
190, 88, 16, 255: 13
33, 255, 234, 255: 6
87, 243, 157, 255: 12
150, 241, 53, 255: 1
119, 140, 12, 255: 10
78, 255, 104, 255: 1
198, 5, 120, 255: 1
105, 98, 26, 255: 1
131, 50, 99, 255: 5
90, 126, 255, 255: 19
202, 102, 128, 255: 24
231, 140, 72, 255: 2
138, 203, 239, 255: 8
184, 142, 209, 255: 2
118, 15, 21, 255: 7
33, 20, 136, 255: 1
230, 120, 132, 255: 8
143, 184, 230, 255: 5
83, 234, 33, 255: 2
188, 227, 25, 255: 12
143, 184, 10, 255: 2
134, 249, 194, 255: 37
138, 13, 128, 255: 3
242, 107, 197, 255: 1
238, 16, 171, 255: 9
94, 45, 52, 255: 3
247, 244, 110, 255: 1
235, 163, 235, 255: 30
122, 184, 19, 255: 11
119, 214, 204, 255: 1
89, 45, 213, 255: 4
255, 64, 183, 255: 1
78, 221, 109, 255: 9
85, 245, 210, 255: 1
207, 152, 86, 255: 1
77, 201, 143, 255: 1
243, 127, 70, 255: 2
27, 51, 200, 255: 2
231, 113, 214, 255: 12
155, 131, 101, 255: 11
91, 20, 255, 255: 11
195, 145, 45, 255: 13
87, 255, 178, 255: 3
118, 78, 221, 255: 1
0, 245, 175, 255: 988
166, 227, 69, 255: 1134
131, 255, 151, 255: 1
147, 45, 50, 255: 1
43, 162, 131, 255: 1
181, 143, 108, 255: 1
246, 245, 210, 255: 6
99, 59, 87, 255: 1
43, 252, 98, 255: 1
182, 139, 35, 255: 7
79, 205, 15, 255: 4
46, 59, 54, 255: 6
200, 136, 160, 255: 11
231, 37, 240, 255: 7
89, 198, 71, 255: 1
191, 129, 140, 255: 38
240, 220, 9, 255: 17
205, 39, 113, 255: 1
168, 72, 150, 255: 1133
239, 127, 49, 255: 1
193, 118, 30, 255: 8
35, 122, 217, 255: 1
240, 118, 60, 255: 3
180, 117, 93, 255: 12
246, 238, 71, 255: 2
28, 27, 152, 255: 4
62, 54, 246, 255: 8
243, 88, 130, 255: 1
243, 141, 156, 255: 1
0, 88, 189, 255: 2
87, 86, 60, 255: 1
228, 107, 109, 255: 1
239, 250, 223, 255: 32
132, 110, 244, 255: 1
138, 162, 131, 255: 9
139, 218, 12, 255: 1
143, 175, 55, 255: 3
213, 116, 201, 255: 127
142, 130, 204, 255: 4
29, 221, 143, 255: 1
189, 97, 34, 255: 6
153, 118, 222, 255: 3
88, 253, 255, 255: 15
142, 232, 189, 255: 2
23, 69, 108, 255: 1
190, 189, 84, 255: 22
0, 151, 42, 255: 3
244, 198, 46, 255: 1
7, 236, 220, 255: 3
254, 247, 63, 255: 2
132, 10, 95, 255: 25
84, 231, 98, 255: 9
182, 119, 249, 255: 4
247, 113, 238, 255: 3
236, 220, 23, 255: 1
82, 194, 200, 255: 2
50, 91, 172, 255: 4
0, 183, 229, 255: 5
190, 98, 35, 255: 9
166, 230, 171, 255: 40
189, 255, 4, 255: 2
143, 168, 53, 255: 6
245, 37, 180, 255: 86
106, 190, 44, 255: 2
174, 199, 43, 255: 3
40, 253, 159, 255: 3
59, 229, 205, 255: 84
149, 169, 87, 255: 7
82, 200, 202, 255: 108
84, 182, 55, 255: 3
32, 237, 103, 255: 4
191, 16, 68, 255: 5
94, 54, 82, 255: 1
153, 249, 129, 255: 13
28, 238, 45, 255: 38
223, 126, 211, 255: 31
0, 193, 206, 255: 1169
101, 75, 82, 255: 3
0, 222, 253, 255: 1
200, 255, 230, 255: 2
223, 185, 54, 255: 8
57, 134, 212, 255: 3
43, 119, 51, 255: 1
254, 23, 20, 255: 1
179, 161, 234, 255: 4
111, 98, 71, 255: 1
0, 109, 61, 255: 1256
251, 194, 33, 255: 13
242, 186, 80, 255: 4
244, 190, 118, 255: 15
138, 44, 149, 255: 7
26, 99, 190, 255: 1
129, 87, 166, 255: 1
75, 158, 198, 255: 1
129, 196, 228, 255: 2
150, 175, 162, 255: 20
29, 171, 91, 255: 1
35, 56, 106, 255: 10
181, 138, 34, 255: 3
9, 133, 69, 255: 1
185, 117, 60, 255: 1
139, 233, 15, 255: 7
152, 213, 95, 255: 4
178, 52, 200, 255: 16
85, 91, 255, 255: 26
34, 221, 58, 255: 8
171, 188, 121, 255: 1
0, 168, 106, 255: 1
113, 170, 193, 255: 1
15, 47, 71, 255: 1
122, 112, 55, 255: 4
92, 165, 152, 255: 1
42, 199, 80, 255: 2
0, 90, 0, 255: 2
199, 95, 107, 255: 2
248, 105, 64, 255: 4
127, 76, 55, 255: 12
27, 210, 33, 255: 1
0, 159, 251, 255: 26
164, 85, 240, 255: 40
39, 255, 159, 255: 2
252, 166, 3, 255: 1
89, 4, 14, 255: 1
78, 205, 255, 255: 1
243, 79, 130, 255: 5
30, 207, 217, 255: 2
156, 52, 219, 255: 75
87, 35, 36, 255: 1
253, 9, 0, 255: 1
56, 221, 128, 255: 2
244, 149, 148, 255: 9
87, 217, 7, 255: 3
83, 215, 68, 255: 2
253, 185, 15, 255: 3
201, 126, 141, 255: 6
103, 199, 230, 255: 1
72, 190, 192, 255: 6
233, 199, 8, 255: 6
91, 92, 84, 255: 26
230, 199, 235, 255: 13
209, 60, 211, 255: 3
230, 81, 192, 255: 4
245, 223, 60, 255: 18
1, 5, 46, 255: 1
132, 65, 221, 255: 83
0, 28, 88, 255: 1
111, 8, 169, 255: 84
46, 150, 85, 255: 1
3, 166, 110, 255: 2
208, 94, 101, 255: 4
26, 99, 225, 255: 2
0, 152, 235, 255: 1
106, 196, 4, 255: 1
210, 193, 81, 255: 109
136, 231, 221, 255: 1
5, 102, 93, 255: 1
232, 141, 37, 255: 21
229, 154, 61, 255: 1
254, 23, 122, 255: 2
246, 96, 24, 255: 3
132, 46, 27, 255: 90
142, 41, 43, 255: 2
82, 146, 9, 255: 3
240, 8, 115, 255: 4
0, 244, 15, 255: 676
93, 237, 15, 255: 2
128, 122, 8, 255: 1
241, 89, 255, 255: 2
188, 8, 231, 255: 7
222, 177, 234, 255: 1
148, 198, 71, 255: 10
135, 41, 213, 255: 4
76, 225, 217, 255: 1
248, 89, 107, 255: 5
227, 106, 108, 255: 1
36, 183, 146, 255: 1
168, 17, 24, 255: 2
29, 223, 55, 255: 2
233, 255, 221, 255: 1
0, 117, 203, 255: 145
233, 172, 253, 255: 5
197, 23, 59, 255: 1
119, 250, 135, 255: 2
181, 130, 115, 255: 17
239, 101, 220, 255: 3
144, 198, 4, 255: 13
74, 72, 111, 255: 1
0, 130, 126, 255: 5
133, 233, 61, 255: 1
242, 28, 94, 255: 2
71, 198, 110, 255: 3
134, 255, 211, 255: 2
120, 114, 154, 255: 1
139, 191, 154, 255: 1
141, 179, 163, 255: 28
102, 106, 196, 255: 4
32, 99, 121, 255: 62
42, 246, 160, 255: 40
106, 99, 27, 255: 4
215, 201, 187, 255: 1
84, 38, 24, 255: 2
135, 4, 179, 255: 49
58, 223, 130, 255: 39
109, 35, 125, 255: 1
222, 238, 178, 255: 1
133, 78, 151, 255: 2
106, 50, 217, 255: 2
193, 207, 16, 255: 1
0, 252, 123, 255: 2
102, 122, 34, 255: 6
7, 38, 63, 255: 124
0, 12, 216, 255: 39
131, 65, 138, 255: 1
38, 210, 255, 255: 1
43, 9, 253, 255: 1
94, 13, 104, 255: 17
255, 228, 119, 255: 1
89, 60, 242, 255: 10
20, 68, 170, 255: 6
142, 113, 110, 255: 7
191, 39, 246, 255: 1
249, 79, 62, 255: 8
229, 242, 84, 255: 8
205, 70, 201, 255: 2
135, 49, 30, 255: 52
209, 211, 59, 255: 1
143, 255, 203, 255: 6
41, 35, 110, 255: 8
158, 150, 238, 255: 1
141, 225, 216, 255: 1
138, 107, 159, 255: 1
241, 213, 127, 255: 12
95, 195, 166, 255: 7
247, 208, 51, 255: 1
236, 61, 1, 255: 8
86, 100, 89, 255: 1
249, 211, 226, 255: 17
0, 23, 40, 255: 58
121, 7, 157, 255: 2
187, 61, 209, 255: 1
89, 168, 121, 255: 73
32, 163, 12, 255: 1
202, 215, 200, 255: 4
86, 119, 248, 255: 25
255, 27, 250, 255: 1
255, 66, 248, 255: 1
87, 146, 180, 255: 21
145, 194, 151, 255: 4
167, 219, 151, 255: 10
39, 255, 88, 255: 2
154, 234, 139, 255: 2
87, 38, 45, 255: 18
96, 75, 49, 255: 2
192, 45, 218, 255: 1
255, 120, 155, 255: 1
201, 35, 109, 255: 1
0, 17, 255, 255: 412
37, 33, 162, 255: 4
145, 118, 30, 255: 29
60, 206, 39, 255: 2
40, 56, 21, 255: 12
32, 55, 169, 255: 31
185, 3, 25, 255: 2
50, 100, 91, 255: 9
146, 19, 36, 255: 1
239, 174, 102, 255: 1
252, 19, 173, 255: 5
205, 177, 198, 255: 1
234, 93, 115, 255: 9
27, 64, 157, 255: 5
92, 27, 58, 255: 2
234, 135, 156, 255: 7
82, 158, 13, 255: 1
194, 215, 128, 255: 3
251, 43, 186, 255: 49
97, 86, 153, 255: 2
215, 134, 41, 255: 12
178, 160, 198, 255: 47
136, 17, 201, 255: 34
39, 210, 71, 255: 4
207, 39, 15, 255: 4
66, 80, 34, 255: 1
160, 237, 157, 255: 79
177, 184, 143, 255: 1
31, 88, 100, 255: 10
106, 206, 138, 255: 2261
143, 137, 24, 255: 1
73, 255, 238, 255: 7
34, 104, 224, 255: 57
172, 203, 116, 255: 2
233, 98, 188, 255: 2
10, 116, 234, 255: 1
47, 13, 187, 255: 1
195, 161, 140, 255: 2
42, 108, 75, 255: 2
84, 104, 162, 255: 32
66, 176, 12, 255: 12
145, 238, 103, 255: 3
93, 119, 100, 255: 46
194, 56, 89, 255: 1
190, 119, 220, 255: 34
168, 6, 4, 255: 1
217, 161, 210, 255: 20
0, 190, 44, 255: 57
232, 157, 29, 255: 4
220, 16, 211, 255: 38
141, 198, 255, 255: 7
39, 136, 241, 255: 1
135, 30, 228, 255: 3
85, 133, 29, 255: 1
0, 22, 4, 255: 908
67, 210, 98, 255: 1
200, 237, 228, 255: 3
0, 93, 169, 255: 21
205, 135, 90, 255: 3
85, 179, 38, 255: 5
156, 173, 249, 255: 1
184, 250, 207, 255: 2
0, 115, 8, 255: 1
130, 60, 119, 255: 58
238, 161, 200, 255: 1
83, 224, 151, 255: 3
189, 202, 187, 255: 2
237, 239, 46, 255: 16
136, 182, 41, 255: 25
210, 149, 129, 255: 6
67, 249, 233, 255: 2
0, 171, 7, 255: 97
89, 5, 116, 255: 5
191, 98, 17, 255: 4
192, 12, 133, 255: 1
83, 214, 140, 255: 6
6, 200, 33, 255: 2
140, 178, 162, 255: 17
45, 36, 96, 255: 2
126, 26, 191, 255: 1
0, 62, 17, 255: 22
231, 96, 120, 255: 4
106, 36, 96, 255: 21
161, 82, 237, 255: 39
140, 189, 146, 255: 35
108, 120, 82, 255: 941
203, 228, 222, 255: 11
43, 62, 125, 255: 76
130, 149, 177, 255: 39
253, 59, 53, 255: 2
45, 224, 150, 255: 26
136, 157, 28, 255: 96
12, 106, 113, 255: 4
11, 88, 18, 255: 2
109, 234, 154, 255: 19
189, 205, 186, 255: 3
136, 5, 78, 255: 2
174, 15, 110, 255: 2
102, 170, 114, 255: 1
234, 251, 73, 255: 7
0, 92, 91, 255: 1
91, 195, 137, 255: 5
133, 74, 141, 255: 95
21, 0, 52, 255: 2
185, 210, 90, 255: 3
159, 176, 252, 255: 1
79, 129, 234, 255: 1
65, 7, 69, 255: 8
22, 189, 190, 255: 2
180, 134, 121, 255: 3
0, 78, 101, 255: 1
131, 183, 146, 255: 3
190, 38, 245, 255: 2
27, 78, 22, 255: 52
250, 255, 149, 255: 1
29, 96, 154, 255: 4
241, 246, 24, 255: 1
1, 24, 25, 255: 1
93, 155, 133, 255: 4
239, 40, 255, 255: 12
254, 255, 238, 255: 1
133, 11, 132, 255: 10
104, 64, 92, 255: 2
57, 19, 40, 255: 1
71, 46, 6, 255: 1
201, 93, 208, 255: 45
243, 51, 169, 255: 4
200, 208, 22, 255: 1
10, 145, 219, 255: 1
191, 167, 239, 255: 4
86, 169, 173, 255: 7
24, 53, 235, 255: 6
87, 210, 71, 255: 2
192, 158, 220, 255: 6
78, 161, 165, 255: 39
199, 66, 193, 255: 3
121, 195, 203, 255: 1
128, 251, 72, 255: 1
121, 86, 40, 255: 2
231, 132, 117, 255: 54
129, 244, 154, 255: 11
54, 131, 67, 255: 21
155, 67, 198, 255: 1
178, 223, 243, 255: 19
149, 198, 191, 255: 1
39, 190, 132, 255: 6
164, 5, 255, 255: 1
192, 18, 54, 255: 1
188, 156, 61, 255: 11
30, 21, 81, 255: 35
115, 127, 89, 255: 27
211, 32, 215, 255: 3
28, 208, 122, 255: 3
32, 11, 63, 255: 59
245, 143, 74, 255: 1
239, 41, 83, 255: 21
126, 37, 175, 255: 9
141, 66, 255, 255: 1
0, 119, 47, 255: 15
139, 203, 56, 255: 1
97, 255, 113, 255: 1
7, 33, 246, 255: 3
232, 249, 224, 255: 1
138, 247, 124, 255: 5
95, 140, 40, 255: 16
34, 147, 248, 255: 2
131, 255, 60, 255: 1
192, 113, 11, 255: 9
22, 29, 203, 255: 1
201, 60, 122, 255: 4
180, 32, 136, 255: 16
133, 61, 65, 255: 1
0, 153, 146, 255: 1
131, 70, 75, 255: 17
0, 32, 182, 255: 1
242, 174, 4, 255: 36
58, 52, 189, 255: 1
191, 87, 99, 255: 5
184, 61, 154, 255: 5
3, 158, 191, 255: 3
246, 158, 188, 255: 2
209, 107, 123, 255: 1
237, 43, 63, 255: 1
247, 47, 101, 255: 58
162, 83, 238, 255: 3
83, 157, 96, 255: 18
241, 119, 61, 255: 3
181, 30, 190, 255: 4
125, 56, 150, 255: 1
241, 80, 80, 255: 1
141, 28, 68, 255: 1
22, 255, 106, 255: 1
0, 191, 45, 255: 30
84, 165, 217, 255: 2
86, 4, 178, 255: 12
232, 158, 131, 255: 1
83, 89, 13, 255: 2
109, 6, 167, 255: 87
193, 134, 208, 255: 12
197, 142, 76, 255: 7
144, 21, 154, 255: 6
43, 200, 108, 255: 2
123, 72, 51, 255: 1
31, 255, 83, 255: 3
246, 50, 190, 255: 2
197, 130, 72, 255: 1
231, 187, 22, 255: 1
188, 90, 104, 255: 15
41, 15, 254, 255: 3
0, 17, 0, 255: 1
126, 120, 160, 255: 31
241, 189, 97, 255: 15
90, 92, 186, 255: 1
215, 126, 122, 255: 8
192, 14, 225, 255: 7
88, 145, 54, 255: 1
243, 11, 220, 255: 2
104, 150, 10, 255: 2
0, 106, 93, 255: 6
44, 118, 124, 255: 1
124, 57, 213, 255: 2
239, 250, 140, 255: 8
197, 9, 65, 255: 161
147, 116, 14, 255: 1
121, 252, 137, 255: 5
36, 157, 169, 255: 1
183, 79, 127, 255: 1
26, 25, 252, 255: 8
87, 86, 134, 255: 1
239, 7, 216, 255: 6
177, 21, 214, 255: 6
89, 253, 78, 255: 2
31, 35, 75, 255: 8
87, 246, 3, 255: 31
21, 111, 176, 255: 1
244, 180, 163, 255: 2
145, 96, 93, 255: 1
197, 22, 177, 255: 1
167, 88, 243, 255: 2
198, 134, 158, 255: 11
135, 2, 114, 255: 13
141, 209, 86, 255: 7
160, 9, 16, 255: 1
198, 76, 84, 255: 1
87, 226, 182, 255: 3
249, 173, 194, 255: 7
176, 56, 52, 255: 1
62, 4, 66, 255: 95
102, 142, 230, 255: 4
24, 122, 134, 255: 4
133, 55, 238, 255: 15
146, 75, 181, 255: 105
92, 24, 222, 255: 5
99, 232, 103, 255: 18
255, 9, 255, 255: 6
189, 171, 209, 255: 3
135, 182, 85, 255: 1
53, 163, 141, 255: 1
150, 98, 124, 255: 63
0, 180, 217, 255: 2
123, 35, 209, 255: 1
129, 90, 113, 255: 1
168, 171, 228, 255: 23
0, 212, 243, 255: 4
90, 167, 102, 255: 1
126, 15, 7, 255: 4
156, 176, 94, 255: 1
0, 59, 103, 255: 19
95, 255, 147, 255: 1
17, 219, 116, 255: 1
150, 216, 167, 255: 2
234, 85, 196, 255: 10
86, 237, 36, 255: 1
247, 160, 70, 255: 5
114, 63, 196, 255: 1
189, 69, 3, 255: 12
35, 211, 38, 255: 10
63, 173, 9, 255: 39
81, 64, 136, 255: 2
0, 227, 169, 255: 5
0, 159, 85, 255: 84
34, 113, 255, 255: 16
141, 151, 13, 255: 4
26, 198, 165, 255: 13
217, 236, 122, 255: 11
58, 228, 204, 255: 268
215, 91, 89, 255: 1228
241, 109, 41, 255: 2
241, 246, 151, 255: 1
202, 163, 73, 255: 6
40, 199, 52, 255: 1
246, 24, 179, 255: 2
151, 126, 239, 255: 1
37, 255, 86, 255: 1
197, 78, 185, 255: 83
248, 89, 226, 255: 2
234, 83, 28, 255: 2
60, 99, 42, 255: 17
171, 167, 118, 255: 12
54, 139, 128, 255: 1
151, 147, 255, 255: 1
225, 117, 192, 255: 6
224, 166, 151, 255: 1
77, 177, 2, 255: 44
101, 109, 96, 255: 1
0, 35, 60, 255: 151
85, 44, 182, 255: 23
122, 60, 183, 255: 1
141, 237, 15, 255: 2
234, 128, 45, 255: 35
143, 25, 124, 255: 58
36, 233, 163, 255: 1
181, 126, 167, 255: 10
134, 220, 91, 255: 2
188, 101, 124, 255: 15
28, 120, 63, 255: 5
150, 5, 120, 255: 1
140, 18, 139, 255: 44
34, 173, 87, 255: 66
183, 225, 182, 255: 4
90, 194, 136, 255: 4
0, 105, 8, 255: 1
87, 54, 139, 255: 42
238, 12, 69, 255: 1
0, 53, 137, 255: 2
185, 46, 61, 255: 56
180, 100, 153, 255: 3
72, 248, 35, 255: 1
190, 67, 160, 255: 7
0, 125, 130, 255: 2
29, 161, 80, 255: 2
187, 255, 38, 255: 2
84, 196, 202, 255: 2
238, 160, 61, 255: 1
0, 212, 178, 255: 10
50, 35, 129, 255: 1
255, 96, 144, 255: 1
67, 40, 30, 255: 16
85, 174, 137, 255: 2
34, 78, 27, 255: 1
186, 12, 201, 255: 1
94, 217, 78, 255: 21
27, 221, 206, 255: 3
241, 160, 66, 255: 34
29, 8, 95, 255: 5
198, 156, 96, 255: 1
18, 119, 229, 255: 1
62, 131, 3, 255: 3
34, 100, 170, 255: 1
166, 106, 181, 255: 3
124, 134, 150, 255: 1
40, 19, 71, 255: 2
87, 242, 20, 255: 15
0, 250, 21, 255: 1236
248, 172, 193, 255: 5
84, 206, 85, 255: 1
130, 120, 63, 255: 24
186, 255, 95, 255: 2
48, 84, 225, 255: 7
15, 57, 92, 255: 29
87, 74, 255, 255: 2
172, 5, 189, 255: 1
139, 166, 141, 255: 27
203, 37, 111, 255: 1
196, 86, 30, 255: 1
92, 138, 192, 255: 1
59, 12, 123, 255: 1
179, 191, 158, 255: 14
1, 4, 239, 255: 1
41, 48, 255, 255: 1
181, 116, 30, 255: 1
195, 27, 3, 255: 11
98, 160, 138, 255: 2
253, 141, 165, 255: 9
129, 104, 106, 255: 2
213, 97, 6, 255: 212
47, 123, 55, 255: 1
37, 85, 187, 255: 3
42, 20, 17, 255: 1
31, 190, 196, 255: 3
239, 121, 68, 255: 1
188, 213, 206, 255: 1
244, 237, 53, 255: 1
184, 31, 230, 255: 7
128, 165, 11, 255: 2
59, 56, 189, 255: 6
12, 18, 157, 255: 1
77, 55, 113, 255: 5
197, 41, 234, 255: 2
35, 86, 65, 255: 9
80, 92, 203, 255: 55
0, 62, 106, 255: 20
37, 136, 3, 255: 32
117, 85, 240, 255: 11
164, 43, 133, 255: 61
74, 129, 184, 255: 1
82, 211, 221, 255: 54
41, 12, 188, 255: 5
138, 142, 192, 255: 17
246, 196, 30, 255: 2
140, 123, 128, 255: 1
33, 110, 214, 255: 4
164, 157, 51, 255: 1
153, 173, 91, 255: 4
144, 187, 76, 255: 1
70, 23, 94, 255: 1
131, 110, 18, 255: 2
106, 188, 85, 255: 1
90, 225, 48, 255: 1
193, 140, 70, 255: 3
87, 138, 5, 255: 14
0, 142, 23, 255: 1237
0, 78, 67, 255: 1
223, 25, 31, 255: 2
195, 19, 37, 255: 3
245, 127, 82, 255: 6
27, 26, 253, 255: 12
145, 63, 160, 255: 48
5, 144, 59, 255: 256
141, 115, 82, 255: 1
33, 67, 36, 255: 2
231, 214, 101, 255: 17
139, 192, 163, 255: 7
229, 83, 97, 255: 1
129, 206, 55, 255: 2
87, 252, 4, 255: 27
35, 169, 187, 255: 1
8, 44, 10, 255: 1
247, 159, 189, 255: 4
28, 37, 18, 255: 1
41, 247, 157, 255: 1
128, 118, 61, 255: 31
255, 223, 47, 255: 1
97, 99, 193, 255: 5
79, 255, 220, 255: 1
36, 137, 93, 255: 2
0, 73, 229, 255: 6
50, 105, 165, 255: 8
248, 163, 171, 255: 8
213, 228, 170, 255: 12
89, 231, 166, 255: 9
0, 146, 161, 255: 24
96, 225, 235, 255: 3
85, 17, 69, 255: 6
237, 185, 176, 255: 6
0, 137, 44, 255: 3
245, 17, 103, 255: 4
190, 252, 196, 255: 2
138, 203, 136, 255: 2
22, 169, 250, 255: 5
240, 69, 162, 255: 6
126, 255, 16, 255: 4
231, 40, 213, 255: 6
74, 66, 37, 255: 3
164, 15, 121, 255: 28
92, 105, 234, 255: 1
1, 139, 94, 255: 4
123, 86, 198, 255: 2
85, 9, 149, 255: 7
196, 252, 163, 255: 3
89, 189, 152, 255: 1
6, 48, 83, 255: 162
206, 109, 193, 255: 24
31, 40, 21, 255: 2
126, 231, 167, 255: 1
82, 154, 31, 255: 6
250, 195, 133, 255: 2
247, 27, 255, 255: 1
209, 15, 105, 255: 1
206, 203, 110, 255: 3
112, 212, 144, 255: 1894
100, 233, 104, 255: 9
0, 97, 139, 255: 941
28, 253, 75, 255: 12
26, 214, 3, 255: 22
136, 245, 86, 255: 87
120, 182, 17, 255: 2
215, 255, 185, 255: 18
208, 215, 92, 255: 1
135, 145, 7, 255: 24
145, 103, 248, 255: 1
145, 59, 178, 255: 3
92, 255, 125, 255: 1
31, 16, 136, 255: 3
140, 89, 68, 255: 17
40, 43, 28, 255: 27
24, 1, 246, 255: 1
74, 113, 55, 255: 13
29, 20, 80, 255: 16
247, 100, 53, 255: 2
124, 26, 254, 255: 18
143, 255, 123, 255: 6
202, 67, 198, 255: 2
149, 102, 197, 255: 3
0, 135, 230, 255: 1
251, 78, 116, 255: 2
174, 153, 128, 255: 1
239, 19, 255, 255: 1
253, 182, 41, 255: 2
235, 166, 80, 255: 17
14, 95, 225, 255: 26
110, 95, 226, 255: 114
201, 255, 92, 255: 1
188, 54, 173, 255: 15
21, 14, 45, 255: 2
139, 188, 145, 255: 37
193, 167, 140, 255: 1
247, 188, 112, 255: 2
225, 82, 159, 255: 7
250, 50, 104, 255: 48
191, 255, 17, 255: 1
202, 127, 39, 255: 2
82, 229, 233, 255: 2
174, 254, 16, 255: 2
134, 103, 1, 255: 30
233, 255, 68, 255: 1
164, 15, 18, 255: 2
255, 154, 51, 255: 1
188, 239, 218, 255: 1
91, 238, 255, 255: 1
0, 34, 59, 255: 1986
27, 69, 138, 255: 1
155, 24, 246, 255: 8
60, 117, 134, 255: 1
2, 116, 43, 255: 3
27, 20, 240, 255: 2
190, 162, 80, 255: 4
237, 113, 110, 255: 40
81, 78, 210, 255: 8
188, 96, 187, 255: 2
41, 233, 255, 255: 1
209, 95, 102, 255: 20
141, 127, 138, 255: 9
0, 215, 246, 255: 12
42, 207, 26, 255: 1
244, 58, 245, 255: 1
0, 8, 204, 255: 25
81, 80, 230, 255: 2
99, 111, 112, 255: 3
136, 107, 104, 255: 4
107, 197, 120, 255: 119
144, 51, 139, 255: 3
149, 31, 130, 255: 3
182, 125, 41, 255: 4
249, 146, 80, 255: 6
193, 239, 21, 255: 3
233, 219, 76, 255: 1
39, 206, 207, 255: 16
31, 104, 92, 255: 1
106, 3, 164, 255: 76
171, 90, 146, 255: 1
190, 48, 0, 255: 21
35, 26, 86, 255: 52
31, 24, 182, 255: 1
76, 71, 105, 255: 29
90, 237, 104, 255: 13
73, 115, 155, 255: 1
147, 12, 137, 255: 5
52, 118, 188, 255: 6
252, 107, 232, 255: 14
116, 65, 45, 255: 1
136, 36, 139, 255: 4
150, 95, 23, 255: 5
129, 233, 5, 255: 1
0, 113, 109, 255: 1
83, 114, 247, 255: 1
0, 161, 219, 255: 113
41, 205, 143, 255: 13
0, 12, 208, 255: 6
0, 115, 33, 255: 1
194, 30, 56, 255: 6
240, 71, 6, 255: 59
144, 62, 159, 255: 43
236, 251, 111, 255: 1
0, 111, 63, 255: 110
240, 224, 146, 255: 3
87, 104, 255, 255: 10
243, 8, 247, 255: 2
33, 150, 82, 255: 10
237, 198, 67, 255: 6
42, 255, 111, 255: 3
0, 44, 138, 255: 1
192, 96, 20, 255: 2
29, 112, 110, 255: 8
141, 145, 255, 255: 40
21, 221, 19, 255: 9
93, 13, 30, 255: 3
12, 247, 44, 255: 5
182, 21, 53, 255: 13
156, 104, 130, 255: 4
132, 183, 9, 255: 1
174, 78, 155, 255: 5
0, 68, 180, 255: 127
41, 59, 241, 255: 1
236, 170, 243, 255: 5
242, 220, 57, 255: 4
0, 199, 156, 255: 17
251, 18, 19, 255: 3
255, 155, 52, 255: 1
238, 147, 43, 255: 11
135, 68, 224, 255: 100
141, 155, 31, 255: 2
82, 49, 134, 255: 25
234, 77, 21, 255: 10
248, 107, 129, 255: 4
21, 174, 103, 255: 1
150, 15, 140, 255: 3
195, 7, 63, 255: 72
189, 235, 136, 255: 17
38, 144, 41, 255: 1
128, 171, 122, 255: 1
136, 67, 41, 255: 3
128, 232, 177, 255: 1
255, 53, 255, 255: 5
139, 68, 174, 255: 9
191, 57, 176, 255: 10
83, 243, 90, 255: 1
131, 201, 203, 255: 18
183, 232, 112, 255: 1
159, 168, 38, 255: 9
129, 126, 172, 255: 3
229, 163, 236, 255: 1
91, 162, 204, 255: 53
153, 82, 188, 255: 18
133, 209, 253, 255: 1
231, 46, 159, 255: 18
148, 190, 254, 255: 2
41, 191, 115, 255: 4
108, 95, 68, 255: 70
11, 158, 240, 255: 5
104, 144, 232, 255: 3
66, 168, 93, 255: 1168
0, 118, 247, 255: 12
181, 160, 99, 255: 3
155, 218, 199, 255: 1
0, 58, 38, 255: 34
95, 245, 193, 255: 3
226, 41, 155, 255: 1
88, 182, 195, 255: 3
130, 7, 247, 255: 11
90, 81, 247, 255: 2
97, 61, 140, 255: 1
23, 184, 142, 255: 2
177, 98, 252, 255: 11
178, 195, 128, 255: 2
25, 162, 13, 255: 8
232, 174, 123, 255: 2
132, 194, 167, 255: 1
233, 70, 227, 255: 2
189, 77, 255, 255: 23
53, 147, 161, 255: 7
143, 68, 255, 255: 2
178, 50, 135, 255: 1
103, 135, 56, 255: 2
37, 125, 238, 255: 28
185, 244, 31, 255: 1
0, 138, 53, 255: 1
22, 87, 164, 255: 3
238, 130, 205, 255: 36
178, 113, 144, 255: 3
132, 73, 38, 255: 1
111, 85, 207, 255: 99
232, 149, 145, 255: 1
251, 23, 246, 255: 8
190, 137, 196, 255: 1
0, 38, 196, 255: 220
128, 12, 64, 255: 7
255, 157, 32, 255: 6
183, 60, 153, 255: 8
15, 88, 76, 255: 1
153, 126, 141, 255: 1
143, 233, 190, 255: 6
141, 255, 98, 255: 1
141, 255, 204, 255: 3
118, 32, 13, 255: 1
10, 245, 195, 255: 1
94, 83, 186, 255: 2
90, 100, 3, 255: 33
25, 15, 101, 255: 1
157, 36, 126, 255: 3
245, 117, 63, 255: 100
143, 198, 114, 255: 1
191, 105, 111, 255: 1
32, 91, 202, 255: 103
236, 213, 160, 255: 2
179, 194, 131, 255: 2
38, 255, 237, 255: 3
146, 199, 17, 255: 4
37, 159, 252, 255: 16
133, 66, 2, 255: 2
90, 57, 142, 255: 25
216, 75, 252, 255: 1
8, 42, 166, 255: 67
182, 244, 121, 255: 5
129, 166, 12, 255: 5
0, 177, 90, 255: 18
128, 223, 213, 255: 4
186, 181, 71, 255: 16
237, 217, 6, 255: 47
0, 184, 166, 255: 1
34, 83, 66, 255: 1
247, 165, 118, 255: 3
50, 157, 191, 255: 2
80, 69, 136, 255: 7
240, 116, 148, 255: 6
85, 146, 106, 255: 13
144, 92, 16, 255: 1
230, 48, 131, 255: 1
0, 113, 232, 255: 22
0, 1, 251, 255: 2
90, 244, 243, 255: 12
194, 178, 58, 255: 2
137, 211, 90, 255: 13
32, 152, 29, 255: 2
243, 199, 255, 255: 4
82, 58, 53, 255: 14
30, 59, 241, 255: 4
147, 215, 92, 255: 1
19, 237, 213, 255: 1
148, 242, 24, 255: 11
238, 237, 99, 255: 1
39, 98, 244, 255: 15
172, 57, 214, 255: 1
185, 241, 116, 255: 7
0, 77, 41, 255: 2
235, 19, 204, 255: 25
30, 176, 202, 255: 1
128, 17, 9, 255: 4
231, 132, 153, 255: 5
242, 40, 149, 255: 1
137, 199, 172, 255: 4
17, 57, 248, 255: 3
230, 216, 73, 255: 1
34, 116, 152, 255: 3
0, 196, 217, 255: 104
77, 122, 168, 255: 1
90, 204, 53, 255: 4
133, 154, 60, 255: 1
224, 136, 28, 255: 1
190, 155, 218, 255: 3
86, 26, 245, 255: 3
27, 12, 65, 255: 1
182, 206, 89, 255: 1
233, 76, 20, 255: 4
135, 250, 195, 255: 47
162, 209, 214, 255: 1
158, 64, 241, 255: 2
29, 102, 193, 255: 1
81, 128, 237, 255: 42
221, 229, 2, 255: 1
94, 104, 7, 255: 88
64, 75, 187, 255: 11
128, 1, 18, 255: 6
191, 224, 129, 255: 1
90, 59, 207, 255: 22
42, 37, 213, 255: 1
86, 47, 28, 255: 59
158, 153, 186, 255: 2
0, 220, 131, 255: 2
95, 21, 106, 255: 1
42, 47, 131, 255: 5
35, 78, 213, 255: 1
0, 206, 6, 255: 167
137, 183, 42, 255: 19
36, 195, 201, 255: 17
36, 35, 6, 255: 30
82, 81, 55, 255: 1
40, 255, 145, 255: 6
31, 184, 78, 255: 4
61, 168, 161, 255: 1
86, 100, 53, 255: 15
159, 154, 84, 255: 1
97, 101, 37, 255: 2
0, 62, 140, 255: 1497
198, 106, 197, 255: 1
240, 85, 127, 255: 1
0, 206, 228, 255: 1
86, 35, 199, 255: 9
86, 199, 234, 255: 1
146, 255, 148, 255: 1
87, 143, 197, 255: 19
246, 181, 211, 255: 1
45, 212, 129, 255: 7
178, 47, 229, 255: 3
22, 81, 192, 255: 9
238, 114, 213, 255: 6
180, 51, 229, 255: 2
127, 38, 176, 255: 18
138, 179, 142, 255: 11
79, 60, 216, 255: 2
245, 243, 0, 255: 2
65, 1, 97, 255: 9
25, 169, 50, 255: 3
240, 241, 121, 255: 19
247, 33, 107, 255: 9
236, 175, 154, 255: 4
206, 178, 96, 255: 4
79, 247, 159, 255: 4
87, 155, 99, 255: 7
35, 218, 195, 255: 5
138, 146, 56, 255: 3
233, 225, 58, 255: 2
77, 94, 53, 255: 11
84, 146, 22, 255: 7
241, 216, 38, 255: 1
216, 94, 190, 255: 2
166, 172, 97, 255: 1
145, 22, 155, 255: 4
56, 78, 199, 255: 273
203, 62, 124, 255: 5
44, 201, 109, 255: 1
82, 174, 124, 255: 12
89, 200, 172, 255: 4
43, 219, 46, 255: 12
48, 18, 206, 255: 21
0, 161, 150, 255: 1
185, 29, 222, 255: 67
242, 71, 164, 255: 2
32, 193, 125, 255: 3
253, 255, 35, 255: 1
47, 124, 202, 255: 3
3, 114, 85, 255: 2
0, 16, 254, 255: 146
195, 74, 163, 255: 1
145, 208, 180, 255: 7
191, 128, 104, 255: 5
183, 64, 171, 255: 3
240, 22, 82, 255: 5
174, 48, 196, 255: 9
44, 19, 173, 255: 9
36, 14, 11, 255: 1
136, 218, 75, 255: 2
159, 107, 93, 255: 2
0, 108, 159, 255: 50
140, 73, 9, 255: 4
111, 168, 191, 255: 1
196, 100, 255, 255: 1
196, 225, 13, 255: 1
131, 248, 0, 255: 63
44, 231, 68, 255: 62
81, 199, 201, 255: 110
217, 46, 140, 255: 2
133, 171, 155, 255: 7
30, 125, 131, 255: 16
33, 153, 147, 255: 24
255, 55, 7, 255: 1
96, 47, 121, 255: 1
28, 60, 187, 255: 1
115, 100, 231, 255: 4
200, 10, 224, 255: 7
159, 99, 174, 255: 58
37, 121, 220, 255: 2
185, 18, 237, 255: 8
93, 49, 217, 255: 2
8, 147, 62, 255: 124
35, 50, 255, 255: 2
53, 174, 18, 255: 6
96, 144, 143, 255: 3
222, 210, 64, 255: 1
135, 49, 65, 255: 7
82, 231, 161, 255: 9
0, 157, 240, 255: 2
133, 0, 77, 255: 3
185, 194, 63, 255: 80
179, 128, 113, 255: 8
187, 112, 24, 255: 5
245, 53, 255, 255: 2
247, 212, 197, 255: 3
141, 48, 136, 255: 11
224, 161, 41, 255: 6
228, 2, 177, 255: 3
80, 9, 218, 255: 4
141, 235, 170, 255: 5
122, 214, 234, 255: 1
235, 182, 72, 255: 18
243, 115, 61, 255: 51
195, 148, 249, 255: 2
44, 30, 40, 255: 12
37, 255, 122, 255: 1
41, 251, 161, 255: 1
209, 43, 78, 255: 15
203, 186, 114, 255: 1
136, 94, 255, 255: 1
134, 191, 213, 255: 4
136, 31, 229, 255: 7
82, 255, 116, 255: 1
152, 117, 221, 255: 6
156, 148, 236, 255: 2
195, 178, 106, 255: 3
87, 58, 121, 255: 23
69, 44, 158, 255: 4
84, 138, 103, 255: 2
6, 67, 21, 255: 6
195, 83, 220, 255: 1
0, 251, 57, 255: 122
38, 236, 81, 255: 6
132, 181, 36, 255: 2
189, 161, 79, 255: 3
9, 101, 10, 255: 44
0, 182, 193, 255: 27
95, 83, 224, 255: 1
0, 99, 86, 255: 1
242, 9, 163, 255: 5
215, 142, 113, 255: 1
28, 137, 158, 255: 8
44, 15, 191, 255: 1
0, 52, 122, 255: 54
201, 96, 54, 255: 6
35, 1, 211, 255: 1
190, 2, 58, 255: 12
227, 70, 76, 255: 1
198, 237, 70, 255: 1
31, 27, 191, 255: 5
89, 230, 12, 255: 2
28, 216, 5, 255: 17
95, 93, 71, 255: 3
181, 102, 36, 255: 3
93, 210, 157, 255: 2
204, 11, 254, 255: 1
27, 163, 133, 255: 2
86, 184, 57, 255: 3
0, 20, 160, 255: 1
15, 228, 159, 255: 2
0, 164, 0, 255: 1332
231, 203, 235, 255: 1
77, 240, 83, 255: 1
33, 65, 227, 255: 1
157, 243, 114, 255: 1
206, 21, 135, 255: 44
44, 39, 215, 255: 12
27, 171, 52, 255: 3
200, 147, 77, 255: 1
131, 45, 61, 255: 2
191, 253, 197, 255: 2
178, 57, 146, 255: 1
180, 5, 57, 255: 3
245, 110, 244, 255: 2
81, 162, 214, 255: 1
188, 71, 20, 255: 1
36, 185, 182, 255: 7
132, 32, 135, 255: 2
247, 10, 186, 255: 1
79, 5, 90, 255: 2
88, 163, 138, 255: 35
62, 189, 102, 255: 2
152, 182, 110, 255: 1
137, 35, 212, 255: 4
183, 245, 224, 255: 1
0, 61, 105, 255: 11
248, 191, 30, 255: 25
230, 194, 161, 255: 34
206, 211, 29, 255: 1
11, 141, 146, 255: 1269
171, 235, 176, 255: 1
194, 35, 166, 255: 10
46, 139, 39, 255: 2
180, 227, 192, 255: 1
255, 89, 226, 255: 1
142, 243, 209, 255: 1
230, 158, 230, 255: 7
0, 193, 17, 255: 1
133, 39, 211, 255: 2
33, 222, 148, 255: 3
0, 211, 109, 255: 2
76, 98, 218, 255: 35
251, 39, 203, 255: 1
61, 160, 242, 255: 20
157, 61, 139, 255: 2095
184, 115, 96, 255: 2
140, 255, 145, 255: 5
229, 86, 199, 255: 1
225, 244, 128, 255: 1
146, 41, 248, 255: 1
64, 88, 52, 255: 3
144, 150, 115, 255: 1
244, 220, 112, 255: 2
249, 239, 111, 255: 2
174, 51, 144, 255: 1
190, 13, 104, 255: 1
126, 255, 78, 255: 1
38, 11, 169, 255: 1
0, 30, 21, 255: 110
41, 25, 17, 255: 1
0, 117, 79, 255: 2730
196, 125, 190, 255: 1
37, 28, 124, 255: 2
254, 205, 211, 255: 13
40, 95, 155, 255: 12
128, 157, 92, 255: 1
251, 249, 6, 255: 7
28, 21, 241, 255: 2
163, 229, 12, 255: 1
135, 84, 98, 255: 7
188, 195, 221, 255: 1
107, 4, 165, 255: 77
192, 221, 182, 255: 19
238, 110, 56, 255: 7
55, 167, 101, 255: 67
245, 58, 211, 255: 1
231, 156, 63, 255: 2
195, 101, 196, 255: 8
15, 252, 147, 255: 18
142, 253, 112, 255: 4
103, 138, 29, 255: 1
7, 176, 20, 255: 2
150, 131, 210, 255: 14
131, 219, 78, 255: 18
102, 200, 73, 255: 7
0, 219, 61, 255: 192
40, 137, 88, 255: 4
83, 221, 40, 255: 1
197, 181, 164, 255: 1
190, 144, 198, 255: 1
33, 107, 232, 255: 5
92, 35, 198, 255: 1
31, 219, 44, 255: 11
31, 22, 255, 255: 4
181, 231, 99, 255: 6
237, 255, 213, 255: 1
0, 137, 78, 255: 1
158, 73, 46, 255: 1
0, 216, 247, 255: 14
31, 216, 35, 255: 1
86, 190, 212, 255: 10
115, 17, 246, 255: 1
38, 114, 82, 255: 41
139, 96, 32, 255: 1
149, 195, 90, 255: 3
50, 125, 105, 255: 9
177, 156, 95, 255: 5
224, 152, 122, 255: 1
87, 231, 0, 255: 31
242, 25, 2, 255: 26
15, 145, 150, 255: 11
28, 211, 223, 255: 1
249, 215, 127, 255: 1
0, 26, 150, 255: 1
204, 79, 220, 255: 1
125, 74, 206, 255: 2
36, 110, 235, 255: 4
241, 88, 46, 255: 2
58, 152, 12, 255: 1
33, 233, 133, 255: 2
132, 7, 184, 255: 3
145, 77, 25, 255: 2
183, 176, 69, 255: 1
240, 237, 103, 255: 2
200, 233, 138, 255: 2
89, 99, 2, 255: 22
155, 197, 5, 255: 1
196, 33, 77, 255: 13
185, 227, 148, 255: 4
94, 102, 89, 255: 3
36, 165, 217, 255: 1
230, 147, 143, 255: 9
122, 237, 147, 255: 2
34, 54, 70, 255: 2
211, 158, 49, 255: 16
219, 255, 218, 255: 1
205, 200, 191, 255: 1
43, 236, 13, 255: 1
89, 57, 253, 255: 2
149, 240, 43, 255: 1
205, 119, 252, 255: 1
240, 119, 255, 255: 32
62, 172, 8, 255: 116
255, 135, 255, 255: 20
43, 220, 230, 255: 4
197, 66, 248, 255: 1
182, 12, 98, 255: 13
247, 55, 173, 255: 1
0, 48, 173, 255: 1
255, 193, 254, 255: 1
83, 158, 255, 255: 3
49, 142, 42, 255: 3
229, 187, 214, 255: 1
238, 57, 176, 255: 5
130, 154, 123, 255: 2
186, 190, 246, 255: 27
142, 11, 233, 255: 1
193, 175, 248, 255: 3
186, 240, 189, 255: 1
107, 147, 195, 255: 24
251, 255, 184, 255: 1
37, 255, 247, 255: 3
52, 88, 229, 255: 1
142, 21, 23, 255: 1
93, 209, 255, 255: 15
0, 185, 253, 255: 1
0, 201, 90, 255: 23
242, 169, 139, 255: 1
116, 12, 19, 255: 1
87, 107, 165, 255: 15
28, 255, 244, 255: 1
232, 231, 196, 255: 29
36, 220, 78, 255: 5
93, 230, 151, 255: 1
207, 38, 230, 255: 4
41, 20, 72, 255: 5
194, 126, 34, 255: 7
168, 119, 229, 255: 1
129, 84, 131, 255: 2
148, 55, 143, 255: 3
195, 255, 144, 255: 48
74, 225, 24, 255: 6
135, 156, 62, 255: 2
36, 142, 39, 255: 1
218, 170, 130, 255: 1
62, 147, 251, 255: 20
86, 233, 100, 255: 27
51, 214, 164, 255: 4
123, 76, 214, 255: 2
96, 177, 75, 255: 3
107, 199, 220, 255: 41
191, 211, 89, 255: 31
36, 22, 186, 255: 5
102, 219, 12, 255: 22
77, 11, 161, 255: 43
85, 228, 218, 255: 5
137, 98, 85, 255: 53
183, 233, 66, 255: 6
78, 155, 193, 255: 3
80, 167, 31, 255: 2
43, 6, 117, 255: 2
239, 255, 15, 255: 1
167, 203, 57, 255: 2
135, 154, 182, 255: 25
137, 63, 225, 255: 2
88, 41, 30, 255: 1
0, 162, 155, 255: 6
244, 253, 44, 255: 8
21, 129, 115, 255: 4
42, 185, 113, 255: 4
246, 144, 255, 255: 26
133, 255, 82, 255: 5
140, 255, 28, 255: 1
0, 30, 55, 255: 891
127, 87, 229, 255: 1
85, 187, 111, 255: 26
0, 149, 129, 255: 2
194, 196, 70, 255: 1
82, 235, 52, 255: 1
213, 14, 21, 255: 2
25, 178, 107, 255: 2
233, 69, 18, 255: 1
222, 87, 75, 255: 1
85, 76, 242, 255: 1
187, 141, 195, 255: 1
0, 8, 203, 255: 1805
255, 153, 241, 255: 1
41, 250, 96, 255: 5
0, 186, 197, 255: 3398
3, 61, 213, 255: 6
53, 99, 249, 255: 4
5, 171, 173, 255: 3
237, 173, 53, 255: 10
144, 201, 105, 255: 1
59, 100, 141, 255: 110
185, 153, 255, 255: 10
250, 34, 112, 255: 1
43, 75, 237, 255: 1
74, 52, 8, 255: 4
249, 236, 137, 255: 2
53, 39, 49, 255: 3
0, 41, 166, 255: 23
136, 144, 199, 255: 13
215, 66, 75, 255: 2
164, 181, 218, 255: 4
0, 62, 209, 255: 11
86, 200, 49, 255: 1
95, 187, 247, 255: 7
218, 94, 92, 255: 53
176, 226, 59, 255: 10
31, 253, 232, 255: 1
55, 206, 148, 255: 1
0, 93, 66, 255: 1
79, 221, 156, 255: 1
182, 164, 202, 255: 60
43, 122, 188, 255: 3
139, 137, 37, 255: 23
203, 197, 134, 255: 1
241, 57, 86, 255: 5
89, 97, 84, 255: 4
133, 129, 11, 255: 8
182, 86, 163, 255: 61
134, 86, 163, 255: 25
188, 108, 54, 255: 1
0, 222, 197, 255: 1400
187, 211, 103, 255: 6
246, 229, 116, 255: 3
18, 163, 146, 255: 1
144, 152, 215, 255: 1
192, 255, 88, 255: 1
7, 118, 203, 255: 2506
85, 102, 255, 255: 4
133, 240, 239, 255: 28
139, 235, 199, 255: 1
102, 114, 115, 255: 6
84, 163, 116, 255: 12
84, 192, 220, 255: 31
129, 234, 170, 255: 6
242, 71, 199, 255: 24
24, 111, 53, 255: 1
62, 86, 50, 255: 2
12, 63, 8, 255: 41
0, 98, 174, 255: 34
185, 85, 111, 255: 2
184, 166, 50, 255: 1
142, 216, 197, 255: 9
177, 26, 32, 255: 8
242, 219, 166, 255: 1
127, 96, 148, 255: 1
50, 141, 96, 255: 2
36, 101, 60, 255: 11
239, 225, 82, 255: 1
47, 140, 40, 255: 3
30, 87, 135, 255: 40
222, 49, 197, 255: 2
146, 177, 130, 255: 2
75, 130, 47, 255: 5
90, 64, 226, 255: 18
24, 26, 157, 255: 5
58, 236, 123, 255: 51
37, 41, 14, 255: 1
182, 13, 134, 255: 14
119, 201, 213, 255: 7
34, 33, 40, 255: 2
45, 122, 227, 255: 1
26, 38, 245, 255: 1
92, 139, 27, 255: 19
11, 97, 193, 255: 3
248, 251, 230, 255: 8
233, 177, 71, 255: 2
229, 179, 39, 255: 4
239, 112, 10, 255: 3
42, 247, 242, 255: 1
0, 97, 15, 255: 52
97, 170, 157, 255: 4
31, 2, 178, 255: 3
85, 61, 56, 255: 25
0, 177, 214, 255: 3
80, 141, 101, 255: 2
5, 229, 16, 255: 3
253, 223, 149, 255: 20
232, 26, 157, 255: 17
85, 2, 75, 255: 14
41, 163, 255, 255: 1
132, 134, 85, 255: 118
154, 248, 30, 255: 1
106, 22, 142, 255: 1
78, 165, 29, 255: 1
111, 107, 247, 255: 6
0, 218, 159, 255: 10
0, 120, 249, 255: 3
174, 156, 194, 255: 8
143, 47, 164, 255: 8
245, 45, 252, 255: 1
229, 215, 72, 255: 2
131, 101, 171, 255: 1
134, 251, 3, 255: 94
42, 96, 138, 255: 2
239, 14, 79, 255: 3
0, 239, 189, 255: 1
246, 185, 10, 255: 10
249, 200, 206, 255: 65
246, 205, 20, 255: 1
24, 66, 100, 255: 12
246, 249, 255, 255: 21
24, 12, 9, 255: 1
105, 74, 13, 255: 4
224, 251, 48, 255: 2
233, 161, 233, 255: 19
15, 211, 167, 255: 1
143, 6, 186, 255: 5
220, 252, 15, 255: 44
142, 175, 227, 255: 7
224, 86, 232, 255: 4
187, 130, 46, 255: 11
33, 210, 255, 255: 13
227, 9, 131, 255: 4
189, 209, 189, 255: 1
74, 83, 131, 255: 1
0, 124, 95, 255: 1
85, 101, 153, 255: 5
143, 177, 156, 255: 1
245, 152, 249, 255: 5
0, 245, 106, 255: 16
232, 131, 53, 255: 5
232, 216, 19, 255: 1
44, 10, 254, 255: 1
40, 77, 144, 255: 1
29, 255, 129, 255: 1
0, 99, 209, 255: 3
214, 175, 45, 255: 1
195, 189, 254, 255: 3
215, 189, 167, 255: 106
72, 240, 152, 255: 2
125, 230, 166, 255: 1
0, 208, 76, 255: 1
238, 206, 33, 255: 2
71, 231, 196, 255: 9
125, 49, 39, 255: 2
95, 181, 165, 255: 5
83, 113, 144, 255: 84
188, 40, 144, 255: 56
37, 79, 113, 255: 26
235, 116, 181, 255: 11
238, 167, 155, 255: 4
33, 117, 216, 255: 5
243, 177, 97, 255: 1
235, 236, 116, 255: 1
200, 161, 71, 255: 8
121, 172, 254, 255: 4
91, 246, 24, 255: 25
243, 157, 250, 255: 8
76, 27, 34, 255: 1
173, 253, 15, 255: 1
37, 25, 22, 255: 33
95, 58, 210, 255: 2
176, 130, 117, 255: 1
0, 242, 107, 255: 1
209, 175, 242, 255: 13
192, 174, 247, 255: 5
66, 234, 110, 255: 1
235, 242, 15, 255: 2
181, 83, 62, 255: 45
95, 144, 95, 255: 2
234, 104, 161, 255: 1
96, 148, 198, 255: 1
97, 236, 175, 255: 3
138, 16, 101, 255: 11
29, 234, 229, 255: 1
89, 233, 11, 255: 1
134, 138, 188, 255: 48
107, 117, 236, 255: 25
44, 187, 115, 255: 1
192, 227, 230, 255: 1
188, 235, 200, 255: 10
22, 148, 247, 255: 1
147, 230, 2, 255: 1
91, 158, 222, 255: 17
131, 43, 217, 255: 14
253, 193, 36, 255: 1
139, 237, 70, 255: 4
242, 255, 216, 255: 2
16, 25, 7, 255: 23
185, 197, 164, 255: 49
242, 55, 105, 255: 30
48, 89, 170, 255: 8
43, 9, 183, 255: 1
74, 157, 197, 255: 1
0, 126, 122, 255: 62
78, 117, 94, 255: 6
203, 194, 33, 255: 11
242, 113, 255, 255: 20
159, 162, 219, 255: 22
24, 39, 242, 255: 28
137, 23, 55, 255: 11
202, 34, 10, 255: 57
187, 69, 0, 255: 1
0, 58, 210, 255: 11
230, 89, 111, 255: 1
84, 156, 186, 255: 4
0, 55, 99, 255: 3
217, 29, 44, 255: 1
79, 46, 131, 255: 8
176, 216, 75, 255: 1
186, 118, 26, 255: 95
191, 255, 98, 255: 1
194, 159, 255, 255: 1
203, 203, 208, 255: 18
211, 130, 37, 255: 37
236, 242, 54, 255: 18
38, 162, 170, 255: 2
31, 14, 79, 255: 3
233, 29, 104, 255: 1
130, 173, 88, 255: 1
126, 138, 99, 255: 8
134, 243, 84, 255: 147
185, 104, 160, 255: 7
191, 216, 209, 255: 1
0, 24, 105, 255: 19
220, 85, 73, 255: 1
246, 153, 250, 255: 5
189, 227, 98, 255: 5
170, 164, 55, 255: 34
37, 18, 241, 255: 3
37, 69, 231, 255: 4
65, 144, 25, 255: 3
237, 9, 95, 255: 1
187, 30, 40, 255: 3
238, 134, 223, 255: 3
193, 255, 6, 255: 2
193, 195, 69, 255: 7
105, 70, 167, 255: 4
2, 47, 66, 255: 1
0, 232, 182, 255: 3
148, 250, 96, 255: 1
38, 46, 100, 255: 22
148, 255, 136, 255: 1
132, 161, 234, 255: 1
234, 101, 188, 255: 27
252, 137, 191, 255: 1
180, 109, 174, 255: 41
211, 64, 172, 255: 1
143, 208, 244, 255: 4
252, 116, 253, 255: 1
62, 101, 44, 255: 2
215, 198, 86, 255: 245
250, 185, 113, 255: 9
30, 24, 90, 255: 3
18, 190, 157, 255: 8
131, 64, 220, 255: 74
242, 69, 37, 255: 1
93, 113, 25, 255: 6
35, 106, 142, 255: 17
236, 153, 216, 255: 7
0, 132, 172, 255: 1
36, 73, 140, 255: 2
88, 248, 95, 255: 5
88, 21, 91, 255: 1
124, 123, 232, 255: 9
30, 126, 150, 255: 2
40, 255, 203, 255: 6
147, 30, 56, 255: 2
133, 162, 200, 255: 97
214, 106, 182, 255: 31
102, 164, 142, 255: 3
0, 48, 83, 255: 4186
44, 69, 72, 255: 1
44, 217, 177, 255: 2
115, 144, 183, 255: 4
6, 13, 192, 255: 2
135, 135, 23, 255: 27
185, 8, 73, 255: 1
182, 141, 33, 255: 1
30, 210, 226, 255: 2
152, 224, 115, 255: 4
0, 98, 71, 255: 8
236, 106, 163, 255: 1
6, 7, 117, 255: 1
116, 216, 148, 255: 707
238, 227, 182, 255: 20
214, 246, 9, 255: 45
0, 85, 15, 255: 3
134, 134, 22, 255: 24
251, 233, 167, 255: 2
30, 202, 51, 255: 4
70, 53, 78, 255: 7
139, 78, 47, 255: 2
6, 243, 36, 255: 1
177, 255, 210, 255: 2
119, 60, 129, 255: 7
244, 112, 216, 255: 21
126, 243, 251, 255: 9
134, 216, 73, 255: 2
147, 255, 32, 255: 1
92, 120, 255, 255: 12
45, 133, 246, 255: 3
78, 69, 52, 255: 2
129, 217, 76, 255: 13
179, 23, 216, 255: 5
188, 153, 114, 255: 7
229, 77, 243, 255: 15
79, 58, 152, 255: 2
22, 228, 130, 255: 2
192, 166, 72, 255: 3
89, 236, 240, 255: 13
66, 35, 184, 255: 1
93, 134, 174, 255: 4
43, 87, 139, 255: 11
20, 110, 175, 255: 1
188, 171, 99, 255: 1
73, 131, 249, 255: 2
28, 165, 16, 255: 21
137, 107, 177, 255: 14
206, 118, 153, 255: 9
239, 165, 174, 255: 11
225, 27, 33, 255: 7
174, 15, 7, 255: 1
0, 223, 109, 255: 1
204, 61, 25, 255: 6
125, 234, 75, 255: 5
88, 34, 255, 255: 28
0, 181, 125, 255: 4
191, 136, 177, 255: 1
187, 141, 230, 255: 13
255, 135, 248, 255: 7
140, 181, 7, 255: 1
158, 79, 234, 255: 105
108, 32, 23, 255: 135
242, 38, 113, 255: 2
190, 252, 129, 255: 5
193, 130, 106, 255: 1
137, 114, 179, 255: 28
0, 236, 186, 255: 6
91, 111, 23, 255: 2
240, 83, 27, 255: 33
0, 41, 131, 255: 7
160, 149, 99, 255: 9
160, 66, 243, 255: 2
98, 1, 14, 255: 8
41, 40, 47, 255: 3
135, 8, 197, 255: 6
27, 254, 138, 255: 65
0, 206, 227, 255: 27
143, 168, 155, 255: 11
28, 43, 246, 255: 25
36, 203, 120, 255: 23
187, 53, 136, 255: 1
0, 204, 161, 255: 2
126, 180, 206, 255: 1
63, 132, 157, 255: 1
146, 58, 86, 255: 23
92, 51, 225, 255: 19
126, 136, 34, 255: 1
176, 122, 198, 255: 1
83, 177, 36, 255: 2
245, 82, 213, 255: 1
191, 69, 77, 255: 4
76, 192, 95, 255: 16
195, 128, 70, 255: 1
253, 75, 147, 255: 7
26, 151, 250, 255: 3
0, 247, 241, 255: 6
216, 231, 173, 255: 18
0, 4, 45, 255: 3
208, 153, 87, 255: 1
179, 202, 239, 255: 1
230, 241, 214, 255: 1
186, 97, 21, 255: 56
155, 45, 55, 255: 1
107, 191, 45, 255: 4
185, 71, 109, 255: 4
35, 232, 223, 255: 8
32, 217, 36, 255: 2
36, 132, 156, 255: 14
187, 255, 60, 255: 5
81, 173, 225, 255: 3
0, 23, 24, 255: 2
198, 236, 107, 255: 5
232, 61, 189, 255: 9
232, 1, 24, 255: 1
90, 98, 158, 255: 27
89, 216, 128, 255: 6
0, 3, 232, 255: 43
241, 46, 168, 255: 2
126, 202, 144, 255: 2
24, 11, 127, 255: 6
0, 159, 84, 255: 3920
250, 91, 82, 255: 1
238, 139, 160, 255: 30
0, 125, 53, 255: 2
36, 21, 177, 255: 12
233, 232, 94, 255: 1
98, 22, 53, 255: 6
210, 8, 187, 255: 1
232, 135, 218, 255: 30
247, 35, 164, 255: 1
137, 154, 230, 255: 2
235, 160, 67, 255: 5
129, 192, 165, 255: 2
58, 203, 190, 255: 3
44, 255, 68, 255: 2
91, 97, 139, 255: 1
104, 9, 120, 255: 2
52, 80, 53, 255: 4
49, 27, 126, 255: 16
0, 8, 148, 255: 1
136, 117, 196, 255: 5
40, 135, 244, 255: 9
145, 56, 169, 255: 1
0, 168, 226, 255: 47
187, 249, 228, 255: 1
197, 89, 204, 255: 71
148, 148, 147, 255: 33
173, 114, 188, 255: 1
4, 250, 95, 255: 1
78, 18, 237, 255: 23
211, 103, 179, 255: 59
182, 119, 95, 255: 17
0, 41, 32, 255: 3
42, 6, 152, 255: 1
83, 87, 203, 255: 1
204, 220, 47, 255: 11
54, 164, 39, 255: 2
31, 255, 199, 255: 1
237, 104, 191, 255: 16
121, 219, 52, 255: 2
134, 73, 42, 255: 19
42, 91, 74, 255: 1
0, 209, 52, 255: 1
190, 56, 175, 255: 12
255, 51, 3, 255: 1
143, 29, 61, 255: 14
220, 245, 96, 255: 1
131, 191, 183, 255: 2
42, 141, 110, 255: 1
68, 195, 108, 255: 1
91, 211, 128, 255: 1
142, 216, 78, 255: 5
0, 238, 172, 255: 1
234, 104, 32, 255: 2
228, 206, 188, 255: 2
186, 76, 93, 255: 7
143, 16, 33, 255: 5
190, 166, 238, 255: 6
82, 182, 7, 255: 28
184, 113, 214, 255: 14
45, 166, 51, 255: 4
38, 255, 87, 255: 2
87, 21, 207, 255: 6
93, 9, 1, 255: 1
99, 131, 52, 255: 3
0, 28, 109, 255: 7
105, 252, 230, 255: 1
110, 87, 51, 255: 34
92, 126, 255, 255: 20
243, 255, 145, 255: 2
48, 246, 91, 255: 29
110, 183, 28, 255: 142
90, 106, 158, 255: 4
95, 226, 254, 255: 2
234, 2, 211, 255: 2
246, 255, 239, 255: 4
178, 22, 215, 255: 7
81, 252, 6, 255: 4
89, 84, 118, 255: 1
92, 135, 90, 255: 1
37, 169, 88, 255: 4
31, 140, 161, 255: 12
188, 250, 8, 255: 1
49, 242, 121, 255: 1
132, 128, 113, 255: 1
231, 190, 252, 255: 3
0, 21, 72, 255: 1
149, 118, 52, 255: 2
69, 42, 58, 255: 1
185, 38, 177, 255: 1
4, 233, 1, 255: 1
57, 29, 60, 255: 1
236, 198, 205, 255: 1
186, 82, 248, 255: 39
96, 39, 135, 255: 2
147, 213, 164, 255: 7
32, 75, 246, 255: 1
196, 200, 172, 255: 4
183, 90, 9, 255: 11
244, 22, 177, 255: 4
31, 186, 255, 255: 1
211, 26, 140, 255: 1152
24, 114, 215, 255: 3
22, 232, 39, 255: 1
182, 232, 65, 255: 9
87, 247, 94, 255: 5
134, 196, 133, 255: 1
92, 252, 99, 255: 2
157, 213, 89, 255: 1
172, 41, 120, 255: 2
142, 31, 126, 255: 10
219, 72, 26, 255: 1
28, 65, 158, 255: 2
0, 172, 51, 255: 2
235, 83, 249, 255: 12
235, 6, 58, 255: 10
222, 57, 116, 255: 1
187, 251, 191, 255: 34
16, 108, 16, 255: 1
45, 255, 165, 255: 1
33, 255, 26, 255: 2
12, 87, 175, 255: 1
194, 140, 62, 255: 12
190, 53, 166, 255: 19
28, 57, 239, 255: 3
56, 210, 210, 255: 1
91, 250, 190, 255: 3
57, 242, 210, 255: 1
137, 59, 242, 255: 22
27, 75, 177, 255: 40
40, 94, 136, 255: 8
0, 47, 14, 255: 1
184, 37, 57, 255: 3
42, 143, 108, 255: 11
42, 13, 189, 255: 7
236, 255, 117, 255: 1
136, 30, 91, 255: 6
248, 162, 255, 255: 1
138, 49, 69, 255: 1
150, 150, 149, 255: 42
221, 185, 153, 255: 953
130, 1, 92, 255: 1
0, 214, 23, 255: 1
36, 78, 112, 255: 20
138, 220, 230, 255: 9
76, 137, 159, 255: 1
41, 82, 154, 255: 2
108, 244, 213, 255: 1
201, 222, 16, 255: 4
242, 206, 209, 255: 5
183, 255, 243, 255: 1
0, 86, 69, 255: 7
159, 203, 71, 255: 1
89, 7, 217, 255: 2
187, 131, 220, 255: 5
235, 31, 71, 255: 1
190, 247, 38, 255: 42
177, 153, 122, 255: 9
142, 120, 101, 255: 31
70, 216, 202, 255: 1
200, 15, 169, 255: 9
218, 168, 3, 255: 1122
34, 42, 249, 255: 1
46, 80, 49, 255: 1
0, 171, 50, 255: 1
235, 14, 130, 255: 24
210, 182, 61, 255: 256
191, 200, 69, 255: 16
33, 57, 16, 255: 4
127, 217, 138, 255: 48
137, 231, 166, 255: 2
196, 95, 255, 255: 17
128, 36, 204, 255: 5
137, 221, 74, 255: 8
188, 172, 155, 255: 2
208, 23, 137, 255: 1141
245, 213, 194, 255: 3
183, 52, 13, 255: 1
87, 181, 76, 255: 4
190, 210, 88, 255: 44
246, 153, 97, 255: 16
39, 44, 230, 255: 1
37, 74, 141, 255: 2
133, 238, 174, 255: 9
79, 203, 145, 255: 1
26, 255, 172, 255: 1
249, 90, 81, 255: 1
212, 118, 45, 255: 1
2, 11, 146, 255: 1
210, 201, 0, 255: 67
157, 212, 128, 255: 2
60, 90, 123, 255: 32
234, 250, 190, 255: 14
0, 44, 10, 255: 1
130, 170, 217, 255: 8
0, 176, 188, 255: 1
27, 182, 72, 255: 3
230, 227, 93, 255: 9
245, 148, 231, 255: 7
240, 177, 195, 255: 17
134, 180, 75, 255: 10
220, 244, 96, 255: 1
118, 219, 150, 255: 12
42, 157, 255, 255: 1
143, 222, 16, 255: 3
134, 133, 242, 255: 11
195, 163, 68, 255: 6
188, 176, 173, 255: 5
144, 17, 69, 255: 1
233, 84, 195, 255: 7
143, 242, 246, 255: 1
243, 254, 144, 255: 39
132, 159, 98, 255: 15
81, 136, 89, 255: 1
100, 57, 243, 255: 25
232, 163, 77, 255: 5
166, 21, 224, 255: 2
187, 255, 96, 255: 2
231, 60, 50, 255: 1
244, 255, 204, 255: 1
204, 141, 164, 255: 3
250, 187, 213, 255: 1
0, 64, 29, 255: 1
98, 171, 158, 255: 4
86, 163, 201, 255: 29
188, 19, 140, 255: 24
180, 131, 214, 255: 2
0, 18, 90, 255: 19
237, 17, 151, 255: 2
91, 80, 183, 255: 2
48, 111, 82, 255: 4
9, 31, 146, 255: 2179
0, 76, 10, 255: 2
85, 9, 66, 255: 1
93, 84, 250, 255: 1
248, 187, 48, 255: 3
210, 77, 165, 255: 190
119, 131, 93, 255: 51
145, 16, 107, 255: 1
161, 139, 208, 255: 1
134, 196, 169, 255: 2
128, 122, 198, 255: 2
29, 229, 27, 255: 93
141, 127, 19, 255: 9
254, 227, 251, 255: 1
127, 90, 202, 255: 2
63, 7, 168, 255: 48
255, 98, 111, 255: 1
87, 133, 187, 255: 1
193, 255, 64, 255: 3
126, 218, 238, 255: 5
87, 208, 154, 255: 1
224, 1, 19, 255: 11
119, 181, 16, 255: 3
105, 189, 185, 255: 1
0, 10, 205, 255: 1113
85, 255, 28, 255: 1
192, 255, 7, 255: 2
55, 236, 107, 255: 1
208, 194, 92, 255: 1
244, 121, 136, 255: 2
241, 217, 109, 255: 2
42, 39, 211, 255: 1
77, 237, 237, 255: 5
0, 103, 81, 255: 1
189, 118, 81, 255: 1
39, 182, 212, 255: 7
102, 225, 86, 255: 1
100, 220, 111, 255: 1
18, 173, 63, 255: 1
242, 216, 193, 255: 14
119, 91, 113, 255: 2
190, 96, 88, 255: 1
200, 0, 131, 255: 1
191, 93, 72, 255: 1
140, 148, 58, 255: 11
227, 128, 113, 255: 8
27, 141, 169, 255: 1
136, 9, 198, 255: 12
137, 127, 70, 255: 4
193, 12, 255, 255: 20
190, 70, 40, 255: 1
205, 25, 248, 255: 7
238, 132, 122, 255: 1
79, 21, 118, 255: 1
236, 1, 240, 255: 1
74, 24, 150, 255: 1
138, 103, 104, 255: 3
27, 144, 76, 255: 9
45, 94, 77, 255: 1
103, 8, 119, 255: 2
82, 157, 250, 255: 14
149, 78, 184, 255: 54
63, 5, 209, 255: 1
130, 67, 229, 255: 8
196, 179, 235, 255: 1
39, 174, 37, 255: 15
44, 90, 240, 255: 69
0, 49, 216, 255: 47
11, 240, 224, 255: 4
103, 55, 172, 255: 1
241, 184, 23, 255: 13
40, 255, 181, 255: 1
72, 4, 56, 255: 10
85, 0, 230, 255: 11
249, 100, 246, 255: 2
76, 156, 97, 255: 6
203, 62, 22, 255: 1
34, 222, 11, 255: 2
99, 125, 106, 255: 18
125, 171, 30, 255: 1
31, 3, 60, 255: 7
74, 141, 169, 255: 1
55, 94, 37, 255: 18
134, 9, 150, 255: 3
157, 122, 226, 255: 1
80, 243, 50, 255: 23
128, 175, 70, 255: 1
73, 167, 179, 255: 4
93, 126, 255, 255: 4
111, 148, 252, 255: 1
43, 177, 195, 255: 1
222, 79, 156, 255: 2
94, 37, 133, 255: 2
226, 145, 51, 255: 2
146, 209, 190, 255: 6
89, 213, 155, 255: 1
34, 236, 14, 255: 1
178, 236, 236, 255: 4
132, 231, 98, 255: 16
156, 173, 210, 255: 4
93, 182, 145, 255: 43
157, 42, 86, 255: 1
147, 139, 227, 255: 10
203, 175, 196, 255: 1
239, 68, 196, 255: 41
20, 110, 211, 255: 1
192, 87, 45, 255: 1
93, 235, 170, 255: 9
241, 118, 133, 255: 1
27, 182, 174, 255: 24
248, 175, 192, 255: 8
27, 12, 132, 255: 3
3, 70, 132, 255: 5
47, 134, 111, 255: 1
184, 168, 84, 255: 2
0, 13, 217, 255: 40
253, 34, 39, 255: 1
182, 128, 50, 255: 4
237, 42, 28, 255: 1
138, 189, 245, 255: 3
0, 89, 32, 255: 2
30, 238, 203, 255: 56
0, 216, 148, 255: 59
76, 100, 63, 255: 3
1, 203, 242, 255: 2
228, 59, 250, 255: 6
0, 74, 141, 255: 1
26, 171, 154, 255: 11
123, 88, 42, 255: 6
130, 132, 119, 255: 7
0, 113, 75, 255: 32
0, 57, 33, 255: 1
74, 254, 174, 255: 2
39, 60, 49, 255: 3
104, 87, 159, 255: 1
111, 165, 90, 255: 54
231, 13, 135, 255: 3
230, 36, 239, 255: 11
84, 255, 83, 255: 4
77, 114, 249, 255: 5
123, 205, 215, 255: 10
222, 87, 229, 255: 1
189, 201, 168, 255: 42
0, 105, 92, 255: 1
142, 201, 168, 255: 3
77, 25, 52, 255: 1
176, 193, 229, 255: 6
87, 255, 133, 255: 1
227, 169, 118, 255: 17
191, 217, 163, 255: 3
26, 217, 105, 255: 39
104, 122, 192, 255: 2
138, 230, 250, 255: 28
184, 150, 248, 255: 7
231, 126, 171, 255: 1
38, 170, 192, 255: 7
90, 71, 227, 255: 19
95, 244, 174, 255: 3
89, 123, 255, 255: 1
145, 106, 10, 255: 25
99, 240, 3, 255: 1
85, 69, 129, 255: 6
252, 234, 168, 255: 5
90, 200, 70, 255: 1
188, 255, 200, 255: 7
142, 211, 5, 255: 69
0, 133, 104, 255: 36
239, 175, 158, 255: 11
127, 82, 62, 255: 1
81, 115, 160, 255: 1
0, 119, 13, 255: 1
255, 208, 255, 255: 4
41, 157, 101, 255: 51
178, 27, 187, 255: 6
195, 220, 213, 255: 4
129, 151, 194, 255: 1
131, 0, 73, 255: 2
39, 159, 153, 255: 1
189, 246, 191, 255: 1
36, 78, 147, 255: 17
161, 208, 71, 255: 3
241, 242, 122, 255: 9
94, 178, 174, 255: 2
38, 240, 255, 255: 1
103, 195, 255, 255: 2
241, 205, 208, 255: 3
85, 58, 47, 255: 14
31, 80, 217, 255: 28
85, 212, 160, 255: 48
45, 42, 61, 255: 1
14, 155, 169, 255: 4
61, 91, 124, 255: 15
150, 109, 144, 255: 1
16, 121, 138, 255: 2
28, 228, 128, 255: 2
233, 187, 180, 255: 11
193, 167, 38, 255: 1
105, 230, 150, 255: 2
187, 244, 35, 255: 9
85, 69, 196, 255: 1
38, 89, 171, 255: 1
53, 224, 85, 255: 1
41, 105, 157, 255: 1
93, 254, 109, 255: 20
105, 247, 28, 255: 1
250, 147, 81, 255: 19
233, 59, 181, 255: 6
173, 17, 210, 255: 1
31, 51, 102, 255: 13
186, 41, 243, 255: 2
0, 174, 143, 255: 3614
193, 247, 196, 255: 2
138, 61, 90, 255: 1
37, 217, 198, 255: 1
249, 29, 247, 255: 1
26, 209, 32, 255: 1
31, 203, 52, 255: 9
242, 255, 122, 255: 3
3, 131, 77, 255: 1
233, 74, 211, 255: 4
22, 192, 96, 255: 4
201, 123, 167, 255: 1
129, 98, 150, 255: 6
92, 106, 162, 255: 3
0, 154, 203, 255: 2539
240, 106, 231, 255: 9
176, 119, 62, 255: 2
44, 103, 249, 255: 2
36, 228, 150, 255: 1
111, 5, 67, 255: 23
204, 204, 209, 255: 12
117, 6, 0, 255: 1
49, 206, 87, 255: 3
139, 193, 255, 255: 12
56, 133, 211, 255: 1
143, 176, 228, 255: 11
128, 149, 20, 255: 23
24, 99, 32, 255: 8
134, 175, 221, 255: 29
102, 79, 185, 255: 7
141, 57, 136, 255: 9
251, 70, 43, 255: 41
0, 63, 52, 255: 3
25, 62, 27, 255: 1
0, 197, 120, 255: 50
52, 82, 154, 255: 3
26, 253, 137, 255: 43
97, 164, 228, 255: 2
160, 56, 70, 255: 1
248, 28, 25, 255: 3
186, 38, 142, 255: 68
197, 163, 142, 255: 2
0, 172, 239, 255: 7
77, 182, 76, 255: 1
185, 139, 126, 255: 5
165, 39, 188, 255: 11
188, 137, 158, 255: 11
35, 79, 28, 255: 2
193, 255, 125, 255: 2
101, 113, 216, 255: 1
143, 101, 246, 255: 1
217, 11, 106, 255: 1
192, 61, 243, 255: 7
55, 123, 35, 255: 1
92, 188, 219, 255: 18
0, 31, 245, 255: 93
229, 13, 198, 255: 25
18, 223, 89, 255: 1
132, 96, 242, 255: 2
192, 255, 114, 255: 1
39, 49, 64, 255: 1
113, 12, 15, 255: 1
0, 150, 75, 255: 2
241, 147, 73, 255: 8
138, 218, 166, 255: 7
177, 16, 12, 255: 2
110, 61, 139, 255: 16
131, 200, 250, 255: 2
37, 20, 85, 255: 20
232, 18, 237, 255: 2
141, 1, 57, 255: 2
88, 1, 23, 255: 14
234, 30, 3, 255: 4
150, 21, 85, 255: 1
155, 84, 150, 255: 1
227, 138, 132, 255: 3
161, 155, 46, 255: 2
230, 155, 62, 255: 2
54, 191, 114, 255: 24
71, 54, 79, 255: 8
0, 222, 74, 255: 1
52, 173, 17, 255: 60
0, 201, 167, 255: 1
7, 41, 165, 255: 50
94, 233, 189, 255: 3
193, 113, 59, 255: 10
229, 251, 39, 255: 1
234, 213, 41, 255: 1
235, 115, 228, 255: 1
157, 177, 95, 255: 3
163, 31, 111, 255: 12
160, 136, 106, 255: 206
81, 40, 214, 255: 16
40, 31, 8, 255: 23
147, 55, 70, 255: 1
47, 210, 160, 255: 8
0, 209, 106, 255: 25
29, 69, 40, 255: 11
190, 219, 7, 255: 32
91, 130, 72, 255: 4
11, 45, 169, 255: 43
147, 127, 34, 255: 2
120, 221, 152, 255: 23
254, 76, 148, 255: 16
189, 28, 60, 255: 17
0, 207, 7, 255: 41
42, 122, 170, 255: 1
190, 102, 137, 255: 1
28, 236, 201, 255: 108
0, 7, 146, 255: 1
0, 19, 36, 255: 57
17, 131, 58, 255: 1
98, 141, 96, 255: 1
184, 231, 93, 255: 3
0, 32, 189, 255: 2
141, 47, 117, 255: 1
189, 204, 177, 255: 7
194, 118, 115, 255: 5
76, 230, 229, 255: 3
41, 79, 62, 255: 59
111, 27, 107, 255: 22
132, 48, 127, 255: 28
17, 68, 13, 255: 1
0, 232, 152, 255: 10
192, 163, 73, 255: 1
0, 51, 176, 255: 1
86, 165, 118, 255: 28
133, 143, 41, 255: 14
50, 42, 248, 255: 1
137, 131, 171, 255: 16
131, 88, 131, 255: 6
189, 176, 155, 255: 1
255, 102, 60, 255: 4
144, 72, 255, 255: 22
85, 249, 74, 255: 5
89, 255, 146, 255: 3
58, 0, 62, 255: 130
78, 45, 27, 255: 1
218, 69, 181, 255: 1
83, 0, 73, 255: 17
129, 56, 16, 255: 1
0, 182, 96, 255: 1
175, 32, 103, 255: 10
178, 228, 61, 255: 17
177, 112, 179, 255: 1
217, 21, 127, 255: 8
61, 179, 182, 255: 91
87, 15, 16, 255: 11
172, 126, 77, 255: 5
241, 183, 14, 255: 1
124, 35, 173, 255: 9
245, 144, 177, 255: 13
69, 171, 96, 255: 2
236, 6, 131, 255: 1
241, 192, 198, 255: 13
80, 174, 33, 255: 3
82, 255, 72, 255: 15
243, 210, 255, 255: 7
198, 46, 253, 255: 5
200, 35, 164, 255: 1
185, 59, 207, 255: 1
139, 255, 27, 255: 5
0, 240, 170, 255: 5
86, 186, 47, 255: 12
240, 108, 40, 255: 13
125, 74, 53, 255: 4
187, 19, 251, 255: 1
86, 216, 6, 255: 2
103, 102, 98, 255: 1
153, 13, 222, 255: 1
164, 52, 52, 255: 6
0, 177, 13, 255: 28
255, 41, 115, 255: 5
156, 121, 225, 255: 1
171, 94, 92, 255: 2
91, 221, 11, 255: 4
91, 23, 221, 255: 2
228, 255, 101, 255: 1
92, 222, 12, 255: 2
92, 120, 199, 255: 11
94, 190, 221, 255: 13
175, 87, 75, 255: 8
47, 93, 243, 255: 39
229, 221, 255, 255: 867
39, 255, 63, 255: 5
192, 51, 11, 255: 1
129, 112, 179, 255: 5
238, 141, 224, 255: 77
160, 36, 27, 255: 187
196, 138, 230, 255: 2
247, 104, 63, 255: 4
241, 90, 138, 255: 28
88, 227, 183, 255: 7
177, 18, 113, 255: 16
70, 10, 8, 255: 1
183, 236, 167, 255: 35
251, 62, 124, 255: 99
134, 202, 255, 255: 11
30, 7, 149, 255: 1
133, 44, 182, 255: 9
197, 42, 253, 255: 5
187, 216, 177, 255: 12
137, 14, 147, 255: 1
32, 222, 183, 255: 1
52, 5, 76, 255: 13
86, 39, 109, 255: 43
96, 20, 51, 255: 5
209, 228, 114, 255: 17
85, 160, 135, 255: 9
245, 102, 61, 255: 8
6, 216, 24, 255: 222
2, 159, 251, 255: 10
188, 6, 28, 255: 4
68, 190, 33, 255: 2
50, 78, 51, 255: 3
149, 47, 52, 255: 1
239, 223, 145, 255: 3
142, 105, 191, 255: 3
127, 4, 244, 255: 5
43, 21, 120, 255: 19
186, 121, 35, 255: 7
75, 136, 158, 255: 2
31, 85, 127, 255: 15
0, 15, 61, 255: 1
253, 205, 57, 255: 1
57, 192, 16, 255: 4
132, 245, 92, 255: 2
185, 87, 101, 255: 25
60, 234, 153, 255: 1
187, 237, 70, 255: 2
77, 210, 124, 255: 1
233, 150, 249, 255: 2
10, 77, 100, 255: 1
160, 180, 99, 255: 1
0, 242, 14, 255: 8
76, 148, 142, 255: 12
122, 30, 71, 255: 2
127, 102, 2, 255: 2
81, 29, 159, 255: 1
42, 109, 167, 255: 23
31, 176, 159, 255: 8
127, 162, 12, 255: 3
53, 33, 89, 255: 1
75, 192, 130, 255: 3
104, 124, 36, 255: 2
4, 93, 32, 255: 1
238, 54, 203, 255: 3
184, 207, 182, 255: 1
198, 35, 233, 255: 4
95, 41, 116, 255: 2
138, 46, 61, 255: 3
35, 147, 77, 255: 1
41, 150, 110, 255: 1
231, 117, 123, 255: 5
127, 156, 91, 255: 1
213, 193, 239, 255: 5
137, 203, 17, 255: 3
245, 133, 55, 255: 1
144, 201, 70, 255: 3
163, 67, 145, 255: 349
28, 197, 40, 255: 1
126, 75, 54, 255: 10
134, 173, 37, 255: 1
37, 55, 202, 255: 10
184, 209, 156, 255: 19
0, 233, 51, 255: 6
39, 233, 218, 255: 1
142, 255, 8, 255: 1
32, 35, 20, 255: 2
182, 55, 251, 255: 1
0, 146, 229, 255: 2
125, 162, 8, 255: 1
154, 77, 115, 255: 1
0, 100, 86, 255: 1
81, 38, 113, 255: 11
116, 228, 194, 255: 1
12, 153, 167, 255: 5
72, 119, 228, 255: 1
238, 124, 233, 255: 1
86, 133, 242, 255: 22
128, 50, 198, 255: 63
194, 117, 187, 255: 1
177, 192, 129, 255: 1
155, 243, 212, 255: 4
237, 102, 192, 255: 3
80, 142, 18, 255: 1
217, 183, 96, 255: 2
197, 45, 99, 255: 18
140, 83, 168, 255: 1
13, 195, 173, 255: 1
253, 133, 246, 255: 22
197, 123, 255, 255: 13
0, 152, 210, 255: 2
87, 121, 30, 255: 29
94, 153, 50, 255: 3
117, 86, 139, 255: 2
85, 179, 192, 255: 26
38, 28, 255, 255: 1132
0, 52, 185, 255: 3
181, 236, 9, 255: 11
186, 152, 28, 255: 1
80, 84, 166, 255: 2
229, 142, 52, 255: 1
201, 140, 6, 255: 2
99, 178, 131, 255: 6
108, 198, 121, 255: 122
176, 117, 191, 255: 2
143, 105, 110, 255: 1
20, 253, 104, 255: 4
243, 122, 255, 255: 11
22, 120, 96, 255: 1
193, 26, 210, 255: 9
152, 222, 117, 255: 1
81, 17, 9, 255: 1
138, 255, 73, 255: 1
197, 238, 207, 255: 29
0, 49, 152, 255: 3
82, 126, 8, 255: 2
171, 147, 117, 255: 1
0, 123, 16, 255: 1
80, 248, 160, 255: 5
36, 253, 164, 255: 25
194, 89, 174, 255: 1
222, 120, 161, 255: 1
44, 26, 176, 255: 2
45, 58, 53, 255: 6
97, 65, 5, 255: 10
234, 65, 154, 255: 1
0, 223, 31, 255: 4
180, 252, 103, 255: 40
25, 120, 229, 255: 2
112, 1, 251, 255: 2
129, 68, 37, 255: 27
82, 83, 75, 255: 2
82, 28, 103, 255: 3
176, 33, 104, 255: 6
28, 5, 214, 255: 9
227, 108, 173, 255: 13
96, 163, 227, 255: 2
251, 4, 25, 255: 1
154, 144, 133, 255: 2
201, 15, 16, 255: 1
23, 198, 7, 255: 6
0, 187, 165, 255: 6
255, 57, 107, 255: 1
100, 82, 0, 255: 5
140, 192, 36, 255: 1
239, 72, 179, 255: 10
138, 255, 87, 255: 1
202, 114, 149, 255: 12
104, 185, 237, 255: 1
140, 175, 61, 255: 12
126, 56, 12, 255: 2
146, 23, 156, 255: 11
87, 222, 81, 255: 120
196, 205, 109, 255: 4
0, 110, 63, 255: 30
194, 39, 250, 255: 4
37, 1, 249, 255: 4
106, 188, 199, 255: 345
38, 75, 142, 255: 1
189, 222, 24, 255: 12
145, 157, 118, 255: 1
195, 203, 119, 255: 20
37, 255, 238, 255: 2
248, 194, 123, 255: 3
135, 103, 74, 255: 1
36, 162, 199, 255: 1
235, 29, 160, 255: 22
147, 15, 136, 255: 1
143, 193, 66, 255: 24
39, 255, 157, 255: 2
86, 78, 116, 255: 1
82, 209, 157, 255: 29
39, 82, 253, 255: 2
80, 223, 213, 255: 11
188, 95, 116, 255: 2
0, 129, 223, 255: 1324
83, 11, 12, 255: 2
77, 17, 236, 255: 23
201, 173, 91, 255: 24
37, 77, 48, 255: 18
101, 105, 41, 255: 1
33, 90, 102, 255: 3
189, 3, 149, 255: 2
252, 184, 14, 255: 5
251, 81, 217, 255: 1
9, 21, 127, 255: 3
212, 16, 122, 255: 81
215, 74, 251, 255: 2
200, 255, 91, 255: 2
0, 106, 246, 255: 22
152, 142, 131, 255: 7
71, 71, 209, 255: 2
0, 240, 136, 255: 15
137, 114, 77, 255: 2
0, 253, 247, 255: 4
55, 41, 51, 255: 4
36, 80, 29, 255: 2
171, 144, 16, 255: 4
233, 60, 90, 255: 2
140, 7, 119, 255: 14
153, 214, 199, 255: 1
46, 32, 42, 255: 19
58, 110, 58, 255: 1
99, 90, 0, 255: 1
92, 218, 75, 255: 1
20, 245, 31, 255: 6
82, 61, 155, 255: 2
88, 205, 143, 255: 10
138, 22, 212, 255: 2
29, 154, 89, 255: 2
206, 117, 254, 255: 1
243, 47, 151, 255: 10
60, 4, 165, 255: 3
34, 192, 255, 255: 1122
23, 196, 199, 255: 3
232, 218, 9, 255: 1
206, 92, 99, 255: 8
0, 202, 154, 255: 1
38, 60, 221, 255: 5
142, 5, 185, 255: 7
241, 189, 216, 255: 1
233, 177, 224, 255: 32
0, 14, 218, 255: 140
113, 98, 75, 255: 1
130, 159, 197, 255: 41
215, 179, 147, 255: 1156
248, 229, 155, 255: 2
30, 129, 252, 255: 1
251, 7, 254, 255: 2
131, 200, 241, 255: 1
248, 246, 3, 255: 7
40, 146, 43, 255: 1
175, 228, 159, 255: 9
147, 167, 85, 255: 10
39, 91, 207, 255: 2
245, 93, 105, 255: 3
183, 225, 249, 255: 1
92, 223, 251, 255: 2
91, 219, 21, 255: 1
27, 213, 195, 255: 1
237, 246, 37, 255: 2
180, 46, 62, 255: 13
245, 237, 70, 255: 2
33, 209, 36, 255: 10
82, 141, 38, 255: 3
152, 97, 178, 255: 2
28, 255, 35, 255: 1
90, 139, 90, 255: 25
181, 108, 110, 255: 6
77, 124, 130, 255: 4
35, 232, 69, 255: 1
194, 50, 168, 255: 20
23, 247, 188, 255: 2
242, 181, 6, 255: 16
163, 106, 23, 255: 1
234, 230, 42, 255: 1
87, 174, 38, 255: 20
38, 126, 239, 255: 34
240, 255, 27, 255: 1
146, 53, 141, 255: 3
53, 163, 255, 255: 45
155, 244, 173, 255: 5
30, 160, 164, 255: 98
36, 63, 191, 255: 1
71, 63, 254, 255: 9
51, 34, 202, 255: 2
7, 74, 97, 255: 26
192, 206, 15, 255: 2
34, 126, 69, 255: 1
170, 124, 75, 255: 3
38, 178, 9, 255: 5
235, 154, 60, 255: 50
44, 55, 54, 255: 1
48, 139, 197, 255: 1
76, 35, 173, 255: 20
192, 246, 58, 255: 14
143, 223, 25, 255: 20
228, 42, 53, 255: 1
47, 215, 234, 255: 1
28, 43, 25, 255: 1
90, 24, 210, 255: 2
233, 164, 78, 255: 6
85, 255, 119, 255: 2
231, 162, 76, 255: 2
43, 235, 141, 255: 5
0, 112, 64, 255: 141
181, 155, 61, 255: 4
211, 67, 31, 255: 1
30, 89, 235, 255: 5
244, 255, 8, 255: 2
37, 41, 116, 255: 14
242, 231, 222, 255: 30
255, 94, 243, 255: 5
91, 178, 42, 255: 40
90, 54, 133, 255: 3
36, 118, 154, 255: 2
39, 145, 6, 255: 7
139, 196, 100, 255: 5
0, 143, 59, 255: 1027
84, 90, 255, 255: 8
23, 173, 250, 255: 1
88, 125, 114, 255: 2
140, 136, 157, 255: 1
147, 137, 126, 255: 68
50, 88, 71, 255: 19
241, 59, 117, 255: 1
102, 5, 18, 255: 1
255, 162, 106, 255: 14
193, 224, 111, 255: 5
192, 37, 146, 255: 13
227, 125, 202, 255: 1
242, 168, 186, 255: 2
81, 158, 93, 255: 1
46, 175, 227, 255: 4
48, 26, 125, 255: 24
32, 121, 161, 255: 3
145, 195, 68, 255: 30
157, 149, 83, 255: 1
240, 99, 255, 255: 1
36, 107, 143, 255: 13
70, 188, 190, 255: 1
124, 18, 79, 255: 20
25, 48, 162, 255: 50
135, 51, 130, 255: 15
231, 148, 247, 255: 1
180, 139, 31, 255: 2
185, 219, 111, 255: 10
185, 1, 108, 255: 69
140, 11, 102, 255: 5
195, 67, 126, 255: 3
242, 235, 204, 255: 14
244, 55, 117, 255: 15
240, 33, 128, 255: 3
76, 150, 89, 255: 3
0, 232, 216, 255: 17
142, 171, 209, 255: 8
83, 87, 169, 255: 4
128, 37, 112, 255: 1
41, 23, 209, 255: 1
81, 62, 218, 255: 6
27, 180, 227, 255: 2
45, 48, 136, 255: 3
191, 115, 112, 255: 23
81, 54, 43, 255: 9
182, 255, 0, 255: 1
0, 48, 53, 255: 1
155, 75, 15, 255: 4
145, 131, 23, 255: 4
136, 190, 252, 255: 11
184, 94, 240, 255: 9
57, 247, 28, 255: 1
78, 70, 5, 255: 9
100, 55, 143, 255: 6
11, 20, 155, 255: 1
54, 183, 194, 255: 67
123, 238, 45, 255: 3
24, 81, 93, 255: 12
0, 87, 60, 255: 1
80, 51, 114, 255: 3
12, 5, 165, 255: 3
199, 97, 25, 255: 8
95, 176, 74, 255: 1
88, 3, 233, 255: 3
34, 49, 252, 255: 12
133, 254, 20, 255: 1
134, 29, 126, 255: 5
25, 186, 247, 255: 1
0, 252, 182, 255: 1027
91, 97, 242, 255: 2
91, 210, 211, 255: 2
214, 208, 105, 255: 2
138, 144, 109, 255: 2
105, 115, 18, 255: 1
250, 58, 23, 255: 13
125, 43, 68, 255: 1132
42, 127, 116, 255: 1
245, 110, 200, 255: 1
181, 215, 72, 255: 2
24, 86, 39, 255: 1
200, 48, 255, 255: 1
131, 117, 92, 255: 5
236, 118, 219, 255: 31
138, 237, 241, 255: 1
177, 123, 45, 255: 1
145, 228, 0, 255: 2
181, 198, 13, 255: 2
187, 255, 41, 255: 1
191, 130, 22, 255: 1
39, 14, 15, 255: 6
142, 67, 255, 255: 4
160, 161, 120, 255: 125
229, 191, 95, 255: 3
161, 241, 146, 255: 1
154, 39, 237, 255: 2
45, 120, 100, 255: 19
219, 15, 210, 255: 2
185, 43, 215, 255: 7
59, 94, 195, 255: 1
80, 160, 101, 255: 6
70, 117, 123, 255: 3
189, 171, 244, 255: 15
10, 195, 118, 255: 3
170, 203, 214, 255: 1
189, 87, 198, 255: 2
88, 95, 156, 255: 20
95, 96, 88, 255: 39
139, 108, 42, 255: 8
237, 255, 212, 255: 1
0, 133, 207, 255: 2
0, 127, 222, 255: 42
50, 3, 114, 255: 1
189, 226, 217, 255: 6
32, 212, 126, 255: 7
173, 125, 13, 255: 2
88, 7, 251, 255: 1
79, 74, 108, 255: 34
238, 32, 163, 255: 28
209, 93, 2, 255: 2277
230, 197, 170, 255: 1
143, 192, 149, 255: 10
232, 69, 73, 255: 6
252, 124, 70, 255: 20
0, 199, 221, 255: 2
30, 45, 248, 255: 26
39, 47, 101, 255: 14
91, 132, 172, 255: 11
134, 255, 255, 255: 2
239, 138, 171, 255: 1
238, 231, 200, 255: 6
250, 61, 123, 255: 132
232, 141, 73, 255: 6
245, 52, 100, 255: 2
128, 94, 47, 255: 23
99, 84, 101, 255: 4
142, 175, 73, 255: 9
33, 221, 10, 255: 4
0, 101, 19, 255: 115
19, 243, 183, 255: 2
29, 17, 14, 255: 15
98, 130, 51, 255: 2
137, 180, 198, 255: 1
29, 234, 100, 255: 3
73, 109, 209, 255: 1
86, 192, 130, 255: 1
98, 190, 250, 255: 3
141, 55, 71, 255: 4
34, 250, 162, 255: 76
206, 82, 222, 255: 3
196, 110, 14, 255: 1
143, 38, 236, 255: 2
41, 54, 40, 255: 4
168, 187, 66, 255: 6
77, 132, 49, 255: 3
0, 50, 119, 255: 1125
232, 153, 93, 255: 1
124, 211, 34, 255: 3
188, 121, 200, 255: 5
81, 255, 35, 255: 3
188, 209, 3, 255: 13
184, 128, 208, 255: 2
99, 238, 75, 255: 1
184, 153, 230, 255: 2
138, 195, 64, 255: 24
80, 83, 129, 255: 1
81, 236, 14, 255: 2
227, 163, 43, 255: 5
194, 241, 103, 255: 1
240, 114, 48, 255: 1
185, 14, 147, 255: 1
126, 116, 59, 255: 16
185, 87, 66, 255: 29
138, 222, 255, 255: 22
8, 253, 213, 255: 3
182, 98, 91, 255: 1
112, 111, 221, 255: 2
35, 255, 203, 255: 2
166, 62, 229, 255: 9
140, 251, 110, 255: 1
83, 178, 107, 255: 2
202, 143, 252, 255: 1
136, 106, 176, 255: 11
125, 80, 127, 255: 1
55, 85, 157, 255: 1
233, 51, 134, 255: 4
184, 70, 108, 255: 1
92, 4, 110, 255: 1
75, 114, 91, 255: 1
195, 195, 200, 255: 14
85, 224, 61, 255: 7
174, 152, 67, 255: 1131
137, 87, 255, 255: 1
192, 95, 211, 255: 1
248, 255, 56, 255: 2
100, 255, 69, 255: 1
0, 21, 101, 255: 7
114, 108, 149, 255: 1344
55, 102, 212, 255: 4
80, 185, 255, 255: 5
27, 34, 172, 255: 10
247, 255, 218, 255: 2
229, 148, 207, 255: 3
83, 255, 166, 255: 1
181, 50, 11, 255: 1
92, 78, 47, 255: 3
94, 4, 47, 255: 2
244, 66, 138, 255: 1
37, 31, 106, 255: 9
37, 44, 255, 255: 7
229, 244, 185, 255: 11
219, 213, 110, 255: 2
81, 150, 21, 255: 7
85, 46, 100, 255: 1
198, 161, 169, 255: 12
132, 68, 67, 255: 3
95, 56, 37, 255: 3
134, 208, 189, 255: 1
86, 18, 208, 255: 3
99, 67, 7, 255: 4
107, 111, 162, 255: 53
248, 118, 148, 255: 4
78, 100, 0, 255: 2
34, 99, 176, 255: 1
0, 144, 192, 255: 2150
126, 67, 134, 255: 11
30, 7, 114, 255: 1
115, 23, 39, 255: 2
181, 138, 188, 255: 23
0, 237, 124, 255: 6
5, 80, 14, 255: 2
187, 30, 70, 255: 1
113, 197, 51, 255: 10
241, 67, 190, 255: 11
224, 240, 180, 255: 5
32, 129, 80, 255: 7
60, 54, 89, 255: 1228
131, 230, 97, 255: 16
149, 50, 70, 255: 33
250, 97, 55, 255: 11
142, 172, 91, 255: 1
116, 85, 138, 255: 1
66, 195, 207, 255: 5
57, 134, 173, 255: 3
162, 134, 7, 255: 209
90, 49, 223, 255: 23
9, 139, 144, 255: 194
0, 18, 133, 255: 2
40, 194, 234, 255: 10
242, 245, 70, 255: 1
164, 148, 29, 255: 26
8, 174, 176, 255: 2
36, 252, 128, 255: 4
111, 41, 101, 255: 2
34, 228, 213, 255: 6
134, 13, 255, 255: 1
30, 34, 109, 255: 4
182, 23, 118, 255: 59
88, 24, 16, 255: 9
134, 91, 134, 255: 4
13, 6, 166, 255: 1
194, 255, 124, 255: 3
35, 61, 155, 255: 1
29, 182, 76, 255: 2
40, 204, 106, 255: 1
198, 186, 183, 255: 131
144, 253, 94, 255: 3
136, 75, 44, 255: 12
141, 15, 50, 255: 1
235, 100, 124, 255: 10
184, 254, 6, 255: 33
0, 11, 249, 255: 1
127, 49, 197, 255: 56
195, 189, 152, 255: 1
0, 177, 56, 255: 1986
233, 192, 254, 255: 3
102, 211, 53, 255: 1
128, 208, 156, 255: 9
231, 154, 157, 255: 1
31, 159, 100, 255: 32
13, 82, 204, 255: 34
188, 233, 255, 255: 3
137, 242, 32, 255: 1
108, 217, 59, 255: 73
39, 216, 226, 255: 10
229, 115, 194, 255: 1
29, 229, 165, 255: 1
134, 81, 150, 255: 1
246, 97, 208, 255: 9
125, 185, 213, 255: 1
0, 13, 55, 255: 1
75, 230, 126, 255: 7
232, 254, 42, 255: 3
129, 255, 33, 255: 1
239, 117, 212, 255: 5
19, 24, 253, 255: 1
78, 98, 120, 255: 37
6, 40, 10, 255: 2
0, 247, 53, 255: 13
92, 66, 228, 255: 18
7, 85, 157, 255: 1
139, 108, 255, 255: 1
164, 87, 85, 255: 54
248, 163, 18, 255: 8
2, 52, 140, 255: 1
201, 11, 225, 255: 5
187, 179, 226, 255: 65
148, 193, 100, 255: 9
0, 244, 42, 255: 1
140, 85, 166, 255: 8
76, 90, 43, 255: 16
91, 19, 100, 255: 1
249, 227, 255, 255: 12
2, 157, 150, 255: 4
190, 48, 220, 255: 7
141, 86, 14, 255: 7
128, 152, 249, 255: 1
35, 139, 158, 255: 5
0, 234, 219, 255: 54
252, 167, 175, 255: 5
195, 224, 12, 255: 5
136, 185, 142, 255: 60
83, 250, 174, 255: 4
96, 114, 184, 255: 75
42, 121, 151, 255: 4
7, 228, 45, 255: 2
35, 72, 37, 255: 2
99, 119, 31, 255: 17
255, 80, 84, 255: 1
134, 32, 37, 255: 7
187, 83, 249, 255: 28
93, 157, 123, 255: 6
98, 133, 24, 255: 13
195, 58, 171, 255: 8
64, 45, 203, 255: 2
228, 167, 146, 255: 1
54, 51, 70, 255: 1
134, 150, 124, 255: 1
255, 49, 34, 255: 8
133, 217, 172, 255: 2
182, 199, 235, 255: 29
228, 255, 204, 255: 1
89, 133, 15, 255: 1
147, 121, 124, 255: 1
94, 152, 13, 255: 3
229, 179, 75, 255: 5
78, 219, 146, 255: 1
98, 64, 59, 255: 2
61, 210, 141, 255: 18
128, 136, 191, 255: 4
254, 164, 206, 255: 5
230, 166, 149, 255: 2
91, 121, 152, 255: 6
241, 29, 158, 255: 6
0, 203, 100, 255: 18
84, 88, 170, 255: 5
185, 255, 116, 255: 6
232, 122, 134, 255: 7
0, 115, 111, 255: 18
0, 205, 137, 255: 257
0, 6, 244, 255: 1
164, 228, 15, 255: 3
186, 111, 23, 255: 3
248, 78, 52, 255: 1
116, 93, 57, 255: 1
34, 11, 220, 255: 2
148, 8, 217, 255: 1
189, 3, 47, 255: 19
137, 252, 162, 255: 6
135, 236, 202, 255: 2
121, 123, 74, 255: 2
87, 176, 139, 255: 8
149, 202, 173, 255: 4
186, 165, 140, 255: 8
86, 63, 195, 255: 1
68, 126, 142, 255: 1
216, 78, 198, 255: 2
149, 110, 14, 255: 4
45, 169, 24, 255: 5
30, 9, 96, 255: 9
96, 50, 255, 255: 1
253, 201, 109, 255: 1
82, 78, 249, 255: 6
18, 50, 74, 255: 7
130, 245, 155, 255: 13
236, 59, 156, 255: 1
152, 75, 113, 255: 2
184, 145, 55, 255: 1
248, 34, 108, 255: 9
82, 77, 111, 255: 12
241, 33, 176, 255: 15
46, 62, 146, 255: 2
0, 32, 199, 255: 1
57, 21, 101, 255: 1
40, 223, 46, 255: 2
131, 180, 137, 255: 14
128, 47, 225, 255: 1
149, 86, 103, 255: 30
236, 210, 187, 255: 34
203, 255, 49, 255: 1
0, 85, 182, 255: 2
17, 246, 230, 255: 1
190, 80, 97, 255: 10
244, 125, 190, 255: 1
130, 155, 32, 255: 3
61, 190, 202, 255: 2048
70, 37, 240, 255: 2
27, 237, 44, 255: 33
233, 62, 190, 255: 9
247, 211, 178, 255: 1
143, 211, 88, 255: 7
235, 74, 74, 255: 2
238, 249, 222, 255: 31
0, 177, 244, 255: 8
35, 190, 218, 255: 41
234, 18, 203, 255: 27
28, 145, 41, 255: 5
44, 111, 169, 255: 4
29, 184, 255, 255: 1
234, 93, 12, 255: 5
136, 170, 149, 255: 2
233, 14, 148, 255: 1
194, 131, 107, 255: 2
112, 149, 99, 255: 2
29, 31, 8, 255: 1
148, 0, 145, 255: 14
245, 150, 149, 255: 3
233, 81, 247, 255: 16
156, 76, 16, 255: 3
139, 28, 20, 255: 1
46, 255, 101, 255: 1
32, 102, 222, 255: 46
243, 240, 142, 255: 11
160, 108, 94, 255: 1
20, 190, 94, 255: 1
248, 12, 170, 255: 1
81, 140, 174, 255: 3
239, 52, 102, 255: 34
194, 2, 44, 255: 3
98, 148, 135, 255: 2
128, 155, 94, 255: 21
79, 48, 196, 255: 34
68, 205, 128, 255: 1
243, 12, 255, 255: 1
29, 124, 233, 255: 8
73, 211, 30, 255: 1
198, 164, 6, 255: 1
0, 244, 174, 255: 30
165, 254, 183, 255: 39
203, 41, 12, 255: 1
45, 9, 1, 255: 4
137, 98, 2, 255: 20
97, 233, 202, 255: 4
91, 48, 234, 255: 4
0, 214, 91, 255: 7
199, 132, 74, 255: 1
76, 115, 57, 255: 36
209, 148, 14, 255: 2
191, 117, 212, 255: 1
26, 85, 196, 255: 50
10, 234, 21, 255: 1
79, 95, 147, 255: 1
232, 190, 88, 255: 3
138, 152, 131, 255: 2
164, 173, 43, 255: 3
55, 96, 137, 255: 23
168, 15, 76, 255: 1
178, 201, 203, 255: 1
196, 100, 177, 255: 2
36, 70, 193, 255: 18
237, 70, 40, 255: 12
0, 103, 163, 255: 3
244, 88, 203, 255: 46
29, 169, 0, 255: 1
89, 29, 138, 255: 3
240, 253, 69, 255: 2
138, 236, 69, 255: 9
114, 36, 185, 255: 25
228, 112, 20, 255: 26
94, 250, 164, 255: 1
198, 86, 187, 255: 1
191, 228, 219, 255: 19
89, 17, 18, 255: 15
134, 180, 39, 255: 22
140, 84, 30, 255: 1
49, 134, 21, 255: 1
55, 190, 14, 255: 1
241, 250, 161, 255: 20
84, 247, 192, 255: 7
143, 46, 155, 255: 3
80, 85, 128, 255: 21
79, 236, 77, 255: 6
74, 198, 166, 255: 1
45, 165, 42, 255: 2
4, 239, 75, 255: 2
212, 178, 245, 255: 2
185, 156, 220, 255: 14
93, 203, 73, 255: 2
237, 105, 209, 255: 1
248, 240, 73, 255: 1
43, 186, 114, 255: 2
30, 39, 173, 255: 1
0, 126, 156, 255: 5
130, 77, 111, 255: 3
84, 133, 84, 255: 116
179, 18, 14, 255: 2
231, 167, 150, 255: 4
160, 18, 191, 255: 1
2, 218, 134, 255: 1
1, 131, 175, 255: 2
236, 86, 14, 255: 2
187, 210, 186, 255: 7
79, 2, 143, 255: 57
95, 63, 156, 255: 1
36, 171, 34, 255: 6
160, 169, 39, 255: 16
234, 84, 12, 255: 2
88, 246, 105, 255: 1
81, 218, 139, 255: 65
249, 71, 143, 255: 4
229, 11, 97, 255: 4
65, 175, 11, 255: 1057
163, 149, 129, 255: 2
221, 66, 134, 255: 3
232, 255, 149, 255: 1
154, 207, 25, 255: 2
27, 67, 38, 255: 3
84, 156, 150, 255: 1
189, 206, 255, 255: 1
0, 102, 55, 255: 1
37, 22, 178, 255: 6
141, 89, 13, 255: 1
182, 221, 172, 255: 1
178, 107, 172, 255: 20
107, 92, 109, 255: 1
78, 110, 57, 255: 1
205, 97, 212, 255: 4
234, 235, 115, 255: 1
241, 198, 16, 255: 9
172, 137, 133, 255: 1
246, 181, 109, 255: 21
38, 4, 248, 255: 3
88, 253, 159, 255: 1
136, 102, 193, 255: 15
190, 149, 143, 255: 14
95, 58, 57, 255: 1
122, 239, 247, 255: 1
20, 85, 162, 255: 1
178, 44, 163, 255: 1
111, 76, 31, 255: 67
29, 209, 123, 255: 3
253, 180, 43, 255: 9
27, 111, 246, 255: 1
6, 170, 74, 255: 2
23, 168, 151, 255: 5
0, 144, 94, 255: 48
0, 183, 46, 255: 8
0, 84, 240, 255: 5
252, 46, 31, 255: 24
54, 84, 156, 255: 2
166, 23, 95, 255: 1
55, 212, 93, 255: 1
93, 67, 229, 255: 13
144, 53, 138, 255: 1
22, 142, 136, 255: 24
132, 106, 226, 255: 26
255, 102, 125, 255: 1
26, 11, 29, 255: 1
79, 11, 63, 255: 35
99, 107, 167, 255: 5
89, 191, 150, 255: 4
196, 162, 141, 255: 2
140, 177, 126, 255: 13
89, 103, 194, 255: 2
36, 255, 40, 255: 2
0, 38, 230, 255: 6
245, 232, 235, 255: 15
82, 110, 79, 255: 34
42, 101, 94, 255: 1
48, 229, 253, 255: 7
122, 223, 154, 255: 1
161, 49, 49, 255: 28
247, 64, 195, 255: 7
111, 148, 98, 255: 26
77, 154, 192, 255: 3
5, 196, 227, 255: 1
236, 70, 104, 255: 14
142, 183, 229, 255: 11
47, 46, 17, 255: 1
25, 252, 136, 255: 28
165, 154, 104, 255: 1
241, 54, 69, 255: 8
233, 122, 98, 255: 11
243, 95, 121, 255: 55
88, 255, 203, 255: 2
0, 21, 67, 255: 1
131, 133, 187, 255: 2
190, 180, 165, 255: 20
226, 231, 162, 255: 4
207, 47, 190, 255: 2
242, 46, 186, 255: 9
0, 165, 35, 255: 35
138, 204, 155, 255: 7
183, 181, 41, 255: 8
83, 107, 143, 255: 2
82, 144, 20, 255: 3
189, 179, 128, 255: 6
15, 150, 224, 255: 1
184, 171, 22, 255: 1
0, 103, 110, 255: 33
40, 99, 245, 255: 5
232, 96, 84, 255: 58
142, 111, 45, 255: 6
234, 160, 133, 255: 3
45, 39, 114, 255: 8
0, 230, 206, 255: 15
255, 146, 255, 255: 38
110, 104, 145, 255: 3849
213, 80, 168, 255: 53
185, 159, 65, 255: 10
90, 149, 183, 255: 17
191, 181, 130, 255: 2
27, 255, 56, 255: 2
0, 223, 135, 255: 1
0, 33, 93, 255: 20
27, 1, 240, 255: 5
0, 253, 183, 255: 15
242, 110, 78, 255: 5
0, 228, 80, 255: 1369
240, 75, 24, 255: 6
144, 31, 71, 255: 1
145, 249, 255, 255: 14
126, 153, 246, 255: 4
101, 111, 14, 255: 15
33, 235, 131, 255: 24
133, 215, 142, 255: 2
21, 176, 66, 255: 2
130, 14, 101, 255: 2
232, 255, 220, 255: 1
232, 13, 147, 255: 1
58, 132, 73, 255: 3
7, 36, 233, 255: 1
237, 89, 115, 255: 6
65, 38, 54, 255: 1
191, 237, 138, 255: 19
135, 239, 184, 255: 1
216, 83, 171, 255: 22
0, 214, 121, 255: 3
245, 70, 112, 255: 1
87, 236, 202, 255: 1
77, 209, 62, 255: 1
0, 31, 210, 255: 2
175, 203, 146, 255: 1
90, 255, 145, 255: 4
0, 246, 43, 255: 4
133, 64, 38, 255: 2
245, 168, 207, 255: 1
255, 33, 42, 255: 1
190, 255, 225, 255: 3
0, 166, 134, 255: 33
241, 225, 147, 255: 1
0, 25, 7, 255: 1620
57, 43, 13, 255: 1
0, 77, 135, 255: 1
136, 255, 60, 255: 8
0, 68, 122, 255: 1
95, 109, 200, 255: 2
160, 221, 63, 255: 151
184, 246, 87, 255: 49
54, 139, 243, 255: 16
234, 137, 220, 255: 54
0, 36, 62, 255: 98
140, 135, 193, 255: 2
91, 64, 89, 255: 1
183, 140, 190, 255: 20
29, 188, 194, 255: 2
246, 109, 145, 255: 69
134, 190, 132, 255: 1
192, 53, 240, 255: 22
81, 255, 173, 255: 2
193, 169, 20, 255: 2
140, 21, 240, 255: 3
245, 133, 157, 255: 25
83, 19, 114, 255: 1
232, 147, 147, 255: 1
238, 111, 9, 255: 13
124, 13, 5, 255: 4
134, 40, 110, 255: 44
33, 233, 203, 255: 1
70, 170, 251, 255: 3
138, 255, 179, 255: 4
0, 244, 41, 255: 5
240, 93, 46, 255: 2
0, 129, 125, 255: 35
88, 238, 84, 255: 35
29, 86, 134, 255: 15
6, 183, 234, 255: 1
204, 63, 125, 255: 4
187, 139, 36, 255: 1
95, 32, 126, 255: 1
193, 10, 254, 255: 5
185, 183, 43, 255: 10
106, 75, 128, 255: 5
38, 27, 161, 255: 2
11, 144, 93, 255: 1
239, 107, 211, 255: 6
192, 179, 158, 255: 2
0, 117, 69, 255: 1036
217, 238, 222, 255: 1
38, 54, 19, 255: 7
0, 196, 85, 255: 219
188, 145, 77, 255: 12
162, 140, 209, 255: 8
91, 135, 255, 255: 1
251, 10, 100, 255: 9
190, 78, 255, 255: 1
34, 28, 94, 255: 5
168, 111, 54, 255: 2
247, 71, 131, 255: 4
148, 201, 172, 255: 15
29, 146, 170, 255: 1
0, 83, 47, 255: 27
112, 38, 128, 255: 1
72, 122, 227, 255: 1
52, 173, 58, 255: 1
71, 154, 158, 255: 6
60, 29, 75, 255: 1
135, 255, 187, 255: 1
159, 52, 161, 255: 1
196, 178, 98, 255: 2
32, 148, 92, 255: 5
132, 220, 79, 255: 23
82, 255, 233, 255: 3
83, 79, 131, 255: 2
60, 170, 6, 255: 130
66, 127, 113, 255: 1
151, 198, 101, 255: 1
242, 204, 211, 255: 3
78, 198, 115, 255: 1
132, 7, 148, 255: 5
206, 214, 130, 255: 5
243, 7, 63, 255: 53
189, 159, 162, 255: 3
233, 210, 157, 255: 9
98, 149, 118, 255: 1
32, 131, 254, 255: 2
190, 18, 50, 255: 3
224, 83, 2, 255: 1
219, 34, 148, 255: 36
223, 19, 214, 255: 2
191, 204, 189, 255: 1
248, 59, 121, 255: 66
0, 9, 46, 255: 21
0, 92, 65, 255: 1
39, 0, 167, 255: 9
77, 134, 252, 255: 14
163, 191, 236, 255: 4
28, 21, 206, 255: 1
166, 243, 163, 255: 12
17, 122, 139, 255: 1
228, 193, 76, 255: 1
174, 123, 5, 255: 1
0, 111, 98, 255: 8
196, 113, 216, 255: 24
133, 66, 222, 255: 88
194, 51, 15, 255: 2
153, 255, 152, 255: 1
33, 96, 221, 255: 6
189, 181, 8, 255: 3
104, 141, 91, 255: 1
233, 2, 247, 255: 4
0, 230, 83, 255: 64
160, 199, 151, 255: 1
11, 193, 171, 255: 5
191, 123, 66, 255: 4
56, 191, 15, 255: 1
138, 71, 74, 255: 1
241, 170, 158, 255: 4
38, 247, 93, 255: 1
232, 63, 254, 255: 32
211, 166, 224, 255: 166
246, 227, 51, 255: 2
235, 138, 221, 255: 67
144, 189, 96, 255: 1
71, 30, 66, 255: 2
10, 151, 165, 255: 2
14, 65, 10, 255: 46
192, 255, 238, 255: 4
1, 219, 194, 255: 71
63, 16, 87, 255: 43
126, 188, 23, 255: 28
189, 96, 15, 255: 6
236, 233, 135, 255: 29
0, 45, 89, 255: 1
151, 83, 31, 255: 3
134, 108, 110, 255: 2
36, 164, 70, 255: 5
147, 185, 169, 255: 3
41, 65, 25, 255: 2
37, 212, 160, 255: 12
196, 164, 104, 255: 1
104, 221, 230, 255: 2
143, 180, 129, 255: 5
116, 118, 70, 255: 2
138, 182, 234, 255: 7
93, 127, 172, 255: 2
134, 56, 239, 255: 15
124, 96, 118, 255: 2
73, 197, 165, 255: 3
0, 199, 54, 255: 1
85, 99, 190, 255: 3
237, 83, 186, 255: 2
85, 120, 11, 255: 3
242, 52, 96, 255: 2
52, 11, 36, 255: 1
29, 234, 136, 255: 15
158, 18, 34, 255: 26
0, 121, 18, 255: 1
247, 157, 199, 255: 2
240, 103, 139, 255: 13
239, 156, 219, 255: 7
241, 86, 128, 255: 2
150, 255, 185, 255: 1
90, 26, 194, 255: 3
72, 237, 143, 255: 1
134, 137, 4, 255: 3
144, 160, 255, 255: 16
28, 24, 86, 255: 1
195, 103, 40, 255: 42
237, 115, 210, 255: 9
98, 33, 73, 255: 2
47, 245, 90, 255: 19
86, 48, 64, 255: 5
190, 61, 85, 255: 18
94, 125, 38, 255: 1
177, 239, 80, 255: 44
131, 12, 196, 255: 21
239, 241, 48, 255: 19
98, 255, 195, 255: 2
84, 71, 76, 255: 11
189, 213, 105, 255: 4
213, 245, 8, 255: 137
197, 83, 122, 255: 4
1, 211, 59, 255: 1
0, 64, 18, 255: 97
194, 101, 20, 255: 2
119, 238, 90, 255: 16
89, 140, 7, 255: 14
10, 32, 147, 255: 128
219, 31, 200, 255: 1
173, 0, 116, 255: 7
239, 49, 255, 255: 20
125, 22, 28, 255: 1
185, 255, 233, 255: 4
174, 183, 205, 255: 1
132, 90, 235, 255: 47
125, 204, 116, 255: 11
97, 29, 227, 255: 14
227, 21, 152, 255: 1
254, 60, 54, 255: 1
116, 57, 126, 255: 3
82, 104, 4, 255: 2
0, 82, 115, 255: 95
254, 109, 80, 255: 2
173, 130, 179, 255: 1
249, 60, 122, 255: 90
45, 229, 87, 255: 3
138, 217, 1, 255: 1
239, 84, 126, 255: 2
49, 228, 154, 255: 3
118, 54, 79, 255: 1
241, 18, 71, 255: 6
111, 178, 211, 255: 26
0, 243, 15, 255: 1
238, 208, 23, 255: 37
160, 188, 233, 255: 4
219, 183, 151, 255: 722
242, 211, 247, 255: 1
190, 110, 209, 255: 1
180, 255, 173, 255: 1
84, 60, 20, 255: 4
29, 41, 181, 255: 6
184, 18, 118, 255: 1
144, 72, 76, 255: 2
27, 6, 58, 255: 39
185, 76, 173, 255: 1
139, 24, 222, 255: 14
239, 91, 117, 255: 23
88, 255, 121, 255: 6
0, 131, 191, 255: 4
136, 139, 6, 255: 1
230, 180, 40, 255: 2
91, 177, 255, 255: 1
160, 251, 22, 255: 50
127, 242, 49, 255: 2
232, 209, 156, 255: 5
136, 255, 118, 255: 7
230, 229, 194, 255: 8
134, 255, 21, 255: 7
196, 238, 42, 255: 2
192, 22, 236, 255: 1
161, 205, 73, 255: 1
72, 92, 114, 255: 9
245, 176, 126, 255: 2
141, 118, 183, 255: 8
4, 19, 109, 255: 4
61, 83, 205, 255: 920
188, 90, 69, 255: 8
33, 243, 86, 255: 1
37, 255, 63, 255: 4
128, 233, 169, 255: 2
188, 195, 1, 255: 18
171, 61, 31, 255: 2
134, 29, 227, 255: 3
149, 6, 117, 255: 2
78, 75, 207, 255: 5
216, 243, 40, 255: 4
146, 81, 255, 255: 1
181, 63, 122, 255: 9
85, 112, 173, 255: 1
64, 133, 5, 255: 2128
31, 19, 16, 255: 34
228, 208, 253, 255: 19
28, 21, 52, 255: 1
78, 28, 154, 255: 1
202, 67, 95, 255: 1
140, 128, 99, 255: 2
172, 107, 138, 255: 1
6, 136, 141, 255: 1489
80, 49, 197, 255: 38
87, 139, 189, 255: 6
246, 157, 151, 255: 3
235, 201, 10, 255: 9
162, 21, 191, 255: 4
0, 53, 220, 255: 74
175, 137, 255, 255: 5
247, 27, 161, 255: 19
138, 110, 14, 255: 1
218, 182, 150, 255: 918
53, 196, 227, 255: 2
0, 173, 210, 255: 2
126, 161, 11, 255: 3
36, 160, 168, 255: 1
20, 140, 134, 255: 10
2, 140, 95, 255: 5
0, 149, 6, 255: 1
0, 117, 113, 255: 40
40, 49, 30, 255: 6
180, 16, 42, 255: 4
249, 38, 82, 255: 4
167, 2, 29, 255: 5
93, 225, 78, 255: 2
48, 255, 92, 255: 1
135, 33, 210, 255: 2
137, 156, 220, 255: 44
196, 119, 35, 255: 1
8, 193, 116, 255: 31
35, 11, 92, 255: 1
244, 104, 41, 255: 33
143, 247, 255, 255: 1
88, 22, 172, 255: 13
86, 94, 81, 255: 1
179, 249, 1, 255: 44
191, 77, 115, 255: 7
139, 54, 53, 255: 1
240, 99, 121, 255: 17
242, 120, 215, 255: 3
49, 62, 57, 255: 3
10, 63, 106, 255: 4
145, 86, 189, 255: 4
123, 70, 104, 255: 2
82, 207, 56, 255: 12
240, 214, 191, 255: 25
93, 71, 129, 255: 2
122, 104, 135, 255: 6
105, 29, 20, 255: 42
2, 243, 148, 255: 1
188, 213, 57, 255: 1
55, 44, 152, 255: 1
34, 36, 13, 255: 2
1, 79, 151, 255: 5
21, 219, 210, 255: 3
136, 122, 97, 255: 12
48, 177, 229, 255: 3
89, 87, 100, 255: 1
9, 109, 185, 255: 1
131, 142, 22, 255: 1
150, 200, 73, 255: 5
188, 151, 150, 255: 1
186, 172, 70, 255: 1
9, 43, 167, 255: 59
89, 180, 95, 255: 1
185, 43, 148, 255: 1
206, 241, 244, 255: 2
126, 4, 89, 255: 5
249, 255, 229, 255: 3
104, 238, 69, 255: 1
0, 214, 2, 255: 1
239, 38, 255, 255: 27
91, 203, 136, 255: 2
40, 41, 111, 255: 6
89, 158, 64, 255: 1
48, 215, 132, 255: 4
39, 36, 208, 255: 1
6, 230, 17, 255: 2
0, 220, 127, 255: 4
88, 65, 171, 255: 1
99, 82, 154, 255: 3
214, 221, 98, 255: 7
233, 152, 58, 255: 28
189, 94, 52, 255: 2
237, 168, 82, 255: 25
0, 186, 164, 255: 148
55, 41, 11, 255: 2
235, 158, 161, 255: 7
236, 94, 189, 255: 1
227, 222, 26, 255: 1
92, 104, 105, 255: 6
102, 16, 140, 255: 1
65, 150, 254, 255: 2
181, 55, 85, 255: 2
83, 7, 183, 255: 12
81, 185, 207, 255: 3
73, 220, 52, 255: 3
244, 95, 241, 255: 2
118, 161, 76, 255: 1
95, 173, 245, 255: 1
91, 46, 31, 255: 6
175, 30, 2, 255: 1
7, 214, 180, 255: 80
0, 81, 203, 255: 277
134, 17, 79, 255: 1
176, 0, 18, 255: 9
182, 16, 116, 255: 1
89, 41, 185, 255: 1
186, 102, 188, 255: 25
138, 255, 121, 255: 3
92, 75, 147, 255: 31
0, 21, 3, 255: 2440
155, 249, 31, 255: 1
29, 47, 194, 255: 1
142, 48, 255, 255: 24
241, 35, 166, 255: 13
24, 188, 90, 255: 3
89, 172, 255, 255: 1
171, 53, 112, 255: 1
126, 221, 211, 255: 5
248, 48, 102, 255: 50
224, 20, 213, 255: 7
0, 13, 251, 255: 2
84, 164, 105, 255: 6
50, 174, 29, 255: 1
137, 62, 154, 255: 3
93, 150, 59, 255: 1
94, 186, 246, 255: 2
127, 57, 13, 255: 1
58, 212, 109, 255: 5
93, 130, 146, 255: 1
136, 25, 120, 255: 14
44, 140, 27, 255: 1
35, 138, 55, 255: 6
92, 232, 252, 255: 6
19, 26, 164, 255: 1
196, 46, 87, 255: 5
196, 126, 81, 255: 2
0, 114, 101, 255: 10
240, 46, 66, 255: 1
0, 74, 128, 255: 4
249, 144, 163, 255: 1
229, 91, 237, 255: 2
230, 155, 27, 255: 7
255, 81, 255, 255: 35
39, 222, 45, 255: 3
30, 185, 75, 255: 4
249, 197, 105, 255: 13
35, 255, 132, 255: 2
89, 40, 11, 255: 4
135, 41, 111, 255: 36
140, 255, 89, 255: 1
100, 79, 53, 255: 1
61, 20, 159, 255: 4
231, 236, 203, 255: 1
0, 162, 211, 255: 1
92, 123, 36, 255: 1
145, 1, 197, 255: 1
109, 23, 5, 255: 317
242, 196, 189, 255: 1
185, 97, 85, 255: 144
127, 162, 48, 255: 1
21, 94, 82, 255: 5
32, 232, 132, 255: 2
187, 224, 249, 255: 1
188, 255, 178, 255: 2
141, 84, 67, 255: 3
64, 176, 110, 255: 19
134, 15, 199, 255: 29
26, 66, 1, 255: 65
172, 10, 161, 255: 3
102, 7, 118, 255: 3
233, 72, 72, 255: 7
0, 215, 49, 255: 8
143, 118, 129, 255: 2
198, 194, 255, 255: 4
28, 160, 79, 255: 2
44, 128, 7, 255: 5
160, 124, 86, 255: 2771
69, 72, 17, 255: 4
210, 157, 48, 255: 22
91, 187, 42, 255: 1
133, 28, 226, 255: 1
172, 162, 111, 255: 4
200, 139, 5, 255: 4
133, 39, 109, 255: 32
74, 149, 88, 255: 3
72, 213, 38, 255: 2
180, 181, 174, 255: 1
40, 133, 187, 255: 2
159, 82, 120, 255: 1
175, 35, 204, 255: 3
166, 43, 33, 255: 1
30, 125, 234, 255: 17
176, 86, 129, 255: 1
39, 126, 68, 255: 12
110, 255, 249, 255: 3
95, 174, 127, 255: 45
243, 234, 32, 255: 25
32, 204, 207, 255: 1
32, 89, 255, 255: 1
0, 251, 23, 255: 80
255, 209, 159, 255: 1
226, 143, 104, 255: 8
0, 25, 105, 255: 69
26, 101, 188, 255: 7
132, 225, 90, 255: 1
187, 60, 0, 255: 9
21, 69, 69, 255: 1
1, 211, 19, 255: 35
94, 77, 149, 255: 30
190, 23, 242, 255: 14
74, 22, 152, 255: 1
0, 151, 76, 255: 75
174, 111, 241, 255: 3
109, 49, 158, 255: 1
245, 255, 255, 255: 2
92, 158, 186, 255: 1
53, 165, 99, 255: 11
39, 148, 15, 255: 2
0, 109, 194, 255: 884
38, 99, 228, 255: 1
49, 123, 1, 255: 2
168, 232, 173, 255: 7
19, 92, 80, 255: 1
94, 137, 195, 255: 6
76, 5, 250, 255: 3
0, 105, 58, 255: 17
26, 192, 91, 255: 2
191, 220, 44, 255: 10
238, 202, 205, 255: 3
81, 103, 3, 255: 1
94, 79, 96, 255: 4
165, 108, 25, 255: 7
30, 133, 50, 255: 41
96, 154, 15, 255: 3
101, 39, 49, 255: 3
168, 72, 149, 255: 1
44, 205, 137, 255: 2
0, 113, 7, 255: 1
87, 2, 232, 255: 2
183, 230, 92, 255: 3
136, 220, 73, 255: 14
82, 146, 76, 255: 6
36, 55, 118, 255: 27
81, 227, 59, 255: 30
43, 224, 248, 255: 6
42, 68, 126, 255: 1
135, 139, 35, 255: 1
192, 57, 188, 255: 2
254, 117, 153, 255: 11
201, 255, 47, 255: 1
85, 229, 254, 255: 19
91, 58, 107, 255: 2
172, 181, 203, 255: 1
36, 109, 200, 255: 1
32, 74, 143, 255: 2
88, 114, 248, 255: 5
83, 95, 206, 255: 12
137, 105, 76, 255: 3
191, 179, 176, 255: 29
227, 216, 207, 255: 1
106, 243, 69, 255: 3
146, 121, 234, 255: 2
251, 65, 123, 255: 1
37, 95, 254, 255: 1
0, 88, 121, 255: 63
177, 43, 24, 255: 14
152, 224, 218, 255: 2
34, 88, 130, 255: 8
20, 32, 136, 255: 6
78, 255, 198, 255: 1
163, 51, 51, 255: 64
56, 177, 21, 255: 38
88, 75, 198, 255: 1
44, 183, 133, 255: 3
37, 138, 103, 255: 4
0, 60, 49, 255: 21
192, 118, 213, 255: 3
19, 163, 44, 255: 1
18, 181, 238, 255: 3
21, 149, 55, 255: 5
244, 200, 102, 255: 4
22, 213, 101, 255: 19
250, 1, 180, 255: 12
28, 255, 57, 255: 2
149, 84, 2, 255: 3
