149, 149, 148, 255: 47
105, 18, 40, 255: 2
233, 64, 153, 255: 2
138, 212, 158, 255: 5
91, 228, 149, 255: 14
131, 25, 86, 255: 21
237, 21, 206, 255: 11
89, 17, 201, 255: 3
238, 241, 66, 255: 1
93, 36, 132, 255: 7
107, 76, 129, 255: 3
82, 92, 251, 255: 1
154, 250, 130, 255: 18
37, 115, 44, 255: 1
189, 255, 49, 255: 1
30, 169, 119, 255: 3
218, 74, 152, 255: 2
149, 199, 72, 255: 3
164, 104, 179, 255: 7
250, 233, 120, 255: 1
185, 201, 182, 255: 1
41, 87, 237, 255: 43
0, 207, 104, 255: 112
126, 205, 117, 255: 17
123, 6, 33, 255: 1
89, 125, 255, 255: 22
229, 226, 128, 255: 3
86, 147, 107, 255: 19
255, 175, 247, 255: 1
125, 220, 210, 255: 2
240, 28, 157, 255: 2
33, 75, 144, 255: 3
33, 95, 84, 255: 1
73, 161, 13, 255: 2
251, 172, 249, 255: 1
249, 53, 193, 255: 1
83, 82, 232, 255: 5
81, 0, 91, 255: 1
137, 255, 27, 255: 2
88, 174, 158, 255: 5
191, 214, 190, 255: 3
31, 38, 176, 255: 15
79, 222, 212, 255: 16
27, 110, 108, 255: 16
134, 100, 156, 255: 18
240, 137, 25, 255: 2
148, 201, 19, 255: 6
92, 53, 34, 255: 12
136, 9, 26, 255: 39
96, 188, 248, 255: 3
244, 131, 239, 255: 4
0, 204, 102, 255: 2
233, 109, 208, 255: 1
8, 50, 85, 255: 266
82, 115, 90, 255: 1
37, 0, 111, 255: 1
79, 163, 48, 255: 2
86, 215, 225, 255: 63
35, 45, 60, 255: 1
20, 74, 178, 255: 1
217, 43, 167, 255: 9
191, 5, 151, 255: 2
80, 137, 72, 255: 1
131, 162, 115, 255: 1
0, 158, 84, 255: 56
138, 208, 210, 255: 1
129, 128, 237, 255: 12
4, 187, 50, 255: 2
145, 46, 66, 255: 190
136, 240, 12, 255: 5
36, 47, 199, 255: 22
0, 236, 88, 255: 1266
88, 94, 136, 255: 5
23, 131, 117, 255: 16
88, 255, 40, 255: 4
0, 146, 195, 255: 1
41, 52, 204, 255: 59
184, 106, 177, 255: 1
97, 75, 133, 255: 1
0, 209, 141, 255: 2885
72, 51, 109, 255: 1
137, 158, 64, 255: 3
83, 29, 223, 255: 13
201, 228, 64, 255: 5
84, 96, 207, 255: 13
93, 103, 6, 255: 67
40, 172, 194, 255: 9
151, 30, 6, 255: 1
240, 138, 153, 255: 1
0, 148, 129, 255: 1
33, 24, 84, 255: 69
49, 41, 119, 255: 1
52, 44, 122, 255: 1
134, 150, 208, 255: 1
88, 92, 174, 255: 4
2, 155, 89, 255: 1
189, 236, 201, 255: 18
142, 214, 105, 255: 3
247, 102, 227, 255: 24
242, 147, 248, 255: 2
128, 199, 236, 255: 1
254, 51, 135, 255: 3
234, 191, 163, 255: 1
27, 202, 114, 255: 9
240, 246, 58, 255: 19
246, 43, 254, 255: 2
194, 144, 44, 255: 11
133, 255, 198, 255: 4
68, 88, 110, 255: 1
110, 141, 22, 255: 29
98, 154, 217, 255: 2
198, 24, 60, 255: 1
192, 98, 193, 255: 6
93, 27, 255, 255: 1
31, 255, 210, 255: 1
182, 176, 139, 255: 1
239, 98, 120, 255: 26
195, 51, 169, 255: 14
89, 13, 36, 255: 9
31, 60, 242, 255: 1
255, 77, 204, 255: 1
89, 43, 29, 255: 4
77, 187, 57, 255: 2
87, 2, 78, 255: 3
96, 106, 9, 255: 66
139, 215, 3, 255: 7
112, 11, 14, 255: 1
82, 214, 67, 255: 2
182, 161, 136, 255: 9
155, 79, 219, 255: 1
141, 9, 130, 255: 3
0, 65, 178, 255: 45
199, 193, 156, 255: 1
246, 85, 234, 255: 4
234, 0, 8, 255: 4
138, 67, 173, 255: 4
232, 32, 239, 255: 11
193, 83, 100, 255: 41
237, 96, 118, 255: 18
76, 79, 24, 255: 42
249, 92, 71, 255: 1
36, 148, 113, 255: 5
138, 253, 163, 255: 3
0, 22, 39, 255: 42
189, 147, 214, 255: 11
46, 134, 247, 255: 3
185, 101, 103, 255: 3
140, 161, 32, 255: 33
240, 124, 134, 255: 1
143, 87, 253, 255: 2
30, 29, 0, 255: 27
221, 58, 215, 255: 1
255, 142, 255, 255: 1
202, 210, 126, 255: 27
125, 55, 114, 255: 12
24, 73, 210, 255: 2
124, 172, 28, 255: 1
39, 122, 166, 255: 16
182, 153, 217, 255: 15
132, 40, 208, 255: 2
197, 255, 255, 255: 2
244, 209, 194, 255: 3
133, 217, 70, 255: 18
130, 232, 78, 255: 2
36, 179, 209, 255: 2
227, 79, 251, 255: 1
144, 115, 112, 255: 1
187, 216, 40, 255: 6
179, 204, 84, 255: 2
164, 189, 137, 255: 1
253, 0, 235, 255: 3
26, 126, 201, 255: 29
158, 70, 59, 255: 101
89, 33, 10, 255: 1
88, 184, 214, 255: 14
141, 75, 148, 255: 7
133, 160, 135, 255: 22
142, 68, 76, 255: 7
24, 202, 238, 255: 1
9, 181, 149, 255: 4
207, 102, 60, 255: 3
150, 208, 248, 255: 2
234, 91, 50, 255: 2
38, 37, 8, 255: 14
184, 221, 74, 255: 4
146, 195, 152, 255: 2
148, 89, 157, 255: 1
39, 136, 87, 255: 11
188, 71, 11, 255: 1
194, 165, 75, 255: 2
237, 255, 118, 255: 2
138, 245, 23, 255: 26
24, 128, 217, 255: 1
33, 92, 203, 255: 72
255, 167, 9, 255: 1
49, 245, 248, 255: 6
243, 213, 139, 255: 3
91, 179, 225, 255: 4
187, 255, 199, 255: 8
183, 154, 218, 255: 11
115, 37, 186, 255: 3
12, 13, 84, 255: 1
247, 220, 235, 255: 2
0, 100, 211, 255: 1
32, 255, 142, 255: 1
34, 85, 29, 255: 59
0, 194, 118, 255: 45
0, 91, 1, 255: 15
86, 24, 34, 255: 3
233, 255, 43, 255: 3
187, 144, 194, 255: 7
188, 145, 41, 255: 28
188, 178, 127, 255: 10
101, 6, 220, 255: 3
89, 9, 26, 255: 4
41, 197, 224, 255: 24
126, 253, 241, 255: 1
128, 95, 186, 255: 1
34, 214, 230, 255: 6
41, 255, 227, 255: 5
138, 255, 255, 255: 2
187, 160, 32, 255: 14
139, 219, 21, 255: 2
73, 214, 39, 255: 1
239, 96, 209, 255: 1
183, 35, 37, 255: 2
90, 144, 109, 255: 4
0, 233, 31, 255: 3
142, 117, 230, 255: 1
22, 123, 233, 255: 3
170, 127, 176, 255: 1
240, 36, 9, 255: 11
242, 237, 49, 255: 7
191, 225, 117, 255: 19
237, 166, 17, 255: 16
241, 178, 255, 255: 2
238, 120, 221, 255: 24
80, 39, 75, 255: 3
246, 194, 221, 255: 5
133, 212, 124, 255: 11
215, 217, 25, 255: 2
241, 109, 77, 255: 2
40, 199, 205, 255: 23
243, 139, 228, 255: 12
101, 240, 77, 255: 1
207, 207, 212, 255: 3
60, 74, 28, 255: 153
238, 255, 255, 255: 1
140, 255, 133, 255: 3
0, 243, 6, 255: 182
202, 229, 65, 255: 6
54, 164, 0, 255: 1105
35, 63, 36, 255: 10
234, 120, 126, 255: 15
138, 212, 74, 255: 6
88, 28, 220, 255: 1
169, 134, 95, 255: 1
0, 175, 178, 255: 55
26, 190, 128, 255: 1
243, 64, 128, 255: 1
0, 192, 170, 255: 4
86, 102, 0, 255: 2
23, 85, 38, 255: 2
93, 97, 179, 255: 4
91, 44, 114, 255: 14
198, 13, 167, 255: 10
60, 112, 163, 255: 1
94, 68, 75, 255: 6
246, 230, 255, 255: 2
144, 146, 133, 255: 4
234, 204, 19, 255: 42
85, 82, 61, 255: 12
135, 98, 183, 255: 2
187, 229, 33, 255: 6
2, 44, 79, 255: 49
227, 42, 155, 255: 2
94, 68, 230, 255: 10
139, 6, 210, 255: 2
189, 165, 134, 255: 9
0, 75, 43, 255: 1
75, 243, 119, 255: 8
79, 78, 228, 255: 1
189, 143, 94, 255: 1
231, 165, 85, 255: 1
0, 193, 180, 255: 3
0, 126, 88, 255: 27
181, 206, 50, 255: 9
92, 73, 229, 255: 4
32, 160, 66, 255: 29
62, 43, 201, 255: 2
164, 128, 90, 255: 36
47, 255, 32, 255: 2
0, 147, 29, 255: 2
176, 133, 182, 255: 5
91, 164, 49, 255: 5
58, 55, 188, 255: 7
97, 98, 90, 255: 35
224, 9, 194, 255: 8
247, 88, 225, 255: 7
24, 64, 35, 255: 1
26, 206, 120, 255: 2
0, 253, 25, 255: 1262
167, 107, 182, 255: 23
205, 144, 10, 255: 4
35, 17, 167, 255: 44
90, 122, 69, 255: 1
44, 255, 32, 255: 1
3, 199, 196, 255: 1
129, 191, 128, 255: 1
10, 167, 3, 255: 42
57, 169, 103, 255: 6
225, 216, 14, 255: 2
249, 139, 6, 255: 51
239, 11, 97, 255: 2
90, 133, 88, 255: 3
0, 171, 229, 255: 16
75, 202, 114, 255: 23
168, 251, 111, 255: 2
146, 78, 26, 255: 5
0, 115, 145, 255: 2
160, 163, 220, 255: 4
37, 71, 194, 255: 11
131, 229, 62, 255: 67
40, 207, 255, 255: 5
119, 184, 117, 255: 1
38, 134, 158, 255: 14
75, 227, 127, 255: 1
171, 224, 155, 255: 3
213, 89, 87, 255: 2074
250, 99, 147, 255: 2
53, 11, 191, 255: 4
179, 188, 92, 255: 2
88, 71, 70, 255: 2
181, 176, 66, 255: 1
243, 183, 180, 255: 64
174, 164, 113, 255: 6
41, 13, 70, 255: 2
179, 92, 115, 255: 1
145, 223, 183, 255: 247
0, 202, 193, 255: 2
239, 1, 214, 255: 1
197, 160, 168, 255: 19
49, 175, 128, 255: 30
213, 160, 51, 255: 15
240, 46, 249, 255: 30
220, 90, 147, 255: 1
185, 62, 52, 255: 24
102, 43, 112, 255: 38
68, 68, 170, 255: 1
83, 170, 34, 255: 5
241, 133, 208, 255: 10
251, 103, 104, 255: 1
183, 115, 23, 255: 39
30, 255, 198, 255: 2
111, 140, 179, 255: 33
139, 218, 130, 255: 1
218, 83, 71, 255: 1
242, 14, 100, 255: 6
140, 4, 111, 255: 21
54, 200, 73, 255: 3
125, 124, 233, 255: 5
50, 141, 199, 255: 1
129, 101, 159, 255: 4
241, 215, 192, 255: 13
87, 11, 42, 255: 1
41, 62, 215, 255: 1
198, 48, 89, 255: 6
234, 202, 29, 255: 1
193, 81, 218, 255: 2
127, 231, 3, 255: 1
184, 121, 97, 255: 19
53, 235, 219, 255: 816
58, 187, 198, 255: 127
212, 82, 114, 255: 1
169, 188, 67, 255: 1
139, 155, 60, 255: 2
151, 187, 184, 255: 40
199, 11, 67, 255: 135
145, 18, 207, 255: 25
249, 117, 85, 255: 2
107, 224, 17, 255: 2
147, 92, 20, 255: 13
104, 105, 98, 255: 2
244, 250, 62, 255: 11
208, 84, 224, 255: 1
243, 69, 192, 255: 5
74, 140, 67, 255: 7
78, 75, 54, 255: 1
0, 196, 255, 255: 1
171, 133, 251, 255: 5
128, 32, 39, 255: 8
247, 140, 60, 255: 1
191, 94, 210, 255: 1
80, 197, 135, 255: 27
92, 157, 131, 255: 3
88, 102, 255, 255: 3
127, 205, 15, 255: 1
130, 255, 114, 255: 2
2, 157, 190, 255: 7
250, 88, 136, 255: 4
39, 67, 40, 255: 48
85, 181, 36, 255: 2
8, 58, 4, 255: 106
7, 139, 243, 255: 1
39, 151, 234, 255: 3
40, 254, 178, 255: 31
89, 249, 96, 255: 4
181, 255, 115, 255: 1
7, 162, 155, 255: 3
247, 80, 187, 255: 4
197, 143, 65, 255: 1
161, 162, 121, 255: 21
188, 153, 149, 255: 1
47, 226, 152, 255: 11
248, 191, 133, 255: 1
38, 104, 174, 255: 2
58, 91, 221, 255: 36
214, 98, 7, 255: 175
195, 93, 21, 255: 9
140, 46, 255, 255: 2
155, 230, 219, 255: 1
29, 25, 154, 255: 12
189, 244, 17, 255: 10
231, 236, 13, 255: 5
234, 140, 66, 255: 3
253, 251, 8, 255: 13
157, 17, 73, 255: 1
0, 144, 159, 255: 4
219, 130, 126, 255: 51
147, 16, 238, 255: 26
116, 87, 85, 255: 1
0, 195, 119, 255: 3
127, 197, 199, 255: 19
138, 36, 41, 255: 5
158, 35, 168, 255: 2
104, 12, 181, 255: 2
41, 92, 36, 255: 2
197, 154, 86, 255: 5
100, 3, 16, 255: 1
206, 208, 56, 255: 1
139, 65, 227, 255: 2
61, 251, 146, 255: 1411
245, 27, 87, 255: 5
254, 208, 158, 255: 2
98, 239, 2, 255: 1
76, 231, 127, 255: 9
176, 23, 84, 255: 2
36, 255, 124, 255: 1
0, 56, 104, 255: 1
214, 70, 148, 255: 2619
145, 208, 189, 255: 3
128, 173, 187, 255: 10
56, 160, 183, 255: 2
0, 66, 154, 255: 1
156, 123, 69, 255: 1
135, 255, 153, 255: 2
79, 40, 21, 255: 33
192, 108, 110, 255: 4
106, 154, 11, 255: 3
253, 188, 116, 255: 5
245, 53, 18, 255: 11
55, 192, 115, 255: 5
251, 164, 176, 255: 2
49, 85, 226, 255: 5
102, 92, 177, 255: 1
65, 214, 145, 255: 5
93, 126, 101, 255: 1
218, 190, 69, 255: 2
145, 43, 84, 255: 8
186, 118, 179, 255: 1
119, 96, 59, 255: 1
209, 208, 174, 255: 5
229, 138, 70, 255: 3
29, 80, 59, 255: 2
232, 113, 178, 255: 23
0, 38, 29, 255: 86
48, 166, 208, 255: 74
200, 48, 102, 255: 17
45, 188, 219, 255: 20
133, 207, 153, 255: 5
197, 118, 52, 255: 3
32, 47, 30, 255: 3
247, 174, 37, 255: 2
0, 218, 193, 255: 1232
37, 37, 180, 255: 25
0, 49, 186, 255: 2
237, 216, 44, 255: 1
238, 239, 119, 255: 5
180, 233, 200, 255: 2
75, 48, 64, 255: 1
239, 203, 170, 255: 39
6, 191, 11, 255: 1
192, 237, 255, 255: 1
0, 108, 150, 255: 54
42, 119, 197, 255: 1
222, 229, 106, 255: 1
82, 137, 157, 255: 12
7, 66, 178, 255: 68
190, 5, 159, 255: 1
55, 184, 236, 255: 1
132, 63, 157, 255: 18
199, 39, 182, 255: 46
93, 232, 188, 255: 4
91, 248, 125, 255: 4
209, 110, 96, 255: 8
186, 255, 255, 255: 1
185, 155, 184, 255: 1
197, 205, 19, 255: 1
128, 198, 200, 255: 28
0, 176, 175, 255: 1
104, 53, 72, 255: 13
85, 244, 183, 255: 2
151, 0, 46, 255: 20
150, 76, 84, 255: 8
133, 20, 206, 255: 6
216, 125, 22, 255: 2
209, 101, 216, 255: 1
244, 178, 98, 255: 3
176, 243, 153, 255: 2
130, 161, 114, 255: 2
148, 34, 66, 255: 1
140, 96, 178, 255: 3
0, 9, 148, 255: 1
151, 223, 216, 255: 1
84, 20, 188, 255: 2
191, 255, 77, 255: 2
139, 190, 246, 255: 2
99, 0, 97, 255: 1
141, 100, 161, 255: 3
185, 143, 210, 255: 2
237, 105, 73, 255: 1
127, 147, 172, 255: 1
3, 89, 32, 255: 1
24, 193, 36, 255: 1
255, 179, 98, 255: 1
144, 88, 255, 255: 1
41, 214, 174, 255: 1
245, 49, 189, 255: 6
196, 41, 150, 255: 3
0, 45, 80, 255: 1113
39, 225, 145, 255: 10
183, 167, 150, 255: 1
91, 99, 159, 255: 22
246, 151, 150, 255: 5
186, 227, 196, 255: 8
115, 222, 222, 255: 1
178, 0, 175, 255: 23
148, 113, 216, 255: 6
255, 224, 48, 255: 2
42, 58, 142, 255: 5
30, 84, 43, 255: 2
171, 204, 215, 255: 1
110, 53, 220, 255: 1
143, 197, 3, 255: 11
231, 208, 155, 255: 10
185, 251, 135, 255: 1
241, 8, 162, 255: 11
19, 111, 19, 255: 5
71, 244, 61, 255: 1
148, 131, 53, 255: 7
38, 139, 104, 255: 4
62, 23, 5, 255: 73
140, 255, 190, 255: 1
142, 90, 14, 255: 1
182, 239, 30, 255: 1
94, 40, 115, 255: 1
136, 37, 57, 255: 4
130, 207, 65, 255: 1
124, 249, 168, 255: 1
255, 190, 148, 255: 1
30, 79, 216, 255: 20
183, 110, 112, 255: 14
197, 112, 117, 255: 4
220, 51, 243, 255: 1
248, 255, 125, 255: 4
85, 242, 83, 255: 28
12, 239, 125, 255: 10
37, 220, 197, 255: 2
127, 11, 63, 255: 1
250, 149, 182, 255: 98
247, 33, 209, 255: 1
0, 24, 6, 255: 70
24, 1, 108, 255: 3
56, 174, 177, 255: 31
249, 108, 130, 255: 2
230, 32, 74, 255: 9
168, 248, 11, 255: 2
0, 126, 220, 255: 106
253, 218, 75, 255: 1
179, 155, 124, 255: 9
93, 130, 119, 255: 20
233, 255, 208, 255: 1
225, 51, 175, 255: 1
139, 45, 217, 255: 3
243, 117, 161, 255: 3
18, 138, 132, 255: 2
33, 147, 255, 255: 25
180, 99, 190, 255: 6
186, 27, 158, 255: 27
190, 235, 101, 255: 10
180, 156, 125, 255: 14
0, 230, 214, 255: 1
191, 65, 95, 255: 3
163, 56, 125, 255: 1145
81, 126, 172, 255: 3
24, 107, 105, 255: 11
0, 228, 170, 255: 1
34, 255, 225, 255: 1
141, 132, 48, 255: 1
231, 170, 149, 255: 3
80, 111, 177, 255: 6
44, 143, 10, 255: 64
93, 244, 89, 255: 19
148, 101, 196, 255: 6
32, 66, 224, 255: 1
32, 224, 130, 255: 1
78, 249, 223, 255: 41
244, 158, 251, 255: 10
88, 240, 176, 255: 10
69, 160, 75, 255: 5
195, 228, 30, 255: 31
88, 255, 98, 255: 2
79, 93, 184, 255: 2
242, 170, 242, 255: 15
195, 39, 12, 255: 2
241, 64, 88, 255: 45
133, 12, 255, 255: 3
2, 193, 224, 255: 2
217, 35, 248, 255: 1
0, 255, 27, 255: 102
229, 126, 13, 255: 1
26, 132, 20, 255: 1
150, 25, 140, 255: 1
65, 222, 64, 255: 4
141, 121, 28, 255: 9
90, 184, 79, 255: 1
160, 86, 182, 255: 1
255, 153, 207, 255: 1
125, 157, 63, 255: 1
143, 164, 35, 255: 5
36, 234, 79, 255: 2
46, 68, 229, 255: 14
150, 234, 189, 255: 1
231, 185, 178, 255: 3
0, 129, 159, 255: 3
0, 241, 13, 255: 8
230, 119, 224, 255: 1
165, 237, 89, 255: 98
113, 37, 28, 255: 156
86, 77, 60, 255: 26
68, 41, 31, 255: 12
242, 2, 198, 255: 1
133, 170, 119, 255: 57
246, 255, 171, 255: 2
247, 247, 247, 255: 6
27, 103, 71, 255: 4
20, 107, 202, 255: 1
100, 28, 29, 255: 2
42, 239, 169, 255: 1
187, 213, 194, 255: 34
57, 46, 115, 255: 4
224, 42, 255, 255: 12
138, 126, 200, 255: 6
0, 154, 79, 255: 223
145, 128, 41, 255: 1
149, 210, 92, 255: 12
127, 225, 58, 255: 36
194, 111, 214, 255: 21
194, 67, 7, 255: 74
213, 52, 53, 255: 5
0, 89, 186, 255: 2
203, 7, 254, 255: 3
27, 237, 80, 255: 1
239, 2, 142, 255: 25
193, 151, 219, 255: 7
90, 159, 30, 255: 11
189, 106, 209, 255: 3
143, 39, 92, 255: 1
88, 12, 152, 255: 2
139, 255, 202, 255: 6
106, 163, 72, 255: 4
31, 85, 44, 255: 2
90, 163, 48, 255: 9
214, 115, 101, 255: 23
38, 29, 6, 255: 57
184, 196, 163, 255: 41
24, 25, 121, 255: 7
245, 244, 209, 255: 14
134, 214, 16, 255: 1
38, 251, 157, 255: 1
190, 153, 152, 255: 3
57, 79, 201, 255: 1202
179, 113, 119, 255: 1
135, 76, 143, 255: 99
233, 81, 93, 255: 11
8, 17, 255, 255: 1
233, 175, 124, 255: 1
244, 206, 221, 255: 2
238, 75, 79, 255: 1
199, 220, 14, 255: 3
251, 211, 127, 255: 38
28, 73, 112, 255: 2
84, 58, 211, 255: 1
240, 166, 184, 255: 3
239, 93, 210, 255: 2
0, 140, 86, 255: 1
0, 42, 132, 255: 1
94, 167, 154, 255: 1
179, 23, 114, 255: 1
180, 29, 189, 255: 5
175, 94, 150, 255: 4
237, 35, 71, 255: 13
174, 31, 102, 255: 1
92, 45, 115, 255: 7
140, 108, 79, 255: 1
0, 150, 11, 255: 1
136, 119, 32, 255: 3
30, 150, 180, 255: 9
0, 189, 68, 255: 1
87, 156, 62, 255: 1
185, 194, 98, 255: 15
142, 180, 164, 255: 18
50, 42, 120, 255: 1
230, 251, 51, 255: 1
22, 1, 53, 255: 3
102, 194, 101, 255: 1
195, 60, 88, 255: 49
43, 114, 150, 255: 7
34, 122, 235, 255: 17
192, 155, 163, 255: 5
236, 200, 167, 255: 69
191, 182, 12, 255: 1
186, 14, 129, 255: 16
198, 255, 160, 255: 1
79, 179, 40, 255: 7
238, 34, 227, 255: 43
26, 204, 19, 255: 3
134, 169, 20, 255: 4
32, 111, 58, 255: 6
85, 111, 245, 255: 2
246, 210, 24, 255: 1
173, 77, 154, 255: 2
0, 136, 17, 255: 26
225, 46, 7, 255: 1
41, 208, 244, 255: 3
203, 221, 147, 255: 3
43, 81, 64, 255: 132
233, 180, 172, 255: 7
191, 255, 168, 255: 6
2, 66, 31, 255: 1
135, 200, 133, 255: 12
132, 150, 77, 255: 1
249, 8, 98, 255: 7
233, 254, 134, 255: 1
194, 98, 211, 255: 2
34, 218, 76, 255: 4
24, 228, 142, 255: 1
137, 27, 37, 255: 13
183, 153, 182, 255: 1
255, 123, 65, 255: 1
78, 186, 214, 255: 23
238, 126, 48, 255: 1
236, 113, 128, 255: 1
105, 181, 124, 255: 1
175, 253, 172, 255: 10
57, 203, 36, 255: 3
0, 49, 118, 255: 135
75, 208, 122, 255: 1
0, 134, 105, 255: 18
182, 186, 242, 255: 11
243, 54, 116, 255: 13
175, 198, 200, 255: 3
18, 212, 198, 255: 1
75, 64, 131, 255: 1
38, 177, 127, 255: 9
247, 68, 29, 255: 5
72, 201, 213, 255: 1
219, 210, 9, 255: 17
41, 112, 148, 255: 16
137, 150, 212, 255: 1
183, 224, 193, 255: 2
145, 53, 68, 255: 3
73, 222, 152, 255: 1
194, 157, 156, 255: 2
47, 61, 157, 255: 2
27, 106, 136, 255: 17
143, 155, 162, 255: 1
28, 95, 153, 255: 6
195, 224, 185, 255: 8
34, 76, 145, 255: 6
114, 90, 156, 255: 1
78, 37, 211, 255: 8
11, 70, 182, 255: 5
105, 21, 101, 255: 5
25, 183, 18, 255: 3
236, 36, 243, 255: 1
0, 153, 78, 255: 172
174, 227, 158, 255: 7
0, 117, 168, 255: 5
176, 17, 112, 255: 6
137, 82, 10, 255: 1
85, 89, 171, 255: 6
14, 241, 127, 255: 65
151, 118, 217, 255: 1
119, 236, 245, 255: 1
160, 44, 203, 255: 1230
225, 250, 101, 255: 6
209, 30, 213, 255: 9
206, 101, 59, 255: 2
0, 97, 41, 255: 66
163, 144, 183, 255: 86
108, 253, 132, 255: 1
200, 122, 166, 255: 1
73, 90, 13, 255: 1
77, 151, 90, 255: 2
131, 51, 136, 255: 28
141, 188, 255, 255: 2
216, 172, 76, 255: 1
245, 181, 164, 255: 1
0, 18, 202, 255: 1
157, 133, 103, 255: 15
175, 237, 78, 255: 19
58, 77, 100, 255: 6
1, 98, 89, 255: 1
209, 220, 194, 255: 1
91, 160, 66, 255: 1
47, 157, 32, 255: 21
83, 83, 221, 255: 18
0, 159, 20, 255: 1
184, 123, 168, 255: 1
234, 110, 245, 255: 1
36, 254, 228, 255: 38
0, 93, 71, 255: 1
190, 118, 231, 255: 1
138, 52, 68, 255: 10
240, 105, 129, 255: 3
194, 106, 141, 255: 9
181, 198, 131, 255: 5
181, 22, 153, 255: 4
159, 135, 105, 255: 105
32, 212, 65, 255: 1
87, 74, 197, 255: 2
0, 89, 190, 255: 2
182, 181, 76, 255: 15
121, 148, 87, 255: 1
208, 29, 212, 255: 2
79, 204, 17, 255: 2
42, 251, 97, 255: 1
84, 26, 241, 255: 1
37, 53, 137, 255: 16
138, 107, 5, 255: 33
16, 116, 191, 255: 2
25, 2, 247, 255: 2
228, 90, 236, 255: 1
19, 233, 46, 255: 1
172, 21, 27, 255: 1
148, 209, 91, 255: 13
192, 96, 173, 255: 8
190, 141, 224, 255: 6
112, 237, 157, 255: 2
175, 102, 69, 255: 2
251, 119, 224, 255: 3
0, 81, 46, 255: 1
82, 162, 206, 255: 1
141, 250, 91, 255: 17
104, 229, 149, 255: 1
102, 233, 5, 255: 2
146, 74, 78, 255: 1
72, 50, 6, 255: 1
0, 253, 217, 255: 1
96, 94, 107, 255: 4
141, 56, 55, 255: 4
150, 117, 63, 255: 2
124, 63, 32, 255: 8
95, 7, 113, 255: 1
183, 135, 32, 255: 1
235, 237, 44, 255: 9
24, 83, 194, 255: 17
0, 9, 12, 255: 2
23, 201, 237, 255: 1
141, 82, 149, 255: 19
55, 184, 195, 255: 19
128, 251, 225, 255: 4
89, 245, 159, 255: 5
38, 141, 255, 255: 1
45, 113, 25, 255: 1
227, 205, 49, 255: 1
195, 89, 39, 255: 2
164, 175, 143, 255: 919
90, 35, 40, 255: 1
247, 66, 39, 255: 21
75, 79, 195, 255: 1
240, 118, 213, 255: 3
130, 212, 104, 255: 1
191, 210, 161, 255: 2
186, 163, 49, 255: 1
3, 178, 130, 255: 3
45, 255, 183, 255: 1
42, 177, 40, 255: 53
134, 255, 199, 255: 2
50, 210, 62, 255: 1
183, 73, 43, 255: 2
239, 168, 19, 255: 22
79, 23, 182, 255: 16
151, 151, 150, 255: 19
59, 149, 65, 255: 134
0, 226, 152, 255: 10
240, 136, 225, 255: 3
131, 26, 123, 255: 12
240, 223, 110, 255: 45
164, 247, 107, 255: 1
89, 48, 186, 255: 4
231, 186, 243, 255: 25
101, 212, 193, 255: 1
27, 253, 36, 255: 1
152, 127, 138, 255: 2
43, 232, 167, 255: 18
207, 162, 106, 255: 1
48, 183, 46, 255: 28
43, 220, 255, 255: 24
186, 223, 214, 255: 6
175, 27, 131, 255: 1
1, 186, 148, 255: 1
134, 89, 34, 255: 1
43, 117, 251, 255: 6
170, 195, 39, 255: 1
34, 217, 40, 255: 11
111, 222, 163, 255: 5
89, 43, 148, 255: 1
126, 221, 109, 255: 1
231, 245, 189, 255: 3
0, 219, 194, 255: 1915
187, 170, 98, 255: 1
147, 243, 21, 255: 1
71, 110, 52, 255: 4
252, 89, 220, 255: 1
186, 132, 208, 255: 1
79, 63, 87, 255: 7
239, 76, 207, 255: 1
194, 65, 125, 255: 1
0, 155, 115, 255: 1171
0, 26, 244, 255: 1
147, 147, 146, 255: 40
205, 169, 23, 255: 3
164, 134, 164, 255: 1
206, 13, 0, 255: 1
240, 53, 68, 255: 22
86, 50, 129, 255: 6
184, 117, 196, 255: 2
0, 40, 6, 255: 1
193, 226, 28, 255: 29
209, 101, 177, 255: 26
179, 205, 186, 255: 1
230, 49, 168, 255: 1
38, 96, 255, 255: 2
243, 108, 132, 255: 1
187, 158, 222, 255: 8
33, 136, 53, 255: 21
179, 85, 77, 255: 1
18, 36, 209, 255: 1
137, 131, 53, 255: 3
237, 215, 197, 255: 16
99, 31, 229, 255: 11
61, 248, 45, 255: 1
189, 196, 2, 255: 17
41, 140, 7, 255: 144
216, 130, 224, 255: 2
51, 9, 189, 255: 11
27, 81, 123, 255: 4
84, 176, 126, 255: 10
250, 22, 108, 255: 2
10, 82, 46, 255: 1
39, 206, 242, 255: 6
208, 145, 168, 255: 2
185, 34, 194, 255: 2
140, 46, 218, 255: 4
70, 106, 104, 255: 1
34, 131, 82, 255: 14
0, 106, 92, 255: 3
141, 172, 125, 255: 11
210, 229, 115, 255: 1
250, 34, 10, 255: 64
225, 19, 114, 255: 13
36, 228, 253, 255: 9
100, 99, 249, 255: 3
244, 228, 31, 255: 10
127, 113, 21, 255: 1
86, 90, 69, 255: 3
0, 133, 172, 255: 8
0, 85, 152, 255: 1
133, 179, 38, 255: 15
46, 109, 80, 255: 6
25, 112, 207, 255: 2
242, 13, 65, 255: 19
139, 221, 11, 255: 3
191, 95, 18, 255: 1
186, 198, 165, 255: 59
140, 251, 8, 255: 9
43, 95, 211, 255: 1
80, 47, 132, 255: 10
79, 159, 65, 255: 1
89, 236, 103, 255: 14
193, 109, 111, 255: 3
180, 242, 119, 255: 3
38, 2, 148, 255: 1
46, 255, 67, 255: 3
36, 161, 96, 255: 3
0, 124, 218, 255: 23
13, 66, 109, 255: 1
215, 242, 192, 255: 5
68, 123, 40, 255: 2
192, 139, 198, 255: 1
237, 240, 219, 255: 3
146, 154, 64, 255: 87
87, 126, 68, 255: 16
100, 251, 96, 255: 2
193, 34, 129, 255: 5
62, 235, 53, 255: 9
110, 221, 162, 255: 1
43, 255, 229, 255: 1
245, 180, 108, 255: 13
243, 98, 69, 255: 1
41, 37, 201, 255: 12
162, 68, 245, 255: 16
183, 35, 139, 255: 50
231, 99, 220, 255: 1
148, 189, 152, 255: 6
110, 210, 142, 255: 918
2, 124, 218, 255: 26
230, 56, 178, 255: 1
99, 39, 148, 255: 18
161, 241, 4, 255: 213
113, 81, 236, 255: 2
134, 25, 116, 255: 1
186, 206, 238, 255: 4
35, 69, 255, 255: 2
16, 177, 135, 255: 2
205, 246, 62, 255: 2
214, 180, 247, 255: 5
80, 26, 101, 255: 1
144, 255, 88, 255: 4
0, 213, 180, 255: 1
38, 62, 57, 255: 4
255, 101, 25, 255: 1
187, 26, 23, 255: 1
125, 248, 222, 255: 3
234, 5, 210, 255: 8
25, 65, 154, 255: 1
189, 108, 199, 255: 20
129, 133, 182, 255: 15
141, 0, 201, 255: 10
79, 151, 145, 255: 11
146, 179, 231, 255: 8
35, 149, 177, 255: 5
98, 17, 108, 255: 7
91, 95, 185, 255: 1
237, 203, 12, 255: 6
241, 154, 64, 255: 10
138, 166, 21, 255: 1
237, 251, 230, 255: 4
12, 30, 178, 255: 1
97, 27, 126, 255: 80
39, 93, 135, 255: 4
129, 255, 197, 255: 2
20, 103, 101, 255: 4
80, 17, 173, 255: 2
32, 36, 229, 255: 8
0, 103, 21, 255: 147
185, 15, 101, 255: 2
172, 162, 8, 255: 1
191, 76, 233, 255: 3
80, 254, 172, 255: 7
0, 20, 159, 255: 19
195, 81, 0, 255: 1
178, 253, 74, 255: 1
255, 73, 102, 255: 1
160, 39, 231, 255: 1
235, 103, 35, 255: 9
129, 88, 149, 255: 1
171, 141, 145, 255: 17
0, 58, 128, 255: 2
249, 172, 91, 255: 13
29, 90, 116, 255: 1
106, 46, 155, 255: 7
37, 201, 139, 255: 34
125, 160, 164, 255: 6
233, 83, 11, 255: 1
142, 255, 192, 255: 2
191, 189, 49, 255: 1
72, 119, 125, 255: 3
91, 119, 198, 255: 8
145, 45, 148, 255: 3
25, 178, 225, 255: 2
93, 2, 10, 255: 4
96, 26, 125, 255: 97
74, 121, 230, 255: 3
190, 78, 77, 255: 7
81, 252, 226, 255: 28
12, 2, 63, 255: 8
64, 25, 7, 255: 26
24, 105, 4, 255: 3
75, 138, 222, 255: 13
139, 20, 204, 255: 24
193, 226, 131, 255: 2
95, 216, 59, 255: 1
173, 22, 181, 255: 4
0, 209, 175, 255: 108
181, 235, 11, 255: 1
210, 254, 25, 255: 1389
13, 209, 38, 255: 1
142, 246, 121, 255: 1
199, 135, 57, 255: 1
194, 100, 195, 255: 4
234, 148, 241, 255: 5
175, 79, 156, 255: 4
202, 0, 68, 255: 1
32, 72, 7, 255: 25
137, 82, 163, 255: 3
153, 57, 174, 255: 1
0, 17, 59, 255: 1
196, 168, 86, 255: 32
184, 33, 75, 255: 17
22, 205, 181, 255: 5
232, 97, 121, 255: 6
17, 82, 5, 255: 1
131, 166, 170, 255: 1
109, 121, 83, 255: 1329
40, 26, 190, 255: 5
23, 206, 182, 255: 7
26, 226, 24, 255: 86
147, 3, 199, 255: 1
186, 99, 122, 255: 6
229, 199, 14, 255: 3
16, 17, 88, 255: 2
10, 200, 89, 255: 88
193, 97, 21, 255: 1
90, 20, 119, 255: 37
178, 255, 90, 255: 1
84, 12, 13, 255: 2
97, 234, 156, 255: 1
132, 211, 123, 255: 7
119, 179, 171, 255: 2
144, 253, 130, 255: 1
194, 39, 148, 255: 5
76, 16, 14, 255: 6
0, 82, 205, 255: 1
242, 181, 42, 255: 1
46, 168, 5, 255: 1
5, 119, 46, 255: 18
185, 51, 170, 255: 6
97, 180, 74, 255: 2
0, 250, 146, 255: 2
132, 131, 240, 255: 13
237, 18, 233, 255: 1
186, 89, 205, 255: 1
147, 180, 232, 255: 7
144, 26, 125, 255: 38
47, 239, 145, 255: 2
102, 184, 81, 255: 2
188, 2, 148, 255: 1
240, 50, 94, 255: 3
164, 95, 4, 255: 60
86, 230, 255, 255: 24
122, 139, 104, 255: 1
241, 79, 117, 255: 14
237, 123, 232, 255: 1
141, 166, 153, 255: 6
143, 28, 226, 255: 24
87, 29, 90, 255: 32
143, 98, 16, 255: 1
165, 105, 180, 255: 40
81, 236, 132, 255: 4
22, 140, 72, 255: 3
71, 176, 105, 255: 2
115, 125, 244, 255: 2
15, 134, 130, 255: 4
243, 64, 246, 255: 2
28, 228, 61, 255: 7
0, 77, 198, 255: 1087
43, 130, 72, 255: 3
58, 176, 179, 255: 127
144, 92, 118, 255: 7
46, 32, 196, 255: 3
193, 168, 185, 255: 1
1, 125, 61, 255: 1
142, 103, 90, 255: 15
179, 186, 248, 255: 1
223, 60, 217, 255: 2
152, 70, 167, 255: 3
148, 107, 39, 255: 1
3, 161, 36, 255: 1
201, 38, 82, 255: 9
0, 95, 103, 255: 1
132, 179, 210, 255: 1
41, 49, 103, 255: 16
162, 176, 114, 255: 1
86, 200, 151, 255: 2
181, 235, 81, 255: 7
31, 136, 152, 255: 6
102, 98, 238, 255: 1
0, 76, 232, 255: 20
70, 90, 112, 255: 4
33, 133, 208, 255: 1
232, 246, 225, 255: 3
67, 69, 15, 255: 1
190, 94, 207, 255: 3
188, 172, 52, 255: 29
176, 92, 85, 255: 1
242, 99, 255, 255: 1
140, 118, 218, 255: 6
240, 218, 200, 255: 5
115, 3, 99, 255: 1
133, 34, 54, 255: 1
92, 100, 87, 255: 3
90, 186, 143, 255: 3
5, 234, 218, 255: 1
175, 102, 222, 255: 3
244, 71, 211, 255: 5
21, 131, 32, 255: 1
134, 196, 5, 255: 1
135, 131, 13, 255: 12
236, 244, 119, 255: 53
133, 99, 190, 255: 6
205, 240, 243, 255: 2
137, 217, 165, 255: 12
253, 253, 253, 255: 1
25, 140, 238, 255: 1
0, 203, 2, 255: 2147
91, 22, 48, 255: 2
16, 216, 14, 255: 2
0, 193, 82, 255: 477
94, 43, 216, 255: 1
248, 28, 162, 255: 16
32, 116, 148, 255: 2
252, 195, 137, 255: 2
144, 169, 54, 255: 2
135, 219, 72, 255: 14
146, 19, 208, 255: 12
137, 255, 214, 255: 1
148, 230, 123, 255: 1
35, 101, 68, 255: 2
128, 163, 13, 255: 2
61, 135, 229, 255: 5
255, 16, 226, 255: 2
227, 46, 165, 255: 1
254, 46, 189, 255: 6
87, 35, 138, 255: 1
185, 116, 97, 255: 2
236, 7, 212, 255: 6
45, 7, 28, 255: 11
0, 222, 129, 255: 4
19, 208, 33, 255: 1
151, 36, 80, 255: 7
179, 194, 167, 255: 5
142, 111, 9, 255: 12
157, 254, 94, 255: 7
52, 143, 99, 255: 1
133, 160, 255, 255: 1
39, 236, 166, 255: 3
216, 42, 166, 255: 23
34, 30, 194, 255: 11
89, 15, 254, 255: 3
251, 241, 86, 255: 8
88, 8, 25, 255: 4
0, 198, 150, 255: 2
178, 36, 208, 255: 3
133, 107, 74, 255: 2
115, 81, 35, 255: 1
40, 162, 101, 255: 1
142, 200, 240, 255: 36
229, 23, 154, 255: 7
85, 95, 254, 255: 4
147, 243, 123, 255: 88
61, 75, 132, 255: 1
27, 23, 187, 255: 1
154, 33, 9, 255: 1
0, 215, 58, 255: 13
167, 126, 122, 255: 1
246, 118, 64, 255: 114
41, 92, 174, 255: 1
198, 167, 244, 255: 32
10, 176, 178, 255: 2
197, 59, 245, 255: 6
234, 243, 154, 255: 4
180, 134, 85, 255: 18
173, 231, 231, 255: 4
211, 54, 255, 255: 41
136, 238, 84, 255: 7
71, 162, 77, 255: 15
0, 152, 77, 255: 123
184, 185, 142, 255: 122
160, 20, 36, 255: 9
224, 59, 118, 255: 1
255, 183, 167, 255: 1
0, 62, 42, 255: 3
197, 146, 131, 255: 1
0, 238, 65, 255: 2
237, 62, 2, 255: 5
124, 176, 37, 255: 1
127, 255, 170, 255: 1
246, 71, 113, 255: 4
197, 64, 37, 255: 1
148, 83, 1, 255: 2
161, 4, 96, 255: 1
241, 230, 185, 255: 10
38, 152, 78, 255: 6
1, 203, 100, 255: 2
161, 150, 100, 255: 34
37, 199, 39, 255: 3
83, 61, 17, 255: 4
0, 146, 62, 255: 1170
178, 118, 90, 255: 2
208, 56, 110, 255: 1
87, 255, 27, 255: 3
141, 11, 221, 255: 25
129, 68, 73, 255: 4
33, 37, 77, 255: 6
236, 84, 96, 255: 20
196, 19, 84, 255: 14
236, 143, 232, 255: 4
246, 255, 31, 255: 1
186, 253, 198, 255: 7
29, 33, 6, 255: 6
90, 255, 205, 255: 1
35, 122, 64, 255: 25
187, 255, 154, 255: 1
37, 103, 70, 255: 3
153, 214, 96, 255: 3
72, 207, 30, 255: 2
255, 237, 193, 255: 1
222, 16, 111, 255: 2
94, 71, 177, 255: 2
0, 173, 240, 255: 1
31, 255, 177, 255: 1
225, 115, 91, 255: 1
150, 236, 107, 255: 13
236, 5, 250, 255: 7
84, 148, 78, 255: 3
42, 200, 35, 255: 6
93, 160, 224, 255: 7
2, 97, 246, 255: 1
173, 6, 190, 255: 2
149, 236, 255, 255: 3
201, 99, 27, 255: 2
113, 224, 165, 255: 1
78, 188, 23, 255: 73
91, 27, 195, 255: 6
210, 39, 133, 255: 3
250, 138, 162, 255: 24
32, 39, 213, 255: 4
208, 147, 127, 255: 3
129, 194, 230, 255: 3
110, 219, 61, 255: 41
100, 65, 162, 255: 7
137, 103, 56, 255: 3
36, 158, 251, 255: 20
61, 245, 71, 255: 2
77, 108, 174, 255: 1
0, 94, 38, 255: 8
245, 159, 252, 255: 4
53, 182, 193, 255: 37
0, 78, 199, 255: 1558
76, 12, 77, 255: 1
115, 109, 150, 255: 47
131, 190, 157, 255: 1
190, 119, 184, 255: 11
88, 79, 245, 255: 2
87, 11, 187, 255: 8
77, 52, 166, 255: 5
195, 149, 238, 255: 5
91, 255, 229, 255: 1
57, 1, 162, 255: 11
90, 255, 228, 255: 1
209, 51, 150, 255: 1
215, 3, 30, 255: 782
194, 160, 222, 255: 1
183, 217, 74, 255: 6
124, 52, 48, 255: 1
143, 59, 138, 255: 1
35, 163, 104, 255: 34
58, 152, 166, 255: 119
153, 139, 119, 255: 1
30, 158, 99, 255: 12
133, 14, 198, 255: 27
239, 193, 41, 255: 1
66, 69, 14, 255: 1
130, 224, 159, 255: 1
30, 137, 171, 255: 1
220, 170, 5, 255: 3
249, 92, 36, 255: 1
0, 112, 231, 255: 31
194, 223, 184, 255: 16
127, 0, 17, 255: 5
239, 103, 91, 255: 5
242, 105, 141, 255: 20
181, 255, 80, 255: 1
196, 63, 190, 255: 3
35, 149, 75, 255: 10
94, 62, 155, 255: 1
145, 225, 27, 255: 23
11, 175, 79, 255: 2
105, 117, 118, 255: 1
202, 235, 140, 255: 3
245, 142, 76, 255: 9
19, 240, 185, 255: 1
0, 108, 134, 255: 1
131, 193, 28, 255: 21
170, 97, 217, 255: 1
237, 179, 10, 255: 1
21, 254, 207, 255: 3
0, 23, 74, 255: 2
38, 150, 233, 255: 2
86, 65, 39, 255: 12
0, 83, 224, 255: 5
34, 101, 20, 255: 1
0, 148, 64, 255: 31
195, 190, 80, 255: 3
35, 189, 127, 255: 1
137, 220, 248, 255: 1
224, 237, 79, 255: 7
21, 102, 1, 255: 1
0, 104, 121, 255: 2
187, 20, 239, 255: 9
62, 136, 230, 255: 4
106, 118, 222, 255: 1
37, 216, 142, 255: 26
156, 79, 117, 255: 1
237, 177, 174, 255: 5
134, 205, 88, 255: 1
180, 184, 147, 255: 1
242, 171, 22, 255: 24
195, 142, 72, 255: 1
45, 89, 141, 255: 9
38, 195, 103, 255: 1
241, 252, 142, 255: 22
142, 2, 211, 255: 1
87, 148, 108, 255: 14
218, 39, 222, 255: 1
0, 34, 183, 255: 3
94, 85, 68, 255: 55
232, 139, 228, 255: 5
187, 144, 76, 255: 6
233, 144, 138, 255: 56
77, 214, 135, 255: 8
116, 2, 153, 255: 1
137, 115, 215, 255: 8
71, 209, 28, 255: 1
31, 143, 226, 255: 50
37, 171, 16, 255: 4
237, 31, 162, 255: 29
82, 225, 113, 255: 4
33, 147, 175, 255: 7
49, 115, 185, 255: 23
0, 30, 56, 255: 38
144, 203, 170, 255: 4
89, 75, 44, 255: 14
179, 108, 209, 255: 2
250, 38, 202, 255: 1
71, 101, 132, 255: 5
32, 120, 233, 255: 2
47, 138, 93, 255: 18
151, 69, 166, 255: 2
88, 85, 217, 255: 2
31, 43, 30, 255: 3
57, 211, 211, 255: 1
238, 240, 201, 255: 1
250, 115, 77, 255: 1
44, 157, 2, 255: 1
85, 167, 17, 255: 7
38, 4, 76, 255: 6
92, 122, 153, 255: 3
72, 172, 253, 255: 14
0, 217, 94, 255: 17
109, 173, 210, 255: 1
0, 212, 12, 255: 10
44, 190, 63, 255: 23
177, 134, 183, 255: 12
82, 106, 142, 255: 5
248, 133, 178, 255: 1
253, 226, 250, 255: 2
141, 5, 112, 255: 17
0, 130, 101, 255: 4
97, 223, 80, 255: 2
216, 152, 33, 255: 29
210, 22, 39, 255: 8
83, 65, 129, 255: 3
66, 49, 74, 255: 1
237, 74, 78, 255: 5
179, 196, 232, 255: 12
143, 80, 97, 255: 16
138, 121, 34, 255: 6
185, 147, 45, 255: 6
95, 161, 189, 255: 1
242, 135, 244, 255: 18
0, 168, 136, 255: 1546
122, 55, 211, 255: 3
151, 171, 89, 255: 14
185, 66, 173, 255: 3
148, 85, 102, 255: 42
168, 31, 145, 255: 10
252, 126, 17, 255: 1
175, 225, 58, 255: 10
0, 137, 73, 255: 2
72, 75, 20, 255: 14
96, 232, 201, 255: 2
34, 13, 100, 255: 30
180, 167, 53, 255: 5
165, 143, 212, 255: 1
247, 135, 159, 255: 44
119, 41, 189, 255: 1
155, 138, 60, 255: 2
241, 14, 61, 255: 1
0, 45, 11, 255: 2
191, 54, 167, 255: 11
134, 96, 101, 255: 1
140, 120, 27, 255: 15
135, 223, 82, 255: 18
179, 30, 207, 255: 2
163, 119, 170, 255: 76
88, 68, 144, 255: 1
212, 120, 57, 255: 1
80, 235, 131, 255: 13
93, 218, 178, 255: 16
0, 47, 206, 255: 15
87, 71, 233, 255: 5
81, 218, 212, 255: 1
255, 179, 200, 255: 2
29, 28, 153, 255: 2
181, 182, 139, 255: 62
196, 147, 230, 255: 5
63, 68, 112, 255: 25
78, 4, 243, 255: 28
94, 208, 159, 255: 37
151, 55, 172, 255: 10
33, 196, 255, 255: 1
186, 9, 100, 255: 1
220, 87, 175, 255: 1
129, 7, 92, 255: 13
0, 217, 149, 255: 923
31, 148, 182, 255: 1
124, 197, 41, 255: 8
130, 32, 4, 255: 22
179, 232, 163, 255: 45
211, 42, 234, 255: 6
83, 220, 141, 255: 84
0, 193, 248, 255: 1106
77, 144, 105, 255: 1
236, 151, 151, 255: 3
47, 160, 134, 255: 2
105, 214, 56, 255: 16
192, 114, 185, 255: 3
105, 29, 60, 255: 2
40, 217, 227, 255: 8
247, 226, 62, 255: 39
84, 89, 132, 255: 22
22, 32, 74, 255: 1
33, 104, 140, 255: 5
175, 71, 237, 255: 2
26, 11, 167, 255: 2
134, 103, 37, 255: 1
41, 200, 69, 255: 3
80, 125, 171, 255: 6
186, 180, 143, 255: 1
128, 228, 159, 255: 16
1, 115, 42, 255: 2
195, 255, 192, 255: 1
0, 82, 47, 255: 2
88, 169, 221, 255: 9
193, 169, 241, 255: 4
182, 43, 230, 255: 1
135, 255, 48, 255: 3
27, 219, 208, 255: 1
246, 255, 90, 255: 4
225, 84, 3, 255: 1
179, 148, 122, 255: 1
10, 24, 228, 255: 68
25, 172, 253, 255: 18
85, 237, 137, 255: 2
141, 90, 104, 255: 19
212, 195, 83, 255: 60
0, 254, 218, 255: 2
34, 234, 67, 255: 7
34, 244, 51, 255: 35
96, 186, 148, 255: 37
227, 117, 129, 255: 1
168, 48, 239, 255: 21
188, 208, 86, 255: 65
143, 38, 245, 255: 2
26, 74, 176, 255: 26
38, 224, 144, 255: 12
189, 145, 114, 255: 1
86, 172, 255, 255: 35
214, 92, 188, 255: 8
38, 255, 179, 255: 2
240, 255, 202, 255: 1
84, 157, 42, 255: 1
36, 129, 183, 255: 2
101, 37, 205, 255: 1
190, 15, 67, 255: 9
86, 70, 232, 255: 4
192, 63, 87, 255: 14
246, 155, 87, 255: 8
244, 38, 23, 255: 7
37, 83, 233, 255: 13
242, 11, 255, 255: 1
93, 243, 191, 255: 1
232, 255, 197, 255: 1
31, 195, 133, 255: 18
0, 91, 132, 255: 20
195, 144, 26, 255: 1
61, 30, 179, 255: 29
246, 0, 149, 255: 1
19, 65, 2, 255: 1
138, 72, 145, 255: 10
212, 131, 38, 255: 5
84, 81, 60, 255: 11
191, 165, 174, 255: 2
19, 88, 210, 255: 31
165, 248, 108, 255: 5
124, 106, 137, 255: 16
94, 134, 222, 255: 3
142, 222, 24, 255: 8
92, 189, 255, 255: 22
125, 232, 231, 255: 15
80, 108, 77, 255: 24
125, 179, 205, 255: 1
146, 158, 165, 255: 4
145, 141, 126, 255: 1
247, 248, 128, 255: 3
42, 209, 210, 255: 3
90, 94, 176, 255: 8
0, 222, 99, 255: 1
149, 14, 36, 255: 1
110, 24, 6, 255: 1291
123, 100, 63, 255: 2
25, 129, 218, 255: 10
20, 203, 215, 255: 1
147, 17, 227, 255: 4
136, 248, 188, 255: 22
95, 82, 197, 255: 1
0, 176, 209, 255: 2
155, 202, 207, 255: 2
0, 213, 21, 255: 107
192, 252, 141, 255: 13
245, 16, 68, 255: 6
235, 9, 184, 255: 2
130, 157, 250, 255: 1
187, 103, 105, 255: 3
189, 67, 75, 255: 5
85, 59, 221, 255: 4
128, 231, 132, 255: 1
237, 209, 87, 255: 67
235, 119, 27, 255: 87
0, 241, 192, 255: 2
149, 137, 211, 255: 1
122, 19, 178, 255: 2
243, 199, 101, 255: 4
244, 137, 246, 255: 12
252, 62, 209, 255: 1
53, 152, 19, 255: 1
22, 109, 51, 255: 1
133, 128, 186, 255: 1
148, 30, 129, 255: 4
43, 69, 127, 255: 1
231, 143, 207, 255: 1
192, 255, 133, 255: 1
33, 112, 178, 255: 1
97, 239, 174, 255: 3
246, 28, 88, 255: 2
53, 234, 2, 255: 1
242, 185, 24, 255: 19
183, 137, 191, 255: 1
195, 78, 27, 255: 36
41, 208, 209, 255: 8
119, 129, 248, 255: 1
134, 186, 149, 255: 3
8, 232, 19, 255: 1
229, 243, 120, 255: 1
140, 167, 106, 255: 3
96, 40, 119, 255: 1
168, 212, 233, 255: 37
162, 58, 225, 255: 68
40, 144, 163, 255: 1
39, 160, 45, 255: 1
185, 98, 121, 255: 2
125, 137, 98, 255: 4
37, 157, 187, 255: 12
132, 189, 211, 255: 6
188, 170, 90, 255: 2
234, 13, 129, 255: 17
75, 70, 242, 255: 1
21, 210, 35, 255: 1
138, 229, 168, 255: 1
41, 81, 52, 255: 1
38, 255, 168, 255: 1
39, 73, 255, 255: 2
149, 10, 54, 255: 1
145, 143, 197, 255: 1
136, 185, 178, 255: 2
88, 108, 12, 255: 2
153, 143, 132, 255: 4
166, 50, 209, 255: 33
42, 141, 8, 255: 95
87, 142, 255, 255: 1
137, 213, 1, 255: 2
95, 138, 196, 255: 4
91, 207, 84, 255: 1
74, 132, 250, 255: 1
123, 226, 127, 255: 1
81, 57, 52, 255: 7
104, 28, 19, 255: 91
193, 91, 172, 255: 1
0, 211, 246, 255: 1
73, 47, 200, 255: 1
28, 183, 211, 255: 2
186, 228, 149, 255: 1
74, 221, 53, 255: 1
164, 101, 79, 255: 1
35, 125, 190, 255: 1
124, 28, 35, 255: 3
181, 108, 228, 255: 1
207, 220, 205, 255: 1
17, 70, 113, 255: 21
80, 235, 13, 255: 3
139, 252, 107, 255: 7
30, 246, 158, 255: 20
242, 19, 72, 255: 2
197, 214, 250, 255: 2
143, 181, 165, 255: 14
245, 199, 47, 255: 2
32, 114, 150, 255: 3
143, 18, 133, 255: 3
97, 230, 101, 255: 19
129, 84, 29, 255: 1
49, 220, 81, 255: 1
83, 245, 155, 255: 13
137, 252, 197, 255: 37
34, 17, 82, 255: 6
0, 92, 134, 255: 28
225, 142, 138, 255: 1
199, 58, 18, 255: 1
82, 176, 189, 255: 31
187, 77, 94, 255: 7
136, 232, 112, 255: 1
81, 65, 192, 255: 2
126, 159, 100, 255: 1
230, 116, 122, 255: 2
0, 201, 223, 255: 1
198, 1, 255, 255: 7
141, 224, 252, 255: 1
80, 102, 2, 255: 1
92, 115, 116, 255: 2
182, 215, 17, 255: 2
0, 123, 217, 255: 31
90, 24, 174, 255: 8
25, 170, 188, 255: 2
81, 76, 145, 255: 1
249, 190, 114, 255: 5
88, 141, 208, 255: 1
198, 255, 102, 255: 1
21, 174, 221, 255: 2
0, 89, 122, 255: 220
34, 110, 78, 255: 27
165, 49, 208, 255: 91
181, 121, 93, 255: 1
73, 110, 245, 255: 2
116, 128, 90, 255: 82
137, 236, 240, 255: 1
244, 255, 65, 255: 3
56, 31, 249, 255: 1
92, 160, 104, 255: 7
56, 14, 194, 255: 2
240, 30, 37, 255: 1
143, 175, 255, 255: 1
181, 19, 170, 255: 1
89, 183, 196, 255: 5
136, 83, 255, 255: 18
213, 34, 217, 255: 2
51, 111, 112, 255: 2
106, 102, 242, 255: 2
182, 89, 8, 255: 8
53, 155, 222, 255: 1
19, 245, 28, 255: 2
78, 114, 112, 255: 1
196, 91, 49, 255: 2
0, 121, 147, 255: 1
78, 172, 185, 255: 14
0, 16, 151, 255: 1
26, 146, 140, 255: 84
4, 241, 136, 255: 1033
255, 74, 69, 255: 2
154, 199, 106, 255: 8
137, 238, 50, 255: 1
140, 230, 151, 255: 6
22, 87, 10, 255: 2
96, 238, 173, 255: 5
144, 111, 57, 255: 1
179, 45, 61, 255: 1
84, 249, 255, 255: 4
84, 184, 45, 255: 22
78, 229, 28, 255: 6
0, 136, 72, 255: 3
66, 174, 166, 255: 1
9, 92, 91, 255: 774
91, 151, 30, 255: 1
89, 58, 206, 255: 18
136, 157, 63, 255: 1
143, 112, 10, 255: 6
80, 188, 216, 255: 28
130, 16, 12, 255: 3
253, 235, 169, 255: 3
79, 156, 91, 255: 7
0, 21, 157, 255: 1
127, 131, 180, 255: 6
29, 154, 253, 255: 8
188, 40, 255, 255: 9
88, 144, 198, 255: 32
1, 18, 104, 255: 1
0, 254, 95, 255: 1
234, 67, 37, 255: 4
166, 202, 158, 255: 1
228, 57, 47, 255: 1
45, 220, 168, 255: 2
44, 207, 157, 255: 9
244, 233, 188, 255: 2
195, 32, 76, 255: 12
141, 253, 193, 255: 2
33, 229, 232, 255: 7
253, 125, 173, 255: 3
139, 53, 69, 255: 4
37, 231, 255, 255: 1
159, 102, 19, 255: 67
20, 164, 45, 255: 2
235, 255, 25, 255: 1
189, 29, 69, 255: 1
204, 126, 170, 255: 3
87, 181, 255, 255: 53
61, 182, 26, 255: 128
126, 249, 223, 255: 3
40, 149, 16, 255: 1
31, 30, 37, 255: 2
10, 154, 138, 255: 1
32, 196, 98, 255: 14
37, 204, 121, 255: 39
75, 78, 23, 255: 43
37, 143, 4, 255: 5
0, 97, 104, 255: 54
45, 96, 142, 255: 1
38, 117, 64, 255: 30
132, 44, 218, 255: 24
188, 110, 181, 255: 3
0, 65, 208, 255: 3
87, 162, 255, 255: 2
255, 176, 248, 255: 1
106, 221, 132, 255: 2
183, 214, 101, 255: 4
251, 115, 252, 255: 2
231, 65, 99, 255: 1
247, 96, 144, 255: 3
193, 30, 74, 255: 8
70, 73, 18, 255: 6
143, 69, 77, 255: 12
139, 29, 39, 255: 31
90, 211, 54, 255: 20
43, 226, 49, 255: 1
0, 36, 185, 255: 2
0, 87, 149, 255: 2
27, 243, 155, 255: 10
96, 57, 38, 255: 2
213, 36, 61, 255: 59
32, 40, 94, 255: 3
196, 174, 88, 255: 1
211, 208, 76, 255: 2
132, 91, 152, 255: 1
42, 4, 25, 255: 6
32, 253, 198, 255: 1
182, 232, 100, 255: 6
187, 212, 56, 255: 1
248, 95, 155, 255: 4
237, 66, 56, 255: 1
86, 140, 105, 255: 5
125, 97, 155, 255: 1
36, 54, 236, 255: 2
235, 235, 235, 255: 2
128, 212, 65, 255: 5
0, 225, 112, 255: 8
205, 183, 170, 255: 1
82, 70, 210, 255: 3
189, 154, 115, 255: 5
190, 75, 232, 255: 4
113, 29, 109, 255: 49
4, 159, 192, 255: 1
92, 123, 189, 255: 3
5, 124, 120, 255: 183
253, 229, 224, 255: 7
204, 162, 102, 255: 1
222, 164, 113, 255: 3
251, 156, 1, 255: 4
188, 229, 125, 255: 1
29, 157, 63, 255: 48
229, 148, 54, 255: 5
182, 114, 22, 255: 31
192, 84, 199, 255: 20
0, 96, 104, 255: 1
0, 105, 156, 255: 4
0, 251, 112, 255: 3
88, 174, 122, 255: 13
236, 21, 51, 255: 2
176, 195, 146, 255: 1
53, 66, 61, 255: 1
38, 193, 221, 255: 39
244, 36, 76, 255: 1
149, 190, 153, 255: 3
236, 93, 206, 255: 4
0, 124, 52, 255: 1
0, 205, 102, 255: 19
33, 121, 234, 255: 8
90, 204, 255, 255: 1
80, 22, 119, 255: 1
79, 145, 173, 255: 20
56, 20, 100, 255: 1
240, 6, 14, 255: 1
55, 112, 231, 255: 21
138, 19, 203, 255: 32
139, 50, 188, 255: 1
238, 184, 112, 255: 8
71, 27, 221, 255: 2
97, 19, 207, 255: 39
244, 185, 109, 255: 1
136, 36, 255, 255: 5
211, 62, 213, 255: 1
209, 225, 12, 255: 1
22, 247, 33, 255: 3
99, 136, 125, 255: 32
15, 126, 211, 255: 18
139, 255, 216, 255: 1
29, 53, 12, 255: 1
193, 214, 110, 255: 3
144, 4, 60, 255: 8
232, 254, 6, 255: 3
112, 245, 230, 255: 7
184, 255, 188, 255: 1
187, 255, 5, 255: 2
23, 121, 133, 255: 2
231, 93, 18, 255: 4
111, 33, 182, 255: 89
248, 97, 145, 255: 4
183, 192, 214, 255: 1
69, 140, 110, 255: 1
105, 167, 145, 255: 1
241, 17, 35, 255: 4
37, 212, 21, 255: 1
189, 173, 53, 255: 17
177, 227, 60, 255: 11
96, 243, 110, 255: 8
42, 30, 27, 255: 9
245, 140, 56, 255: 5
140, 255, 109, 255: 4
185, 171, 69, 255: 2
99, 78, 52, 255: 1
75, 218, 208, 255: 4
143, 120, 185, 255: 7
80, 250, 71, 255: 2
0, 90, 33, 255: 1
43, 116, 78, 255: 2
103, 47, 214, 255: 1
197, 201, 1, 255: 1
26, 33, 171, 255: 2
239, 95, 18, 255: 6
80, 215, 192, 255: 3
81, 59, 117, 255: 33
101, 209, 91, 255: 15
199, 64, 92, 255: 7
0, 151, 175, 255: 1
143, 13, 223, 255: 23
45, 174, 226, 255: 7
187, 21, 121, 255: 5
192, 123, 104, 255: 3
180, 21, 116, 255: 41
241, 84, 28, 255: 38
228, 209, 33, 255: 2
238, 240, 47, 255: 19
0, 16, 190, 255: 1
243, 185, 16, 255: 1
73, 2, 211, 255: 3
161, 117, 14, 255: 2
239, 211, 125, 255: 8
166, 1, 28, 255: 136
240, 88, 100, 255: 7
146, 178, 255, 255: 2
195, 23, 138, 255: 1
47, 52, 238, 255: 3
1, 194, 181, 255: 1
140, 91, 241, 255: 9
80, 137, 255, 255: 31
10, 137, 44, 255: 74
192, 188, 96, 255: 14
240, 12, 98, 255: 1
139, 125, 17, 255: 3
0, 68, 112, 255: 1
32, 33, 103, 255: 4
51, 161, 36, 255: 7
147, 163, 68, 255: 1
0, 20, 37, 255: 15
0, 137, 177, 255: 59
87, 48, 102, 255: 1
139, 47, 62, 255: 2
132, 114, 145, 255: 16
139, 200, 82, 255: 14
96, 7, 187, 255: 15
92, 236, 14, 255: 1
246, 93, 153, 255: 2
195, 14, 219, 255: 1
134, 220, 244, 255: 1
186, 122, 44, 255: 2
195, 141, 63, 255: 6
231, 115, 23, 255: 85
130, 57, 171, 255: 1
143, 243, 221, 255: 2
48, 136, 249, 255: 1
137, 191, 217, 255: 7
219, 105, 112, 255: 3
244, 230, 132, 255: 1
204, 178, 41, 255: 1
80, 213, 194, 255: 1
249, 29, 163, 255: 6
246, 93, 51, 255: 10
34, 68, 73, 255: 1
135, 20, 218, 255: 1
186, 168, 88, 255: 1
179, 37, 245, 255: 2
185, 89, 166, 255: 97
188, 120, 28, 255: 60
0, 160, 252, 255: 143
165, 204, 3, 255: 1
180, 109, 210, 255: 4
148, 156, 66, 255: 88
0, 231, 15, 255: 4
127, 203, 145, 255: 1
75, 109, 145, 255: 1
81, 118, 217, 255: 4
147, 172, 159, 255: 34
236, 255, 1, 255: 3
142, 77, 251, 255: 4
41, 255, 240, 255: 1
184, 213, 1, 255: 35
228, 73, 141, 255: 9
124, 8, 60, 255: 2
144, 243, 213, 255: 2
35, 89, 255, 255: 4
11, 229, 205, 255: 153
134, 255, 60, 255: 2
111, 90, 152, 255: 1
204, 116, 151, 255: 12
128, 255, 207, 255: 1
0, 45, 148, 255: 1
87, 99, 100, 255: 1
46, 122, 90, 255: 1
247, 27, 24, 255: 6
199, 160, 70, 255: 20
238, 252, 231, 255: 12
77, 17, 15, 255: 11
29, 217, 6, 255: 13
213, 220, 251, 255: 2
184, 143, 137, 255: 8
143, 209, 160, 255: 21
177, 24, 223, 255: 1
193, 209, 36, 255: 7
152, 45, 154, 255: 8
77, 198, 41, 255: 1
137, 244, 243, 255: 8
230, 14, 199, 255: 36
140, 144, 194, 255: 7
130, 239, 80, 255: 74
191, 244, 175, 255: 3
103, 90, 205, 255: 2
141, 137, 19, 255: 3
103, 86, 158, 255: 1
194, 88, 191, 255: 3
217, 120, 205, 255: 94
183, 216, 227, 255: 8
137, 127, 116, 255: 12
138, 85, 221, 255: 1
144, 58, 39, 255: 1
226, 104, 200, 255: 1
130, 112, 143, 255: 43
9, 227, 203, 255: 1206
0, 116, 9, 255: 3
41, 255, 171, 255: 1
28, 178, 9, 255: 1
55, 77, 198, 255: 207
165, 86, 241, 255: 8
162, 41, 131, 255: 4
136, 190, 216, 255: 5
138, 66, 70, 255: 1
227, 20, 115, 255: 11
244, 80, 131, 255: 1
137, 255, 236, 255: 4
0, 211, 45, 255: 4
191, 175, 55, 255: 8
139, 78, 83, 255: 38
88, 67, 41, 255: 21
193, 178, 195, 255: 2
27, 246, 255, 255: 1
134, 184, 57, 255: 1
31, 134, 87, 255: 2
133, 204, 241, 255: 3
199, 119, 65, 255: 50
35, 75, 10, 255: 15
67, 246, 131, 255: 1
81, 254, 71, 255: 16
149, 171, 214, 255: 1
0, 147, 28, 255: 227
63, 118, 139, 255: 1
239, 255, 246, 255: 2
7, 171, 75, 255: 2
238, 135, 23, 255: 1
139, 185, 44, 255: 6
199, 132, 58, 255: 1
17, 54, 147, 255: 1
81, 251, 72, 255: 3
160, 171, 139, 255: 2005
37, 255, 167, 255: 6
148, 255, 173, 255: 1
250, 207, 25, 255: 2
178, 97, 153, 255: 7
190, 51, 238, 255: 20
86, 78, 151, 255: 1
33, 20, 239, 255: 26
114, 116, 68, 255: 33
40, 154, 80, 255: 5
87, 42, 130, 255: 2
89, 223, 247, 255: 9
239, 16, 69, 255: 6
58, 204, 77, 255: 1
221, 232, 207, 255: 37
180, 162, 200, 255: 64
202, 255, 34, 255: 1
187, 191, 163, 255: 1
189, 190, 147, 255: 41
36, 24, 21, 255: 37
0, 57, 38, 255: 2
189, 231, 35, 255: 6
137, 174, 123, 255: 43
0, 193, 47, 255: 17
93, 222, 232, 255: 1
0, 140, 22, 255: 17
135, 33, 108, 255: 2
153, 30, 163, 255: 5
140, 81, 148, 255: 24
38, 109, 247, 255: 2
131, 4, 21, 255: 6
0, 158, 151, 255: 8
132, 178, 37, 255: 25
186, 80, 30, 255: 1
80, 84, 63, 255: 3
245, 94, 150, 255: 1
62, 230, 81, 255: 7
140, 87, 223, 255: 1
32, 111, 141, 255: 56
37, 242, 108, 255: 1
0, 236, 156, 255: 31
43, 210, 127, 255: 14
156, 139, 61, 255: 1
142, 222, 178, 255: 2
15, 93, 125, 255: 27
76, 121, 167, 255: 4
215, 242, 39, 255: 1
79, 195, 252, 255: 1
85, 38, 108, 255: 52
189, 60, 84, 255: 24
106, 55, 35, 255: 24
230, 207, 154, 255: 2
79, 201, 217, 255: 1
32, 172, 3, 255: 2
0, 16, 220, 255: 214
76, 32, 226, 255: 1
31, 181, 105, 255: 31
88, 123, 14, 255: 4
19, 174, 64, 255: 1
255, 99, 214, 255: 1
255, 123, 91, 255: 1
253, 83, 66, 255: 16
0, 121, 83, 255: 2474
90, 223, 94, 255: 2
79, 118, 95, 255: 1
126, 122, 4, 255: 2
18, 201, 177, 255: 1
28, 32, 5, 255: 3
242, 165, 84, 255: 21
30, 181, 20, 255: 2
18, 121, 38, 255: 3
255, 25, 111, 255: 1
135, 160, 45, 255: 1
41, 116, 96, 255: 5
111, 80, 133, 255: 3
82, 58, 17, 255: 12
141, 92, 242, 255: 8
102, 238, 207, 255: 7
228, 198, 131, 255: 1
133, 248, 158, 255: 8
37, 143, 255, 255: 3
85, 181, 211, 255: 7
247, 14, 168, 255: 23
134, 185, 11, 255: 1
198, 48, 98, 255: 1
186, 10, 28, 255: 81
139, 6, 83, 255: 1
47, 243, 246, 255: 12
183, 124, 114, 255: 1
136, 169, 221, 255: 7
49, 178, 189, 255: 1032
140, 0, 209, 255: 1
68, 244, 31, 255: 1
87, 183, 38, 255: 2
243, 50, 134, 255: 1
94, 145, 114, 255: 2
84, 129, 139, 255: 1
0, 24, 228, 255: 4
159, 110, 194, 255: 15
88, 190, 114, 255: 18
130, 132, 186, 255: 1
235, 188, 248, 255: 1
76, 68, 3, 255: 10
90, 161, 203, 255: 52
95, 53, 137, 255: 2
149, 14, 139, 255: 8
22, 17, 44, 255: 13
93, 25, 223, 255: 5
86, 180, 193, 255: 27
0, 87, 120, 255: 97
92, 255, 147, 255: 3
53, 218, 125, 255: 2
147, 24, 55, 255: 7
0, 215, 160, 255: 2
143, 61, 158, 255: 23
189, 66, 255, 255: 5
181, 6, 58, 255: 1
194, 35, 130, 255: 1
25, 59, 181, 255: 7
2, 237, 73, 255: 5
0, 98, 7, 255: 1215
42, 87, 219, 255: 1
238, 34, 74, 255: 1
198, 223, 216, 255: 9
254, 101, 161, 255: 5
135, 252, 40, 255: 5
66, 39, 29, 255: 2
181, 223, 180, 255: 1
185, 67, 126, 255: 2
137, 53, 132, 255: 18
241, 189, 180, 255: 14
15, 220, 86, 255: 1
242, 60, 15, 255: 4
89, 208, 209, 255: 7
140, 98, 22, 255: 30
78, 27, 191, 255: 11
114, 153, 202, 255: 5
236, 78, 176, 255: 1
232, 213, 37, 255: 5
231, 217, 74, 255: 2
198, 112, 16, 255: 1
143, 156, 255, 255: 2
45, 175, 179, 255: 1
38, 142, 196, 255: 10
19, 68, 205, 255: 1
35, 98, 69, 255: 1
91, 255, 52, 255: 6
233, 6, 53, 255: 1
26, 251, 73, 255: 13
110, 9, 12, 255: 22
44, 66, 73, 255: 2
135, 250, 160, 255: 7
125, 0, 141, 255: 6
71, 247, 34, 255: 1
32, 185, 232, 255: 1
0, 74, 195, 255: 344
33, 118, 134, 255: 3
163, 166, 223, 255: 12
5, 160, 153, 255: 2
231, 102, 193, 255: 3
83, 166, 170, 255: 14
129, 249, 100, 255: 5
198, 202, 174, 255: 1
150, 255, 68, 255: 1
182, 111, 74, 255: 3
156, 93, 71, 255: 1
237, 196, 255, 255: 16
32, 133, 89, 255: 4
31, 108, 212, 255: 1
146, 183, 132, 255: 2
234, 250, 36, 255: 25
0, 184, 39, 255: 1
156, 209, 27, 255: 2
41, 95, 137, 255: 1
189, 50, 65, 255: 27
94, 221, 169, 255: 1
155, 50, 1, 255: 1
225, 222, 242, 255: 2
86, 34, 164, 255: 2
89, 65, 60, 255: 19
41, 65, 60, 255: 8
83, 21, 31, 255: 2
140, 159, 223, 255: 29
52, 233, 104, 255: 1
179, 26, 87, 255: 1
188, 69, 73, 255: 1
27, 69, 103, 255: 40
231, 82, 193, 255: 4
0, 128, 35, 255: 29
140, 153, 148, 255: 4
131, 172, 135, 255: 3
40, 23, 191, 255: 2
220, 129, 178, 255: 1
6, 196, 85, 255: 220
121, 109, 184, 255: 1
176, 229, 160, 255: 15
79, 230, 29, 255: 10
27, 102, 224, 255: 1
183, 107, 104, 255: 33
27, 64, 192, 255: 7
149, 72, 238, 255: 1
226, 248, 0, 255: 5
41, 233, 139, 255: 1
248, 67, 194, 255: 3
23, 30, 66, 255: 8
78, 170, 120, 255: 1
27, 4, 249, 255: 7
39, 181, 40, 255: 1
164, 153, 103, 255: 1
227, 242, 182, 255: 5
0, 47, 18, 255: 5
188, 181, 74, 255: 1
29, 199, 206, 255: 1
144, 197, 15, 255: 3
72, 17, 176, 255: 1
239, 230, 28, 255: 83
232, 196, 163, 255: 55
184, 66, 161, 255: 7
58, 72, 26, 255: 288
127, 68, 135, 255: 12
82, 255, 3, 255: 1
199, 249, 231, 255: 1
138, 64, 72, 255: 4
242, 136, 100, 255: 1
74, 157, 7, 255: 1
0, 103, 188, 255: 1132
27, 174, 35, 255: 2
86, 212, 69, 255: 2
81, 255, 222, 255: 2
187, 255, 83, 255: 8
23, 5, 180, 255: 1
41, 255, 179, 255: 39
0, 176, 244, 255: 6
70, 145, 238, 255: 3
0, 39, 95, 255: 1
183, 255, 163, 255: 2
99, 92, 20, 255: 2
35, 126, 81, 255: 13
143, 235, 255, 255: 5
180, 114, 120, 255: 1
181, 163, 236, 255: 12
216, 182, 95, 255: 1
239, 255, 166, 255: 2
185, 114, 179, 255: 65
232, 241, 152, 255: 2
215, 71, 149, 255: 35
186, 51, 79, 255: 6
141, 255, 134, 255: 1
18, 5, 224, 255: 1
139, 253, 35, 255: 1
202, 53, 204, 255: 6
154, 25, 89, 255: 1
41, 162, 47, 255: 1
185, 13, 45, 255: 1
46, 46, 189, 255: 4
87, 111, 147, 255: 1
225, 224, 189, 255: 1
39, 231, 220, 255: 2
250, 220, 229, 255: 1
0, 189, 206, 255: 1
70, 246, 33, 255: 1
253, 152, 185, 255: 41
142, 132, 224, 255: 2
189, 13, 31, 255: 47
253, 210, 28, 255: 1
0, 93, 135, 255: 39
139, 229, 150, 255: 10
184, 255, 2, 255: 2
32, 106, 240, 255: 1
239, 255, 40, 255: 1
192, 157, 255, 255: 4
92, 255, 170, 255: 3
150, 43, 152, 255: 12
192, 156, 10, 255: 1
95, 5, 48, 255: 2
247, 148, 169, 255: 3
94, 124, 156, 255: 1
189, 121, 29, 255: 49
200, 205, 23, 255: 10
86, 12, 255, 255: 1
79, 66, 71, 255: 1
230, 61, 252, 255: 11
180, 254, 123, 255: 1
254, 142, 166, 255: 6
20, 107, 49, 255: 1
28, 31, 16, 255: 1
0, 74, 8, 255: 1
227, 152, 59, 255: 2
159, 90, 255, 255: 28
33, 255, 201, 255: 1
0, 32, 126, 255: 1
205, 196, 251, 255: 66
194, 255, 88, 255: 3
31, 236, 138, 255: 17
0, 157, 117, 255: 1331
185, 214, 38, 255: 3
232, 234, 41, 255: 4
234, 16, 102, 255: 2
194, 242, 241, 255: 4
206, 106, 132, 255: 2
17, 49, 73, 255: 4
42, 70, 43, 255: 65
79, 62, 134, 255: 1
134, 210, 255, 255: 7
97, 96, 246, 255: 7
101, 240, 179, 255: 1
179, 15, 169, 255: 1
84, 47, 199, 255: 4
232, 14, 136, 255: 7
36, 219, 42, 255: 15
143, 116, 28, 255: 30
86, 98, 209, 255: 9
153, 65, 196, 255: 1
132, 60, 56, 255: 11
140, 65, 90, 255: 2
188, 100, 88, 255: 55
86, 198, 131, 255: 12
147, 104, 40, 255: 6
250, 64, 225, 255: 3
186, 74, 73, 255: 11
100, 250, 198, 255: 3
51, 244, 123, 255: 1
182, 147, 210, 255: 1
35, 114, 144, 255: 54
92, 93, 85, 255: 30
233, 87, 66, 255: 1
0, 149, 223, 255: 2
128, 86, 165, 255: 1
140, 70, 129, 255: 5
245, 89, 51, 255: 1
27, 31, 106, 255: 2
246, 139, 248, 255: 4
192, 45, 184, 255: 14
186, 250, 36, 255: 4
88, 134, 188, 255: 3
85, 151, 179, 255: 43
199, 142, 58, 255: 1
174, 244, 252, 255: 9
145, 181, 178, 255: 10
236, 77, 95, 255: 2
241, 106, 130, 255: 1
0, 68, 26, 255: 1
86, 217, 245, 255: 1
198, 5, 248, 255: 4
237, 9, 232, 255: 5
0, 112, 40, 255: 1
51, 186, 49, 255: 7
217, 167, 2, 255: 5
240, 97, 210, 255: 1
151, 120, 18, 255: 1
0, 181, 129, 255: 1
83, 57, 219, 255: 1
136, 152, 210, 255: 5
199, 43, 255, 255: 1
42, 34, 112, 255: 2
183, 185, 59, 255: 1
230, 89, 8, 255: 4
239, 181, 12, 255: 3
95, 197, 3, 255: 1
232, 144, 174, 255: 1
178, 201, 238, 255: 1
50, 99, 51, 255: 1
46, 104, 7, 255: 19
37, 209, 176, 255: 1
0, 239, 169, 255: 1
246, 230, 33, 255: 1
0, 234, 253, 255: 170
134, 228, 163, 255: 1
0, 54, 136, 255: 1
92, 146, 111, 255: 6
179, 31, 135, 255: 12
239, 29, 154, 255: 2
209, 109, 135, 255: 1
25, 229, 41, 255: 1
132, 111, 172, 255: 2
174, 37, 176, 255: 2
28, 222, 207, 255: 4
230, 21, 53, 255: 3
74, 82, 95, 255: 1
141, 198, 67, 255: 9
90, 57, 106, 255: 4
103, 143, 191, 255: 1
90, 51, 105, 255: 1
0, 251, 165, 255: 7
135, 184, 39, 255: 2
41, 139, 125, 255: 1
0, 87, 153, 255: 4
145, 203, 243, 255: 23
191, 177, 2, 255: 1
98, 83, 100, 255: 3
178, 69, 74, 255: 1
149, 131, 56, 255: 2
242, 134, 209, 255: 13
67, 1, 152, 255: 1
72, 109, 244, 255: 1
181, 67, 3, 255: 1
43, 157, 185, 255: 1
0, 95, 4, 255: 93
193, 194, 187, 255: 8
186, 189, 15, 255: 1
132, 147, 78, 255: 3
239, 0, 78, 255: 25
33, 233, 169, 255: 3
88, 57, 22, 255: 2
0, 160, 209, 255: 14
206, 21, 175, 255: 2
84, 169, 15, 255: 7
167, 159, 208, 255: 26
7, 93, 36, 255: 2
230, 100, 28, 255: 1
195, 35, 75, 255: 1
0, 170, 139, 255: 3830
37, 239, 255, 255: 38
214, 133, 40, 255: 4
43, 204, 255, 255: 1
0, 194, 172, 255: 1
134, 50, 232, 255: 1
92, 186, 81, 255: 2
0, 243, 75, 255: 2
203, 134, 49, 255: 1051
77, 64, 69, 255: 1
42, 255, 125, 255: 2
173, 55, 114, 255: 5
191, 28, 72, 255: 4
240, 102, 221, 255: 9
28, 115, 57, 255: 5
11, 116, 133, 255: 3
214, 81, 169, 255: 47
93, 17, 40, 255: 1
127, 19, 17, 255: 4
41, 252, 196, 255: 4
47, 13, 255, 255: 1
0, 208, 16, 255: 15
101, 23, 211, 255: 12
86, 43, 118, 255: 4
97, 236, 73, 255: 2
142, 57, 56, 255: 1
255, 153, 84, 255: 2
15, 139, 75, 255: 1
240, 179, 158, 255: 3
220, 152, 127, 255: 1
247, 250, 229, 255: 9
240, 81, 99, 255: 25
32, 7, 161, 255: 1
97, 115, 185, 255: 64
29, 66, 31, 255: 1
6, 73, 96, 255: 5
216, 84, 17, 255: 2
75, 201, 11, 255: 1
0, 63, 175, 255: 99
88, 133, 33, 255: 1
187, 90, 206, 255: 1
242, 140, 155, 255: 1
74, 121, 9, 255: 1
128, 3, 180, 255: 2
45, 197, 219, 255: 1
38, 62, 194, 255: 3
196, 197, 1, 255: 2
193, 117, 114, 255: 13
83, 155, 185, 255: 5
0, 177, 228, 255: 1
100, 13, 35, 255: 10
193, 205, 172, 255: 12
237, 121, 29, 255: 69
246, 255, 77, 255: 1
130, 165, 51, 255: 4
37, 15, 12, 255: 2
187, 156, 131, 255: 1
251, 18, 172, 255: 13
126, 45, 94, 255: 5
234, 52, 7, 255: 4
127, 250, 224, 255: 7
132, 183, 239, 255: 1
184, 174, 123, 255: 26
180, 37, 143, 255: 1
39, 63, 23, 255: 4
32, 245, 58, 255: 10
117, 80, 192, 255: 1
106, 171, 247, 255: 1
247, 201, 49, 255: 7
91, 60, 208, 255: 16
66, 162, 18, 255: 1
229, 193, 160, 255: 35
85, 48, 200, 255: 6
235, 227, 60, 255: 1
24, 91, 10, 255: 4
23, 71, 173, 255: 22
240, 107, 194, 255: 13
37, 179, 192, 255: 12
167, 247, 10, 255: 12
78, 188, 58, 255: 1
107, 43, 43, 255: 1
230, 106, 103, 255: 37
84, 10, 249, 255: 35
29, 80, 24, 255: 84
8, 122, 151, 255: 1
137, 200, 70, 255: 3
228, 202, 178, 255: 4
30, 11, 234, 255: 2
191, 170, 238, 255: 1
21, 67, 106, 255: 2
177, 128, 238, 255: 1
112, 42, 102, 255: 2
44, 63, 126, 255: 78
239, 203, 206, 255: 6
24, 34, 40, 255: 2
239, 234, 46, 255: 2
128, 47, 96, 255: 8
185, 249, 224, 255: 3
144, 122, 222, 255: 6
82, 156, 95, 255: 22
177, 181, 237, 255: 2
111, 236, 156, 255: 1
97, 138, 178, 255: 1
107, 39, 237, 255: 1
161, 117, 168, 255: 90
113, 183, 186, 255: 3
157, 168, 136, 255: 18
237, 80, 24, 255: 33
26, 211, 30, 255: 1
138, 132, 18, 255: 1
179, 106, 226, 255: 2
138, 140, 194, 255: 1
38, 217, 143, 255: 27
76, 88, 234, 255: 4
124, 124, 12, 255: 1
106, 204, 38, 255: 6
141, 248, 247, 255: 1
161, 255, 253, 255: 2
51, 26, 27, 255: 7
127, 29, 1, 255: 30
229, 240, 213, 255: 1
122, 204, 214, 255: 4
85, 176, 91, 255: 13
142, 158, 133, 255: 1
239, 255, 154, 255: 6
191, 255, 112, 255: 1
76, 139, 223, 255: 14
71, 71, 173, 255: 1
83, 53, 255, 255: 1
22, 197, 6, 255: 3
41, 34, 193, 255: 3
34, 19, 139, 255: 1
90, 202, 135, 255: 6
195, 111, 197, 255: 2
249, 205, 143, 255: 4
239, 132, 241, 255: 51
129, 224, 112, 255: 1
182, 68, 71, 255: 1
213, 202, 158, 255: 3
242, 104, 223, 255: 14
236, 176, 173, 255: 2
88, 91, 137, 255: 1
244, 220, 214, 255: 25
85, 144, 41, 255: 10
250, 72, 144, 255: 7
81, 24, 187, 255: 1
77, 133, 187, 255: 3
112, 227, 138, 255: 1
180, 186, 111, 255: 1
14, 89, 175, 255: 2
87, 197, 67, 255: 8
255, 99, 147, 255: 1
135, 25, 35, 255: 6
136, 39, 148, 255: 3
210, 39, 172, 255: 1
0, 8, 36, 255: 1
72, 180, 208, 255: 1
80, 100, 158, 255: 19
142, 29, 69, 255: 1
29, 63, 186, 255: 26
193, 183, 132, 255: 1
87, 97, 0, 255: 7
34, 72, 208, 255: 1
80, 217, 138, 255: 53
45, 196, 35, 255: 2
158, 1, 195, 255: 9
81, 175, 34, 255: 3
181, 127, 203, 255: 2
185, 41, 150, 255: 4
248, 7, 97, 255: 7
187, 220, 231, 255: 3
86, 221, 80, 255: 43
100, 32, 230, 255: 9
140, 239, 209, 255: 1
154, 27, 216, 255: 1
35, 141, 2, 255: 6
133, 137, 187, 255: 32
247, 29, 125, 255: 1
78, 86, 227, 255: 1
94, 48, 255, 255: 1
251, 100, 3, 255: 3
87, 75, 215, 255: 2
178, 165, 15, 255: 3
125, 80, 25, 255: 5
67, 15, 145, 255: 1
89, 111, 231, 255: 5
40, 213, 70, 255: 1
28, 255, 138, 255: 2
140, 255, 200, 255: 15
91, 80, 147, 255: 5
238, 112, 148, 255: 2
197, 113, 199, 255: 1
130, 82, 159, 255: 9
197, 52, 255, 255: 1
36, 208, 22, 255: 4
107, 219, 160, 255: 1
0, 28, 10, 255: 14
144, 255, 204, 255: 8
51, 205, 245, 255: 9
237, 255, 157, 255: 1
124, 186, 21, 255: 12
81, 89, 102, 255: 1
132, 203, 240, 255: 13
252, 79, 117, 255: 2
123, 196, 40, 255: 6
197, 85, 255, 255: 1
0, 52, 121, 255: 116
113, 192, 105, 255: 2
238, 174, 54, 255: 8
45, 210, 156, 255: 1
185, 255, 236, 255: 1
223, 107, 15, 255: 1
36, 85, 222, 255: 29
133, 104, 101, 255: 4
248, 9, 87, 255: 2
234, 36, 78, 255: 23
135, 234, 101, 255: 25
0, 172, 209, 255: 16
195, 188, 116, 255: 3
72, 207, 183, 255: 1
143, 12, 187, 255: 6
137, 217, 19, 255: 3
130, 102, 124, 255: 1
0, 220, 62, 255: 107
16, 212, 143, 255: 1
84, 247, 54, 255: 6
148, 82, 155, 255: 1
188, 255, 25, 255: 8
187, 224, 77, 255: 1
136, 42, 214, 255: 3
133, 96, 181, 255: 1
87, 196, 69, 255: 1
66, 52, 22, 255: 1
192, 142, 42, 255: 28
231, 105, 39, 255: 4
141, 182, 228, 255: 15
196, 150, 239, 255: 2
88, 162, 174, 255: 1
161, 145, 26, 255: 1117
0, 122, 217, 255: 4
198, 69, 93, 255: 1
36, 150, 178, 255: 6
139, 255, 157, 255: 1
143, 234, 173, 255: 1
239, 162, 165, 255: 29
242, 101, 123, 255: 9
188, 88, 114, 255: 8
181, 173, 220, 255: 65
178, 55, 45, 255: 25
159, 159, 158, 255: 1
165, 146, 185, 255: 23
254, 54, 108, 255: 6
223, 113, 89, 255: 4
241, 222, 46, 255: 23
178, 9, 130, 255: 4
136, 255, 201, 255: 1
134, 224, 145, 255: 61
227, 75, 241, 255: 6
83, 41, 124, 255: 1
92, 74, 248, 255: 1
83, 183, 44, 255: 25
41, 196, 188, 255: 3
38, 250, 75, 255: 7
33, 120, 62, 255: 32
196, 243, 105, 255: 1
0, 180, 59, 255: 99
189, 255, 156, 255: 1
91, 76, 246, 255: 2
145, 176, 129, 255: 1
236, 30, 161, 255: 19
131, 105, 107, 255: 4
43, 156, 130, 255: 1
99, 73, 80, 255: 10
93, 94, 86, 255: 44
193, 48, 250, 255: 3
23, 145, 238, 255: 7
201, 52, 203, 255: 4
93, 207, 158, 255: 41
140, 5, 146, 255: 1
241, 31, 156, 255: 6
196, 140, 229, 255: 26
255, 184, 201, 255: 1
91, 241, 189, 255: 1
88, 200, 133, 255: 17
36, 181, 164, 255: 3
25, 20, 47, 255: 6
30, 105, 192, 255: 8
182, 172, 157, 255: 7
127, 187, 179, 255: 5
2, 248, 93, 255: 4
134, 92, 16, 255: 9
62, 73, 185, 255: 4
129, 161, 41, 255: 5
130, 179, 136, 255: 14
35, 237, 255, 255: 1
0, 154, 15, 255: 4
26, 107, 42, 255: 2
204, 245, 214, 255: 1
70, 86, 241, 255: 1
183, 120, 96, 255: 15
27, 223, 179, 255: 13
66, 63, 196, 255: 1
95, 231, 200, 255: 4
157, 253, 133, 255: 2
17, 172, 62, 255: 1
0, 149, 231, 255: 83
136, 44, 59, 255: 2
186, 241, 14, 255: 10
97, 178, 230, 255: 11
139, 33, 94, 255: 1
32, 160, 168, 255: 1
240, 232, 65, 255: 6
193, 71, 79, 255: 4
75, 9, 159, 255: 22
251, 166, 21, 255: 19
95, 182, 46, 255: 23
238, 233, 45, 255: 1
49, 212, 162, 255: 9
165, 77, 220, 255: 1
94, 129, 20, 255: 21
95, 248, 38, 255: 3
37, 83, 61, 255: 1
180, 90, 236, 255: 31
0, 12, 182, 255: 2
53, 85, 216, 255: 2
7, 4, 131, 255: 3
249, 39, 10, 255: 1
83, 9, 248, 255: 37
180, 86, 78, 255: 1
196, 65, 247, 255: 2
110, 244, 75, 255: 3
219, 254, 115, 255: 13
80, 120, 234, 255: 2
33, 225, 147, 255: 4
143, 7, 114, 255: 6
0, 30, 25, 255: 1
177, 7, 93, 255: 15
243, 246, 71, 255: 2
181, 194, 76, 255: 1
7, 3, 133, 255: 1
167, 190, 192, 255: 2
175, 212, 65, 255: 2
148, 13, 255, 255: 1
43, 215, 64, 255: 1
34, 55, 105, 255: 7
142, 42, 145, 255: 3
0, 57, 194, 255: 1
37, 255, 147, 255: 1
0, 90, 187, 255: 1
137, 35, 40, 255: 15
165, 22, 94, 255: 1
132, 255, 84, 255: 1
0, 124, 21, 255: 8
192, 9, 253, 255: 3
246, 141, 57, 255: 4
189, 242, 173, 255: 6
190, 243, 174, 255: 1
255, 138, 183, 255: 1
161, 100, 73, 255: 2
135, 229, 164, 255: 1
135, 239, 11, 255: 4
238, 249, 139, 255: 5
0, 219, 126, 255: 4
251, 188, 61, 255: 1
105, 142, 131, 255: 6
76, 161, 7, 255: 4
248, 177, 36, 255: 1
180, 125, 166, 255: 6
111, 25, 7, 255: 114
79, 71, 6, 255: 1
58, 27, 73, 255: 3
209, 189, 235, 255: 43
188, 202, 11, 255: 2
83, 123, 237, 255: 3
241, 52, 114, 255: 3
242, 214, 128, 255: 7
38, 145, 179, 255: 69
37, 3, 247, 255: 2
133, 80, 252, 255: 15
88, 16, 97, 255: 5
23, 143, 137, 255: 35
34, 125, 80, 255: 5
189, 59, 156, 255: 5
195, 242, 104, 255: 1
9, 60, 5, 255: 80
148, 168, 86, 255: 6
37, 251, 175, 255: 7
235, 215, 4, 255: 74
190, 122, 65, 255: 2
142, 43, 63, 255: 99
196, 188, 235, 255: 1
137, 255, 142, 255: 4
28, 165, 153, 255: 1
146, 141, 199, 255: 2
136, 77, 180, 255: 6
0, 79, 202, 255: 1
86, 37, 44, 255: 21
3, 1, 229, 255: 3
0, 131, 170, 255: 34
0, 75, 133, 255: 1
180, 118, 129, 255: 2
191, 220, 8, 255: 25
99, 95, 10, 255: 1
162, 85, 83, 255: 61
231, 220, 175, 255: 37
202, 14, 70, 255: 26
246, 128, 83, 255: 10
88, 232, 10, 255: 1
43, 29, 193, 255: 5
223, 214, 13, 255: 2
29, 182, 111, 255: 8
98, 135, 124, 255: 47
135, 71, 70, 255: 13
39, 203, 141, 255: 26
138, 44, 216, 255: 5
172, 87, 199, 255: 1
91, 9, 183, 255: 11
64, 221, 63, 255: 6
26, 203, 213, 255: 1
72, 166, 178, 255: 6
201, 118, 222, 255: 22
242, 179, 255, 255: 1
65, 243, 130, 255: 1
46, 51, 237, 255: 2
89, 228, 184, 255: 7
109, 105, 245, 255: 3
189, 150, 60, 255: 21
234, 229, 33, 255: 5
238, 51, 66, 255: 37
189, 255, 85, 255: 4
211, 114, 198, 255: 184
40, 242, 255, 255: 16
0, 169, 172, 255: 47
171, 125, 76, 255: 3
172, 178, 103, 255: 1
247, 162, 17, 255: 12
94, 75, 11, 255: 1
94, 198, 140, 255: 1
180, 153, 25, 255: 76
140, 40, 143, 255: 4
194, 182, 179, 255: 56
232, 255, 242, 255: 1
1, 104, 62, 255: 1
204, 168, 22, 255: 2
232, 149, 212, 255: 8
145, 151, 219, 255: 19
180, 187, 249, 255: 4
237, 17, 235, 255: 7
134, 78, 244, 255: 14
239, 183, 77, 255: 3
114, 225, 166, 255: 1
92, 58, 53, 255: 7
102, 145, 203, 255: 3
240, 13, 134, 255: 2
141, 177, 174, 255: 2
235, 255, 3, 255: 1
0, 119, 179, 255: 1
0, 6, 103, 255: 1
123, 210, 33, 255: 5
148, 3, 118, 255: 2
41, 5, 253, 255: 6
245, 174, 25, 255: 15
0, 107, 60, 255: 24
31, 156, 255, 255: 16
231, 255, 208, 255: 1
227, 185, 212, 255: 1
193, 222, 46, 255: 6
115, 48, 206, 255: 67
219, 249, 168, 255: 1
0, 144, 25, 255: 1387
117, 28, 166, 255: 1
101, 158, 67, 255: 8
255, 206, 212, 255: 8
150, 211, 196, 255: 1
246, 5, 248, 255: 7
237, 154, 217, 255: 7
230, 84, 98, 255: 2
101, 48, 225, 255: 8
247, 190, 132, 255: 1
29, 217, 42, 255: 12
121, 189, 92, 255: 2
29, 8, 60, 255: 77
234, 163, 255, 255: 1
27, 29, 160, 255: 1
230, 204, 180, 255: 7
195, 155, 184, 255: 1
190, 155, 255, 255: 1
145, 65, 88, 255: 1
255, 216, 30, 255: 1
152, 139, 158, 255: 1
237, 214, 161, 255: 4
133, 102, 36, 255: 1
22, 150, 209, 255: 1
56, 141, 245, 255: 43
204, 212, 128, 255: 17
0, 212, 55, 255: 24
223, 33, 206, 255: 1
36, 174, 136, 255: 1
192, 0, 196, 255: 3
145, 94, 73, 255: 1
38, 244, 154, 255: 2
63, 2, 222, 255: 1
78, 156, 101, 255: 1
13, 242, 226, 255: 28
0, 105, 147, 255: 34
0, 75, 252, 255: 1
201, 54, 74, 255: 2
107, 183, 126, 255: 1
185, 84, 92, 255: 3
180, 129, 11, 255: 6
80, 152, 29, 255: 2
192, 185, 11, 255: 5
32, 136, 71, 255: 2
139, 255, 144, 255: 1
83, 67, 229, 255: 6
139, 117, 217, 255: 3
136, 40, 47, 255: 13
0, 91, 157, 255: 2
189, 195, 93, 255: 2
141, 64, 93, 255: 2
176, 160, 40, 255: 8
246, 60, 221, 255: 2
0, 66, 55, 255: 130
43, 93, 84, 255: 5
36, 233, 70, 255: 1
31, 60, 21, 255: 32
187, 154, 213, 255: 8
185, 56, 234, 255: 1
37, 160, 134, 255: 1
88, 139, 6, 255: 14
40, 19, 106, 255: 15
189, 214, 255, 255: 1
0, 192, 115, 255: 21
239, 146, 243, 255: 3
202, 174, 92, 255: 10
192, 12, 235, 255: 24
44, 107, 78, 255: 15
205, 9, 154, 255: 7
12, 136, 72, 255: 1
138, 255, 224, 255: 5
180, 107, 109, 255: 4
239, 62, 86, 255: 113
37, 229, 32, 255: 1
0, 93, 228, 255: 1
83, 140, 2, 255: 76
35, 178, 106, 255: 3
253, 89, 140, 255: 4
206, 54, 108, 255: 4
196, 196, 201, 255: 12
94, 128, 173, 255: 2
138, 255, 28, 255: 1
0, 43, 13, 255: 1
88, 22, 208, 255: 1
43, 186, 216, 255: 24
175, 8, 192, 255: 5
252, 2, 79, 255: 1
92, 18, 103, 255: 6
187, 12, 64, 255: 4
121, 18, 177, 255: 2
141, 129, 100, 255: 1
0, 2, 74, 255: 952
240, 11, 255, 255: 12
147, 92, 173, 255: 4
25, 194, 64, 255: 1
0, 187, 11, 255: 3
75, 72, 204, 255: 2
189, 251, 230, 255: 5
175, 97, 168, 255: 1
9, 6, 133, 255: 3
58, 173, 78, 255: 1
115, 251, 180, 255: 11
39, 194, 186, 255: 7
102, 210, 92, 255: 12
179, 188, 57, 255: 29
238, 186, 213, 255: 2
133, 49, 128, 255: 22
179, 144, 105, 255: 43
87, 5, 179, 255: 14
146, 11, 33, 255: 13
78, 62, 189, 255: 1
36, 170, 188, 255: 2
184, 97, 120, 255: 4
32, 109, 213, 255: 1
56, 0, 161, 255: 1
93, 111, 181, 255: 194
0, 134, 7, 255: 13
83, 193, 28, 255: 102
243, 194, 200, 255: 35
79, 82, 27, 255: 39
245, 217, 95, 255: 1
210, 220, 235, 255: 1
187, 208, 2, 255: 16
126, 92, 45, 255: 17
248, 161, 71, 255: 3
0, 162, 220, 255: 109
247, 219, 133, 255: 2
126, 54, 50, 255: 4
194, 233, 66, 255: 1
46, 16, 204, 255: 23
178, 165, 51, 255: 4
255, 44, 88, 255: 1
233, 9, 27, 255: 39
30, 177, 2, 255: 84
126, 89, 201, 255: 2
237, 60, 84, 255: 113
0, 105, 215, 255: 2
20, 62, 96, 255: 1
126, 254, 169, 255: 1
129, 13, 100, 255: 1
62, 103, 144, 255: 139
174, 216, 137, 255: 8
35, 109, 243, 255: 3
0, 251, 146, 255: 3046
62, 31, 180, 255: 18
234, 71, 8, 255: 3
51, 46, 223, 255: 6
143, 202, 169, 255: 2
146, 52, 224, 255: 1
140, 113, 25, 255: 16
240, 152, 182, 255: 7
192, 33, 164, 255: 27
255, 122, 255, 255: 1
238, 161, 164, 255: 22
181, 168, 147, 255: 1
95, 199, 38, 255: 1
61, 198, 18, 255: 1
24, 247, 226, 255: 1
182, 94, 82, 255: 125
0, 55, 125, 255: 27
240, 116, 113, 255: 14
79, 28, 192, 255: 14
164, 195, 83, 255: 4
133, 193, 67, 255: 1
178, 190, 64, 255: 1
64, 158, 172, 255: 2
77, 245, 157, 255: 8
97, 121, 84, 255: 1
100, 129, 207, 255: 21
134, 229, 91, 255: 1
130, 54, 44, 255: 26
133, 72, 77, 255: 35
90, 125, 16, 255: 12
96, 1, 112, 255: 8
122, 36, 17, 255: 7
162, 173, 141, 255: 26
90, 107, 255, 255: 1
30, 54, 203, 255: 2
190, 173, 101, 255: 1
0, 216, 127, 255: 3
239, 85, 35, 255: 9
145, 255, 255, 255: 1
77, 234, 229, 255: 2
138, 128, 71, 255: 1
216, 50, 85, 255: 10
41, 246, 87, 255: 2
191, 248, 193, 255: 1
133, 72, 213, 255: 1
168, 52, 211, 255: 992
0, 111, 230, 255: 7
1, 167, 209, 255: 12
145, 49, 166, 255: 5
243, 255, 231, 255: 1
186, 205, 156, 255: 4
226, 248, 36, 255: 1
75, 128, 203, 255: 1
94, 67, 56, 255: 3
189, 255, 143, 255: 6
63, 157, 171, 255: 29
163, 227, 168, 255: 52
231, 49, 132, 255: 1
0, 120, 82, 255: 3347
204, 253, 133, 255: 5
242, 36, 13, 255: 1
71, 181, 16, 255: 1
59, 83, 47, 255: 26
192, 35, 45, 255: 1
82, 60, 16, 255: 6
123, 246, 67, 255: 1
0, 99, 43, 255: 4
234, 40, 60, 255: 1
40, 242, 241, 255: 3
76, 73, 205, 255: 2
39, 110, 9, 255: 2
56, 150, 164, 255: 39
143, 57, 176, 255: 3
97, 4, 60, 255: 1
236, 95, 14, 255: 10
128, 138, 36, 255: 4
140, 3, 183, 255: 9
0, 51, 121, 255: 81
86, 243, 238, 255: 2
179, 211, 159, 255: 3
89, 62, 87, 255: 1
188, 233, 99, 255: 13
0, 147, 229, 255: 46
237, 8, 60, 255: 14
69, 224, 223, 255: 1
0, 170, 70, 255: 2
10, 165, 158, 255: 4
0, 253, 59, 255: 1177
196, 145, 166, 255: 5
236, 208, 189, 255: 1
193, 116, 32, 255: 1
180, 195, 30, 255: 1
118, 92, 212, 255: 2
91, 213, 194, 255: 1
88, 69, 5, 255: 2
248, 188, 31, 255: 1
90, 51, 32, 255: 21
228, 47, 63, 255: 1
234, 143, 193, 255: 2
115, 92, 56, 255: 1
117, 14, 175, 255: 1
183, 5, 216, 255: 22
93, 232, 171, 255: 1
233, 194, 63, 255: 29
0, 186, 109, 255: 1
133, 94, 81, 255: 35
138, 152, 28, 255: 2
51, 197, 30, 255: 1
0, 116, 78, 255: 112
249, 255, 184, 255: 1
15, 16, 87, 255: 3
239, 47, 12, 255: 1
144, 1, 112, 255: 9
251, 102, 248, 255: 1
26, 223, 214, 255: 13
32, 255, 178, 255: 1
32, 73, 145, 255: 1
194, 1, 244, 255: 1
188, 41, 61, 255: 12
187, 207, 239, 255: 1
50, 72, 79, 255: 3
150, 103, 198, 255: 5
155, 255, 233, 255: 1
246, 56, 255, 255: 14
242, 146, 9, 255: 1
202, 100, 28, 255: 4
141, 223, 115, 255: 2
170, 113, 56, 255: 1
143, 104, 91, 255: 11
42, 108, 178, 255: 11
155, 62, 22, 255: 1
84, 134, 239, 255: 1
232, 61, 87, 255: 1
204, 41, 85, 255: 2
151, 165, 15, 255: 1
97, 135, 22, 255: 1
100, 7, 216, 255: 1
182, 252, 4, 255: 60
1, 247, 92, 255: 4
142, 156, 32, 255: 2
185, 48, 161, 255: 7
182, 27, 136, 255: 1
246, 231, 136, 255: 8
87, 63, 58, 255: 19
109, 129, 41, 255: 1
190, 193, 168, 255: 2
182, 229, 194, 255: 2
182, 255, 220, 255: 2
185, 163, 150, 255: 2
47, 253, 10, 255: 57
149, 203, 9, 255: 2
69, 242, 59, 255: 1
157, 97, 212, 255: 1
17, 109, 17, 255: 1
109, 33, 24, 255: 189
191, 64, 4, 255: 54
140, 199, 166, 255: 2
91, 235, 4, 255: 7
235, 176, 100, 255: 1
181, 223, 144, 255: 16
238, 114, 111, 255: 35
88, 209, 52, 255: 34
178, 231, 162, 255: 36
190, 149, 41, 255: 1
35, 188, 82, 255: 1
89, 158, 29, 255: 20
80, 221, 113, 255: 1
8, 6, 234, 255: 3
26, 231, 133, 255: 9
136, 255, 246, 255: 2
0, 234, 52, 255: 3
236, 245, 156, 255: 8
238, 204, 116, 255: 1
190, 21, 142, 255: 17
0, 113, 164, 255: 199
12, 56, 189, 255: 1
135, 95, 237, 255: 1
211, 202, 1, 255: 55
38, 45, 183, 255: 7
94, 160, 188, 255: 6
238, 194, 250, 255: 18
230, 114, 22, 255: 48
28, 123, 11, 255: 1
197, 91, 41, 255: 1
204, 215, 189, 255: 1
95, 51, 219, 255: 1
103, 27, 160, 255: 1
28, 110, 146, 255: 1
243, 240, 106, 255: 1
53, 36, 204, 255: 1
242, 5, 145, 255: 26
30, 2, 59, 255: 1
0, 33, 114, 255: 1
182, 123, 197, 255: 28
214, 40, 164, 255: 1
117, 228, 169, 255: 22
102, 67, 164, 255: 8
134, 251, 39, 255: 5
208, 67, 244, 255: 14
52, 13, 251, 255: 1
38, 188, 112, 255: 11
80, 242, 152, 255: 5
240, 78, 116, 255: 16
145, 67, 250, 255: 1
158, 222, 163, 255: 95
183, 124, 233, 255: 1
19, 180, 138, 255: 1
228, 65, 222, 255: 5
238, 196, 94, 255: 4
36, 115, 62, 255: 25
190, 43, 63, 255: 24
44, 98, 57, 255: 4
44, 35, 12, 255: 11
248, 183, 213, 255: 4
224, 69, 137, 255: 7
0, 252, 157, 255: 3
178, 115, 245, 255: 12
84, 37, 107, 255: 62
22, 220, 211, 255: 1
52, 154, 221, 255: 3
82, 76, 212, 255: 6
132, 118, 93, 255: 1
233, 15, 75, 255: 2
49, 35, 199, 255: 1
232, 224, 57, 255: 1
250, 163, 73, 255: 3
115, 226, 167, 255: 27
81, 13, 100, 255: 21
79, 87, 228, 255: 1
201, 113, 148, 255: 15
143, 255, 64, 255: 4
103, 178, 161, 255: 1
88, 210, 226, 255: 5
142, 40, 81, 255: 13
91, 82, 248, 255: 4
91, 17, 255, 255: 10
237, 64, 94, 255: 3
37, 130, 184, 255: 1
120, 12, 231, 255: 1
128, 39, 177, 255: 17
88, 188, 13, 255: 2
59, 191, 173, 255: 1
36, 183, 8, 255: 37
244, 69, 9, 255: 8
239, 58, 31, 255: 1
137, 225, 194, 255: 2
192, 250, 223, 255: 5
244, 67, 91, 255: 15
115, 158, 73, 255: 1
232, 31, 230, 255: 1
88, 77, 144, 255: 18
179, 98, 189, 255: 2
61, 215, 112, 255: 4
0, 129, 70, 255: 1
236, 173, 191, 255: 11
218, 154, 35, 255: 31
86, 178, 128, 255: 5
144, 14, 224, 255: 9
131, 189, 229, 255: 1
31, 57, 115, 255: 2
0, 166, 189, 255: 1
112, 166, 91, 255: 6
232, 255, 67, 255: 4
233, 62, 155, 255: 11
138, 33, 130, 255: 7
37, 165, 106, 255: 19
57, 62, 106, 255: 49
33, 100, 122, 255: 45
228, 223, 180, 255: 1
230, 61, 150, 255: 1
141, 163, 206, 255: 5
239, 115, 250, 255: 2
51, 109, 12, 255: 10
100, 91, 74, 255: 2
54, 239, 207, 255: 1
19, 59, 250, 255: 4
24, 116, 24, 255: 22
41, 142, 107, 255: 5
24, 119, 125, 255: 9
85, 250, 2, 255: 13
0, 159, 59, 255: 1
93, 54, 35, 255: 4
0, 224, 77, 255: 33
0, 20, 66, 255: 1
0, 183, 194, 255: 1256
0, 126, 221, 255: 35
185, 244, 22, 255: 7
237, 72, 21, 255: 2
201, 68, 195, 255: 2
86, 94, 235, 255: 1
183, 191, 5, 255: 1
134, 188, 250, 255: 7
154, 174, 92, 255: 4
235, 111, 143, 255: 2
98, 80, 254, 255: 1
17, 161, 42, 255: 1
32, 107, 40, 255: 23
11, 6, 34, 255: 3
40, 107, 129, 255: 3
0, 79, 235, 255: 27
45, 195, 255, 255: 1
200, 186, 11, 255: 1
220, 110, 86, 255: 2
133, 22, 117, 255: 14
225, 123, 10, 255: 1
245, 163, 14, 255: 2
75, 166, 81, 255: 43
76, 43, 25, 255: 1
149, 26, 159, 255: 13
82, 82, 220, 255: 10
28, 5, 250, 255: 12
66, 88, 210, 255: 1
142, 82, 197, 255: 1
140, 26, 58, 255: 12
54, 40, 50, 255: 2
91, 139, 129, 255: 1
233, 255, 163, 255: 1
135, 86, 236, 255: 5
173, 39, 122, 255: 1
157, 221, 162, 255: 31
58, 115, 132, 255: 3
24, 127, 44, 255: 22
92, 204, 57, 255: 2
242, 14, 237, 255: 31
244, 151, 95, 255: 5
64, 191, 104, 255: 17
255, 121, 101, 255: 1
80, 56, 15, 255: 6
25, 112, 54, 255: 3
186, 195, 99, 255: 24
83, 254, 74, 255: 6
195, 45, 86, 255: 11
14, 92, 124, 255: 4
128, 28, 158, 255: 1
121, 48, 8, 255: 1
255, 12, 222, 255: 1
179, 254, 110, 255: 1
0, 160, 86, 255: 11
185, 150, 146, 255: 6
186, 153, 212, 255: 4
74, 36, 17, 255: 5
90, 61, 124, 255: 20
243, 131, 155, 255: 19
18, 22, 215, 255: 3
182, 64, 123, 255: 11
35, 6, 146, 255: 67
223, 201, 148, 255: 3
132, 218, 242, 255: 2
102, 120, 190, 255: 6
0, 172, 106, 255: 26
56, 25, 174, 255: 6
208, 213, 31, 255: 1
184, 53, 14, 255: 4
58, 245, 42, 255: 25
133, 195, 30, 255: 11
160, 144, 25, 255: 371
233, 211, 193, 255: 17
192, 44, 148, 255: 22
247, 240, 56, 255: 3
117, 1, 53, 255: 1
0, 109, 250, 255: 2
82, 34, 178, 255: 6
199, 146, 179, 255: 4
186, 137, 118, 255: 1
137, 6, 79, 255: 1
189, 247, 247, 255: 1
191, 62, 255, 255: 1
245, 217, 131, 255: 1
0, 88, 95, 255: 1
237, 243, 55, 255: 15
226, 194, 206, 255: 823
193, 96, 212, 255: 2
143, 167, 239, 255: 1
142, 37, 235, 255: 10
244, 33, 77, 255: 6
26, 234, 199, 255: 62
25, 186, 180, 255: 2
200, 188, 185, 255: 41
186, 246, 135, 255: 1
14, 216, 113, 255: 1
192, 233, 129, 255: 1
243, 31, 160, 255: 4
219, 221, 29, 255: 56
234, 2, 109, 255: 27
68, 57, 126, 255: 1
248, 36, 200, 255: 3
41, 70, 255, 255: 24
235, 72, 9, 255: 1
244, 104, 161, 255: 7
169, 231, 72, 255: 3
242, 122, 235, 255: 20
30, 82, 198, 255: 4
103, 99, 124, 255: 2
117, 50, 208, 255: 33
216, 163, 54, 255: 2
194, 255, 67, 255: 1
143, 137, 59, 255: 5
193, 255, 228, 255: 2
133, 235, 81, 255: 1
76, 222, 54, 255: 3
52, 233, 1, 255: 3
123, 111, 211, 255: 2
7, 217, 25, 255: 208
36, 248, 227, 255: 6
189, 206, 21, 255: 123
183, 169, 221, 255: 1
202, 182, 12, 255: 14
108, 175, 208, 255: 1
245, 66, 27, 255: 12
87, 73, 42, 255: 17
10, 61, 6, 255: 96
40, 58, 205, 255: 6
90, 255, 168, 255: 4
234, 219, 124, 255: 1
28, 112, 247, 255: 3
180, 230, 63, 255: 20
196, 51, 253, 255: 3
143, 129, 140, 255: 15
83, 202, 238, 255: 16
46, 137, 92, 255: 9
92, 171, 51, 255: 1
69, 97, 30, 255: 1
112, 229, 238, 255: 15
3, 188, 8, 255: 1
131, 255, 12, 255: 1
195, 236, 205, 255: 51
43, 229, 149, 255: 4
38, 205, 206, 255: 28
69, 81, 192, 255: 2
134, 181, 212, 255: 3
29, 201, 204, 255: 1
194, 213, 164, 255: 2
148, 244, 124, 255: 90
0, 196, 16, 255: 1
105, 126, 254, 255: 89
246, 9, 149, 255: 3
147, 32, 76, 255: 3
146, 3, 114, 255: 3
204, 107, 77, 255: 1
249, 13, 171, 255: 1
0, 200, 187, 255: 13
46, 96, 87, 255: 9
66, 90, 54, 255: 1
79, 54, 14, 255: 6
85, 222, 143, 255: 82
90, 203, 238, 255: 2
242, 210, 37, 255: 16
149, 69, 9, 255: 64
112, 72, 60, 255: 17
109, 220, 161, 255: 1
16, 77, 31, 255: 2
189, 75, 78, 255: 1
105, 4, 149, 255: 1
87, 41, 146, 255: 3
32, 47, 96, 255: 9
81, 160, 113, 255: 2
226, 166, 52, 255: 1
194, 110, 255, 255: 1
199, 41, 26, 255: 3
129, 213, 66, 255: 11
91, 175, 60, 255: 10
223, 88, 76, 255: 2
244, 99, 224, 255: 27
0, 10, 239, 255: 20
92, 249, 126, 255: 1
196, 251, 71, 255: 1
0, 103, 209, 255: 1
0, 206, 206, 255: 1
165, 16, 122, 255: 9
180, 124, 204, 255: 1
141, 105, 62, 255: 1
136, 128, 105, 255: 13
105, 197, 1, 255: 1
80, 174, 187, 255: 36
38, 19, 242, 255: 1
104, 157, 225, 255: 3
144, 215, 98, 255: 1
141, 71, 130, 255: 2
3, 213, 61, 255: 1
95, 21, 142, 255: 1
146, 160, 36, 255: 1
229, 25, 218, 255: 30
129, 136, 156, 255: 5
203, 54, 205, 255: 5
225, 255, 174, 255: 4
181, 243, 84, 255: 85
81, 68, 191, 255: 7
206, 247, 22, 255: 1
0, 74, 230, 255: 14
77, 232, 10, 255: 2
127, 114, 86, 255: 2
0, 107, 93, 255: 10
238, 252, 196, 255: 1
236, 76, 177, 255: 39
134, 155, 26, 255: 148
31, 65, 34, 255: 1
94, 241, 108, 255: 3
0, 51, 184, 255: 1
95, 242, 109, 255: 6
14, 150, 223, 255: 1
52, 120, 32, 255: 2
0, 208, 42, 255: 2
0, 250, 145, 255: 1951
0, 149, 10, 255: 14
28, 128, 203, 255: 17
235, 3, 110, 255: 16
34, 0, 72, 255: 7
241, 185, 79, 255: 2
90, 255, 136, 255: 1
240, 255, 50, 255: 1
238, 95, 54, 255: 13
0, 198, 219, 255: 145
0, 119, 217, 255: 1
93, 213, 104, 255: 2
125, 152, 91, 255: 2
213, 220, 97, 255: 12
12, 219, 185, 255: 12
0, 16, 155, 255: 2
142, 122, 29, 255: 7
186, 46, 215, 255: 3
142, 255, 89, 255: 1
133, 43, 229, 255: 1
17, 129, 212, 255: 2
199, 211, 255, 255: 1
207, 144, 167, 255: 3
197, 26, 159, 255: 29
75, 105, 34, 255: 1
139, 254, 164, 255: 2
230, 92, 238, 255: 2
81, 9, 90, 255: 3
0, 90, 132, 255: 3
0, 161, 87, 255: 41
92, 231, 187, 255: 4
107, 232, 152, 255: 3
136, 186, 59, 255: 5
39, 46, 255, 255: 2
87, 193, 233, 255: 21
249, 121, 67, 255: 105
255, 64, 255, 255: 60
140, 26, 23, 255: 2
51, 247, 250, 255: 2
163, 4, 100, 255: 3
249, 2, 49, 255: 2
37, 32, 208, 255: 1
84, 119, 10, 255: 1
3, 169, 171, 255: 1
0, 34, 4, 255: 1
92, 143, 10, 255: 8
92, 50, 134, 255: 1
189, 68, 255, 255: 19
79, 187, 215, 255: 18
0, 243, 228, 255: 9
240, 205, 190, 255: 1
68, 172, 42, 255: 1
15, 46, 71, 255: 29
230, 119, 95, 255: 11
200, 75, 113, 255: 15
214, 54, 156, 255: 2
151, 124, 36, 255: 3
196, 143, 176, 255: 1
247, 109, 228, 255: 2
206, 114, 51, 255: 3
142, 179, 128, 255: 10
91, 19, 203, 255: 2
40, 199, 68, 255: 1
87, 203, 234, 255: 1
39, 249, 255, 255: 4
253, 78, 18, 255: 1
29, 53, 48, 255: 1
144, 134, 123, 255: 289
184, 10, 199, 255: 1
186, 68, 127, 255: 1
33, 120, 97, 255: 5
86, 205, 206, 255: 37
135, 118, 185, 255: 10
206, 197, 36, 255: 4
60, 203, 194, 255: 1
3, 153, 117, 255: 1
116, 32, 112, 255: 77
49, 140, 95, 255: 7
137, 159, 202, 255: 7
184, 54, 151, 255: 1
0, 72, 61, 255: 353
76, 59, 84, 255: 20
159, 250, 21, 255: 21
45, 216, 77, 255: 4
0, 24, 75, 255: 2
191, 36, 247, 255: 1
120, 112, 89, 255: 1
40, 255, 87, 255: 8
183, 13, 99, 255: 22
254, 29, 94, 255: 10
14, 213, 12, 255: 1
78, 230, 63, 255: 1
159, 239, 2, 255: 211
62, 186, 129, 255: 1
38, 88, 79, 255: 1
245, 88, 32, 255: 7
0, 134, 15, 255: 23
255, 113, 170, 255: 1
182, 255, 103, 255: 3
0, 31, 249, 255: 4
0, 78, 76, 255: 40
92, 28, 196, 255: 4
21, 118, 70, 255: 14
71, 179, 171, 255: 4
146, 83, 253, 255: 3
80, 104, 67, 255: 7
0, 138, 212, 255: 17
179, 145, 243, 255: 1
235, 229, 125, 255: 1
25, 203, 18, 255: 3
177, 241, 180, 255: 6
37, 255, 157, 255: 1
35, 161, 114, 255: 2
33, 14, 237, 255: 2
129, 230, 160, 255: 34
197, 230, 135, 255: 6
0, 170, 6, 255: 70
3, 249, 94, 255: 2
40, 183, 213, 255: 10
251, 174, 93, 255: 5
198, 127, 228, 255: 3
121, 238, 247, 255: 1
0, 233, 21, 255: 1
90, 219, 229, 255: 20
241, 3, 216, 255: 6
75, 34, 70, 255: 2
72, 12, 231, 255: 4
88, 50, 66, 255: 3
82, 237, 15, 255: 5
81, 7, 246, 255: 38
235, 172, 88, 255: 2
138, 73, 247, 255: 3
76, 81, 124, 255: 10
200, 203, 105, 255: 2
76, 60, 187, 255: 1
33, 37, 112, 255: 15
64, 55, 222, 255: 1
0, 217, 214, 255: 1
247, 69, 141, 255: 4
150, 52, 173, 255: 1
22, 183, 141, 255: 2
237, 38, 44, 255: 6
80, 255, 187, 255: 1
197, 172, 61, 255: 1
157, 125, 31, 255: 5
0, 176, 110, 255: 14
36, 10, 95, 255: 1
40, 43, 131, 255: 2
239, 255, 143, 255: 1
139, 74, 248, 255: 1
94, 28, 178, 255: 1
136, 105, 39, 255: 2
0, 205, 141, 255: 1
0, 58, 12, 255: 1
86, 32, 226, 255: 15
196, 248, 72, 255: 1
25, 18, 49, 255: 1
37, 142, 158, 255: 2
84, 43, 217, 255: 51
25, 35, 41, 255: 1
0, 183, 161, 255: 35
254, 126, 72, 255: 18
127, 8, 89, 255: 1
4, 203, 145, 255: 1
24, 108, 207, 255: 5
34, 250, 126, 255: 18
182, 0, 22, 255: 1
144, 215, 191, 255: 1
244, 122, 64, 255: 4
229, 166, 184, 255: 1
189, 236, 98, 255: 1
187, 48, 98, 255: 7
130, 41, 179, 255: 20
241, 255, 28, 255: 2
243, 27, 212, 255: 1
145, 140, 198, 255: 2
138, 190, 153, 255: 1
205, 251, 7, 255: 1
28, 255, 139, 255: 89
91, 70, 44, 255: 7
179, 166, 16, 255: 3
91, 74, 146, 255: 30
143, 117, 119, 255: 10
193, 235, 39, 255: 3
189, 26, 224, 255: 6
186, 60, 243, 255: 3
242, 116, 160, 255: 2
200, 138, 158, 255: 2
113, 161, 120, 255: 3
189, 83, 186, 255: 5
101, 64, 216, 255: 1
141, 74, 10, 255: 4
201, 217, 44, 255: 20
130, 167, 13, 255: 6
123, 238, 183, 255: 1
80, 189, 62, 255: 1
244, 9, 248, 255: 2
76, 233, 74, 255: 2
84, 216, 69, 255: 6
200, 144, 233, 255: 6
0, 39, 231, 255: 67
182, 213, 100, 255: 2
138, 192, 218, 255: 1
88, 163, 0, 255: 1
183, 7, 25, 255: 133
142, 27, 71, 255: 1
130, 122, 99, 255: 9
132, 214, 4, 255: 4
217, 219, 27, 255: 18
18, 99, 229, 255: 4
27, 240, 53, 255: 5
127, 244, 150, 255: 1
132, 173, 136, 255: 2
233, 117, 25, 255: 116
239, 239, 239, 255: 9
240, 255, 236, 255: 3
230, 177, 67, 255: 8
192, 242, 48, 255: 1
36, 135, 2, 255: 22
37, 96, 53, 255: 1
253, 4, 183, 255: 4
0, 224, 42, 255: 2
0, 199, 224, 255: 1
244, 203, 18, 255: 1
200, 108, 45, 255: 41
184, 70, 73, 255: 4
244, 54, 15, 255: 2
143, 139, 160, 255: 1
38, 62, 211, 255: 1
139, 72, 8, 255: 1
37, 187, 111, 255: 22
229, 228, 193, 255: 6
37, 10, 168, 255: 1
126, 133, 153, 255: 2
204, 159, 0, 255: 1
33, 143, 18, 255: 1
37, 113, 81, 255: 50
198, 27, 160, 255: 33
245, 193, 184, 255: 3
147, 161, 140, 255: 6
132, 241, 118, 255: 2
248, 161, 173, 255: 1
239, 80, 98, 255: 3
9, 103, 213, 255: 1
184, 42, 250, 255: 6
83, 149, 177, 255: 36
53, 103, 94, 255: 2
80, 83, 28, 255: 35
0, 201, 124, 255: 46
206, 197, 252, 255: 18
157, 149, 197, 255: 999
124, 141, 106, 255: 1
20, 162, 236, 255: 1
13, 152, 67, 255: 46
18, 41, 155, 255: 3
200, 2, 48, 255: 11
69, 69, 171, 255: 2
177, 120, 63, 255: 1
79, 192, 253, 255: 1
145, 19, 54, 255: 1
87, 107, 129, 255: 2
84, 120, 91, 255: 1
84, 24, 22, 255: 37
154, 31, 164, 255: 8
181, 42, 57, 255: 14
182, 40, 212, 255: 5
96, 36, 145, 255: 23
184, 146, 8, 255: 4
0, 229, 47, 255: 23
237, 94, 53, 255: 7
46, 41, 218, 255: 10
16, 149, 98, 255: 19
132, 23, 216, 255: 1
67, 179, 113, 255: 9
214, 188, 166, 255: 64
243, 215, 129, 255: 17
34, 248, 172, 255: 1
136, 95, 156, 255: 4
106, 19, 41, 255: 1
196, 252, 127, 255: 2
133, 129, 114, 255: 1
93, 224, 252, 255: 1
132, 32, 162, 255: 1
82, 106, 69, 255: 13
193, 177, 160, 255: 2
188, 161, 33, 255: 5
0, 18, 55, 255: 1
113, 35, 184, 255: 6
154, 55, 75, 255: 1
199, 11, 220, 255: 1
140, 224, 77, 255: 4
102, 26, 17, 255: 4
224, 207, 95, 255: 1
84, 4, 174, 255: 2
164, 118, 70, 255: 16
42, 211, 54, 255: 1
255, 32, 29, 255: 1
243, 103, 160, 255: 4
83, 19, 187, 255: 1
203, 255, 13, 255: 1
173, 201, 144, 255: 1
152, 111, 107, 255: 10
59, 18, 157, 255: 36
58, 160, 85, 255: 3258
0, 73, 28, 255: 1698
181, 116, 250, 255: 1
87, 109, 76, 255: 2
147, 161, 37, 255: 1
6, 156, 120, 255: 1
197, 226, 187, 255: 3
216, 55, 56, 255: 1
242, 58, 207, 255: 5
45, 81, 119, 255: 1
226, 198, 76, 255: 11
34, 63, 24, 255: 10
247, 142, 161, 255: 2
119, 247, 9, 255: 30
189, 210, 4, 255: 29
241, 136, 52, 255: 20
139, 69, 128, 255: 4
254, 98, 213, 255: 1
34, 255, 60, 255: 3
247, 123, 222, 255: 1
91, 236, 115, 255: 2
225, 98, 253, 255: 16
82, 112, 143, 255: 118
249, 20, 72, 255: 2
242, 190, 181, 255: 9
41, 118, 223, 255: 1
0, 240, 191, 255: 1
23, 8, 128, 255: 3
132, 243, 0, 255: 1
220, 26, 230, 255: 2
193, 231, 102, 255: 12
86, 62, 22, 255: 2
240, 56, 205, 255: 4
29, 14, 67, 255: 1
128, 196, 99, 255: 1
128, 122, 162, 255: 42
169, 81, 70, 255: 2
191, 202, 242, 255: 1
249, 188, 13, 255: 1
139, 186, 218, 255: 5
102, 9, 65, 255: 1
36, 193, 101, 255: 1
200, 7, 250, 255: 3
49, 104, 164, 255: 14
40, 115, 48, 255: 2
239, 57, 140, 255: 1
177, 112, 143, 255: 2
135, 255, 119, 255: 1
236, 255, 62, 255: 1
106, 42, 184, 255: 1
237, 234, 136, 255: 29
89, 191, 217, 255: 2
0, 231, 185, 255: 4
198, 191, 84, 255: 1
0, 186, 232, 255: 13
70, 230, 195, 255: 5
0, 18, 64, 255: 3
249, 130, 170, 255: 1
34, 139, 155, 255: 3
238, 255, 165, 255: 2
28, 153, 216, 255: 1
81, 56, 206, 255: 1
182, 199, 132, 255: 1
129, 159, 232, 255: 2
7, 181, 248, 255: 5
182, 155, 27, 255: 63
0, 109, 126, 255: 3
53, 77, 41, 255: 1
133, 237, 9, 255: 7
0, 7, 186, 255: 11
89, 95, 137, 255: 2
233, 144, 36, 255: 1
85, 206, 49, 255: 53
213, 160, 153, 255: 2
242, 180, 78, 255: 2
193, 249, 124, 255: 1
138, 106, 77, 255: 1
39, 5, 77, 255: 1
44, 110, 77, 255: 3
114, 72, 218, 255: 1
238, 26, 155, 255: 2
29, 8, 213, 255: 2
43, 34, 130, 255: 5
255, 161, 225, 255: 2
41, 179, 141, 255: 4
199, 152, 151, 255: 23
244, 106, 225, 255: 5
49, 44, 221, 255: 8
17, 84, 3, 255: 1
255, 18, 104, 255: 1
245, 238, 207, 255: 6
193, 230, 221, 255: 12
244, 60, 89, 255: 4
38, 202, 104, 255: 3
157, 52, 3, 255: 1
41, 229, 146, 255: 1
199, 47, 101, 255: 19
197, 182, 199, 255: 3
143, 4, 48, 255: 29
128, 216, 75, 255: 6
0, 75, 108, 255: 2
183, 82, 218, 255: 1
197, 238, 54, 255: 2
193, 246, 177, 255: 1
0, 66, 144, 255: 1183
39, 63, 255, 255: 1
86, 161, 254, 255: 1
186, 127, 236, 255: 4
142, 87, 168, 255: 11
0, 90, 101, 255: 1
237, 0, 38, 255: 1
95, 157, 135, 255: 9
39, 106, 128, 255: 9
193, 123, 69, 255: 1
155, 164, 34, 255: 2
163, 42, 132, 255: 7
233, 106, 4, 255: 33
242, 190, 98, 255: 21
0, 80, 69, 255: 1
100, 231, 3, 255: 4
79, 176, 194, 255: 11
0, 148, 252, 255: 1
255, 62, 180, 255: 1
87, 219, 72, 255: 9
205, 100, 58, 255: 1
101, 246, 125, 255: 10
33, 70, 198, 255: 13
244, 129, 183, 255: 1
64, 69, 113, 255: 3
97, 183, 131, 255: 1
243, 37, 22, 255: 5
242, 132, 152, 255: 1
0, 53, 245, 255: 7
130, 138, 193, 255: 8
10, 57, 160, 255: 1
182, 68, 4, 255: 5
201, 33, 9, 255: 36
95, 206, 178, 255: 4
214, 103, 81, 255: 1
206, 26, 249, 255: 2
195, 255, 91, 255: 1
255, 137, 114, 255: 1
87, 200, 235, 255: 2
31, 25, 91, 255: 4
235, 205, 20, 255: 33
138, 255, 26, 255: 22
66, 121, 38, 255: 1
146, 69, 107, 255: 1
73, 23, 149, 255: 1
219, 86, 174, 255: 35
143, 44, 64, 255: 108
31, 244, 57, 255: 14
186, 231, 251, 255: 9
36, 99, 224, 255: 6
176, 50, 198, 255: 16
190, 255, 99, 255: 1
222, 186, 154, 255: 1
188, 102, 6, 255: 3
74, 253, 138, 255: 24
202, 44, 29, 255: 4
101, 191, 153, 255: 10
146, 255, 77, 255: 1
186, 129, 45, 255: 4
0, 25, 140, 255: 2563
132, 184, 147, 255: 2
44, 208, 146, 255: 3
0, 194, 48, 255: 72
184, 33, 39, 255: 21
24, 194, 98, 255: 3
96, 15, 106, 255: 11
74, 157, 161, 255: 26
191, 251, 140, 255: 15
138, 116, 97, 255: 10
0, 148, 197, 255: 47
177, 37, 206, 255: 2
255, 121, 254, 255: 2
243, 119, 116, 255: 5
110, 79, 132, 255: 4
86, 55, 20, 255: 2
232, 198, 7, 255: 1
97, 2, 113, 255: 16
81, 68, 73, 255: 4
200, 172, 193, 255: 2
122, 6, 58, 255: 3
27, 144, 40, 255: 8
227, 28, 34, 255: 4
67, 89, 211, 255: 2
152, 56, 173, 255: 6
0, 208, 209, 255: 1
80, 255, 92, 255: 2
98, 13, 134, 255: 3
234, 248, 192, 255: 1
176, 121, 162, 255: 8
0, 119, 16, 255: 2
151, 124, 139, 255: 1
33, 75, 109, 255: 58
79, 90, 99, 255: 14
231, 245, 224, 255: 1
193, 179, 4, 255: 1
194, 8, 154, 255: 1
109, 166, 189, 255: 5
91, 109, 76, 255: 1
241, 215, 9, 255: 1
184, 143, 35, 255: 3
191, 85, 35, 255: 5
76, 203, 115, 255: 21
31, 12, 235, 255: 2
26, 8, 65, 255: 1
22, 185, 242, 255: 14
32, 113, 242, 255: 3
242, 171, 159, 255: 2
76, 98, 254, 255: 1
60, 150, 66, 255: 91
84, 198, 149, 255: 2
157, 248, 19, 255: 26
116, 82, 36, 255: 1
9, 156, 238, 255: 4
84, 255, 14, 255: 2
0, 85, 151, 255: 6
33, 218, 37, 255: 2
195, 48, 68, 255: 10
196, 255, 67, 255: 2
145, 191, 50, 255: 2
166, 122, 19, 255: 1
191, 253, 232, 255: 2
236, 45, 218, 255: 3
181, 42, 92, 255: 1
54, 219, 126, 255: 19
186, 124, 135, 255: 28
29, 229, 199, 255: 1
75, 152, 87, 255: 1
90, 247, 88, 255: 20
84, 171, 35, 255: 11
251, 92, 110, 255: 1
0, 44, 114, 255: 43
193, 99, 194, 255: 6
142, 138, 159, 255: 1
15, 159, 40, 255: 1
0, 50, 85, 255: 3427
39, 26, 245, 255: 2
100, 19, 110, 255: 1
34, 74, 45, 255: 43
179, 111, 172, 255: 1
127, 93, 46, 255: 14
147, 210, 182, 255: 2
181, 218, 173, 255: 10
154, 47, 2, 255: 1
199, 68, 29, 255: 4
229, 102, 0, 255: 30
74, 242, 118, 255: 13
136, 163, 138, 255: 30
139, 163, 255, 255: 1
120, 239, 91, 255: 20
19, 1, 176, 255: 1
0, 17, 89, 255: 1119
234, 240, 52, 255: 12
11, 15, 210, 255: 7
0, 128, 70, 255: 2
176, 95, 186, 255: 1
178, 127, 9, 255: 7
255, 118, 218, 255: 1
153, 195, 3, 255: 2
0, 150, 7, 255: 2
128, 120, 97, 255: 8
134, 166, 174, 255: 1
192, 195, 97, 255: 1
245, 25, 159, 255: 25
96, 92, 7, 255: 2
237, 245, 120, 255: 38
113, 249, 178, 255: 1
180, 225, 24, 255: 1
35, 102, 124, 255: 25
142, 255, 99, 255: 1
0, 152, 167, 255: 17
84, 104, 126, 255: 5
133, 195, 168, 255: 1
194, 221, 83, 255: 1
50, 239, 174, 255: 3
194, 194, 199, 255: 6
233, 2, 144, 255: 1
13, 99, 42, 255: 1
239, 245, 57, 255: 31
193, 184, 14, 255: 1
196, 255, 90, 255: 2
123, 108, 238, 255: 6
240, 73, 43, 255: 16
127, 162, 166, 255: 1
185, 142, 192, 255: 9
152, 144, 232, 255: 2
140, 187, 219, 255: 2
0, 178, 215, 255: 21
227, 232, 163, 255: 8
73, 21, 48, 255: 1
243, 236, 52, 255: 2
196, 166, 169, 255: 2
179, 229, 97, 255: 3
5, 74, 195, 255: 25
219, 235, 175, 255: 1
240, 158, 9, 255: 1
180, 227, 89, 255: 3
190, 101, 25, 255: 31
0, 37, 106, 255: 1
54, 236, 220, 255: 116
146, 191, 98, 255: 7
193, 66, 6, 255: 84
192, 32, 72, 255: 2
102, 139, 128, 255: 22
83, 197, 46, 255: 3
1, 2, 73, 255: 1
232, 204, 118, 255: 1
244, 210, 19, 255: 7
160, 11, 117, 255: 28
0, 7, 236, 255: 62
92, 76, 238, 255: 1
87, 162, 137, 255: 14
133, 246, 93, 255: 1
27, 47, 98, 255: 4
45, 128, 19, 255: 5
248, 233, 138, 255: 6
173, 198, 42, 255: 2
94, 255, 65, 255: 3
172, 74, 53, 255: 5
188, 76, 255, 255: 59
229, 15, 234, 255: 1
78, 53, 167, 255: 7
78, 90, 236, 255: 4
242, 30, 194, 255: 4
81, 216, 39, 255: 29
178, 36, 244, 255: 1
236, 63, 101, 255: 1
147, 32, 230, 255: 20
39, 201, 50, 255: 5
86, 253, 177, 255: 27
224, 43, 126, 255: 1
221, 55, 90, 255: 1
190, 59, 138, 255: 1
11, 238, 124, 255: 74
80, 75, 109, 255: 32
181, 55, 49, 255: 1
139, 155, 213, 255: 3
29, 162, 136, 255: 2
6, 180, 247, 255: 7
225, 250, 17, 255: 1
184, 15, 136, 255: 28
238, 255, 77, 255: 17
136, 255, 98, 255: 1
148, 252, 24, 255: 1
0, 207, 15, 255: 13
126, 169, 84, 255: 5
0, 92, 99, 255: 2
36, 241, 255, 255: 15
233, 31, 169, 255: 1
147, 216, 10, 255: 60
241, 7, 153, 255: 1
141, 231, 188, 255: 6
70, 4, 154, 255: 1
95, 93, 106, 255: 1
152, 12, 68, 255: 20
235, 240, 171, 255: 1
30, 232, 231, 255: 2
179, 124, 165, 255: 22
237, 178, 72, 255: 1
148, 156, 149, 255: 1
27, 151, 159, 255: 1
0, 180, 248, 255: 2
251, 252, 132, 255: 2
0, 124, 121, 255: 5
148, 63, 62, 255: 2
38, 239, 55, 255: 4
125, 22, 181, 255: 16
139, 213, 194, 255: 5
145, 162, 238, 255: 52
189, 209, 255, 255: 55
228, 102, 36, 255: 1
75, 240, 146, 255: 2
228, 90, 15, 255: 1
38, 91, 53, 255: 4
62, 211, 142, 255: 22
91, 213, 229, 255: 6
127, 206, 118, 255: 15
153, 151, 51, 255: 4
91, 17, 0, 255: 1
81, 147, 74, 255: 8
33, 82, 219, 255: 45
84, 181, 46, 255: 1
202, 105, 230, 255: 12
34, 121, 63, 255: 36
18, 30, 134, 255: 5
87, 126, 103, 255: 22
33, 8, 9, 255: 1
72, 89, 48, 255: 1
32, 162, 166, 255: 92
0, 150, 130, 255: 1
192, 225, 27, 255: 28
197, 150, 149, 255: 26
190, 195, 13, 255: 2
210, 209, 175, 255: 6
152, 94, 52, 255: 1
184, 226, 147, 255: 4
41, 254, 160, 255: 1
239, 57, 12, 255: 2
55, 201, 74, 255: 1
7, 252, 58, 255: 26
239, 48, 221, 255: 1
0, 42, 13, 255: 4
24, 134, 155, 255: 2
152, 213, 198, 255: 1
184, 163, 138, 255: 8
25, 98, 224, 255: 1
186, 35, 195, 255: 2
83, 189, 229, 255: 1
155, 51, 104, 255: 1
27, 231, 43, 255: 1
86, 119, 94, 255: 1
82, 216, 240, 255: 1
186, 19, 203, 255: 91
33, 120, 255, 255: 14
122, 102, 35, 255: 5
195, 39, 232, 255: 2
0, 113, 11, 255: 2
109, 201, 222, 255: 45
91, 37, 112, 255: 3
83, 220, 214, 255: 1
237, 113, 248, 255: 1
0, 48, 181, 255: 4
255, 79, 255, 255: 23
125, 72, 208, 255: 3
0, 90, 63, 255: 2
83, 232, 162, 255: 19
1, 255, 12, 255: 10
64, 6, 67, 255: 1
242, 176, 96, 255: 3
139, 34, 241, 255: 1
0, 192, 16, 255: 1
60, 117, 236, 255: 6
39, 87, 189, 255: 5
99, 27, 28, 255: 1
172, 216, 237, 255: 1
178, 190, 157, 255: 3
32, 230, 75, 255: 1
0, 58, 106, 255: 1
53, 56, 41, 255: 1
250, 75, 117, 255: 1
24, 254, 237, 255: 5
87, 13, 255, 255: 3
249, 57, 22, 255: 19
26, 68, 102, 255: 31
88, 16, 17, 255: 2
137, 116, 177, 255: 1
215, 239, 91, 255: 21
24, 191, 192, 255: 1
191, 238, 100, 255: 2
250, 27, 191, 255: 5
26, 44, 253, 255: 1
32, 185, 79, 255: 1
3, 133, 177, 255: 2
229, 123, 40, 255: 6
127, 167, 112, 255: 1
11, 33, 148, 255: 47
31, 98, 120, 255: 64
76, 234, 136, 255: 1
146, 249, 197, 255: 10
185, 249, 189, 255: 27
144, 211, 243, 255: 1
46, 193, 54, 255: 2
224, 227, 95, 255: 1
35, 255, 214, 255: 2
0, 73, 127, 255: 1
232, 66, 100, 255: 2
233, 78, 146, 255: 3
25, 18, 203, 255: 4
182, 227, 247, 255: 35
184, 234, 67, 255: 2
199, 77, 85, 255: 1
24, 80, 247, 255: 1
71, 209, 130, 255: 1
93, 238, 117, 255: 1
39, 69, 141, 255: 19
82, 26, 186, 255: 17
0, 114, 8, 255: 1
140, 123, 36, 255: 3
81, 255, 151, 255: 2
0, 160, 153, 255: 25
129, 202, 46, 255: 50
243, 18, 83, 255: 17
19, 219, 17, 255: 5
188, 53, 184, 255: 1
225, 162, 42, 255: 5
144, 80, 79, 255: 5
0, 245, 8, 255: 19
32, 39, 255, 255: 1
181, 67, 105, 255: 1
127, 242, 187, 255: 1
41, 159, 201, 255: 39
0, 151, 199, 255: 3623
46, 90, 142, 255: 8
80, 186, 226, 255: 1
71, 83, 194, 255: 12
0, 89, 88, 255: 59
29, 176, 155, 255: 2
242, 93, 239, 255: 1
181, 213, 161, 255: 3
201, 234, 36, 255: 4
40, 77, 42, 255: 1
180, 57, 47, 255: 36
108, 184, 127, 255: 2
103, 96, 24, 255: 2
130, 105, 5, 255: 6
151, 77, 85, 255: 2
188, 157, 234, 255: 14
39, 225, 181, 255: 1
136, 198, 33, 255: 4
234, 28, 159, 255: 14
203, 252, 132, 255: 6
88, 162, 101, 255: 10
232, 223, 174, 255: 1
191, 204, 52, 255: 1
32, 89, 137, 255: 46
182, 48, 29, 255: 12
159, 2, 196, 255: 22
145, 69, 59, 255: 3
0, 161, 86, 255: 142
248, 31, 161, 255: 1
136, 251, 196, 255: 24
48, 123, 103, 255: 11
68, 0, 52, 255: 5
90, 108, 178, 255: 33
56, 42, 12, 255: 1
132, 216, 69, 255: 9
79, 68, 135, 255: 4
137, 16, 18, 255: 3
90, 118, 197, 255: 3
40, 36, 200, 255: 11
104, 116, 78, 255: 60
3, 246, 210, 255: 1
92, 36, 13, 255: 1
243, 90, 48, 255: 2
207, 110, 194, 255: 17
92, 228, 95, 255: 1
242, 4, 218, 255: 6
248, 17, 6, 255: 2
107, 207, 139, 255: 867
220, 96, 94, 255: 1117
27, 108, 43, 255: 1
223, 218, 139, 255: 1
36, 146, 21, 255: 5
23, 44, 95, 255: 2
0, 11, 181, 255: 2
43, 174, 24, 255: 1
0, 31, 22, 255: 118
214, 150, 31, 255: 24
188, 242, 208, 255: 2
195, 196, 36, 255: 1
232, 126, 43, 255: 19
245, 146, 13, 255: 1
48, 43, 220, 255: 6
243, 34, 255, 255: 24
128, 163, 49, 255: 3
38, 244, 1, 255: 10
242, 61, 188, 255: 1
233, 87, 168, 255: 1
27, 232, 134, 255: 9
242, 232, 77, 255: 1
75, 233, 99, 255: 1
92, 202, 72, 255: 5
96, 150, 115, 255: 3
137, 47, 233, 255: 9
85, 222, 216, 255: 1
190, 68, 195, 255: 17
74, 207, 121, 255: 2
229, 128, 50, 255: 2
48, 125, 203, 255: 3
183, 36, 56, 255: 3
208, 207, 173, 255: 5
162, 17, 220, 255: 1
149, 196, 99, 255: 1
12, 241, 225, 255: 11
233, 172, 151, 255: 1
242, 163, 240, 255: 6
19, 76, 88, 255: 1
177, 68, 73, 255: 3
167, 211, 79, 255: 1
0, 76, 164, 255: 50
128, 69, 34, 255: 1
190, 147, 197, 255: 3
242, 80, 118, 255: 12
205, 116, 112, 255: 2
90, 55, 152, 255: 7
140, 223, 251, 255: 6
239, 144, 143, 255: 10
81, 55, 208, 255: 1
230, 214, 17, 255: 1
73, 214, 3, 255: 5
134, 50, 129, 255: 29
138, 149, 148, 255: 1
88, 94, 18, 255: 5
177, 161, 41, 255: 6
250, 73, 97, 255: 1
51, 4, 75, 255: 2
249, 255, 31, 255: 2
235, 56, 17, 255: 31
30, 249, 2, 255: 1
91, 205, 54, 255: 2
196, 69, 9, 255: 56
145, 90, 18, 255: 13
145, 18, 70, 255: 2
84, 190, 230, 255: 1
33, 48, 97, 255: 9
46, 181, 44, 255: 40
83, 72, 139, 255: 17
32, 177, 195, 255: 29
249, 252, 77, 255: 9
0, 164, 157, 255: 4
240, 255, 178, 255: 7
188, 255, 158, 255: 1
72, 80, 93, 255: 2
31, 83, 199, 255: 4
129, 146, 111, 255: 6
236, 249, 91, 255: 2
30, 15, 68, 255: 1
0, 82, 81, 255: 1215
77, 189, 122, 255: 3
236, 44, 162, 255: 2
44, 132, 245, 255: 9
35, 61, 255, 255: 26
245, 116, 255, 255: 15
228, 43, 156, 255: 4
241, 148, 92, 255: 1
42, 205, 155, 255: 9
194, 255, 169, 255: 5
28, 211, 188, 255: 18
196, 28, 4, 255: 24
138, 228, 185, 255: 11
86, 250, 75, 255: 1
147, 219, 110, 255: 10
142, 166, 255, 255: 1
58, 39, 196, 255: 3
112, 133, 5, 255: 92
185, 153, 58, 255: 5
89, 145, 199, 255: 22
84, 192, 184, 255: 6
141, 225, 255, 255: 1
37, 134, 85, 255: 13
194, 107, 232, 255: 1
197, 255, 228, 255: 1
183, 133, 33, 255: 1
103, 44, 113, 255: 30
186, 186, 42, 255: 2
250, 130, 243, 255: 51
72, 182, 17, 255: 7
130, 49, 98, 255: 8
81, 17, 112, 255: 1
192, 25, 91, 255: 1
86, 57, 239, 255: 11
228, 145, 208, 255: 3
56, 97, 138, 255: 45
27, 255, 173, 255: 3
140, 71, 165, 255: 34
236, 125, 101, 255: 7
196, 53, 17, 255: 4
4, 107, 167, 255: 1
88, 255, 237, 255: 7
114, 118, 169, 255: 63
243, 174, 88, 255: 27
129, 169, 216, 255: 6
102, 227, 187, 255: 17
193, 255, 183, 255: 1
146, 255, 103, 255: 1
98, 114, 85, 255: 3
242, 98, 22, 255: 1
244, 7, 147, 255: 16
106, 251, 130, 255: 3
79, 146, 210, 255: 2
9, 150, 164, 255: 3
17, 65, 167, 255: 2
87, 141, 106, 255: 9
193, 186, 114, 255: 4
197, 138, 247, 255: 4
35, 110, 197, 255: 1
197, 223, 204, 255: 3
35, 140, 156, 255: 2
36, 10, 249, 255: 20
245, 238, 54, 255: 2
145, 30, 228, 255: 16
87, 158, 200, 255: 22
42, 17, 171, 255: 4
28, 73, 205, 255: 2
192, 17, 172, 255: 1
127, 223, 146, 255: 1
9, 136, 43, 255: 124
39, 249, 56, 255: 6
110, 227, 236, 255: 6
122, 251, 74, 255: 1
184, 72, 71, 255: 22
129, 106, 171, 255: 5
246, 241, 155, 255: 13
0, 115, 170, 255: 1
54, 76, 197, 255: 151
137, 216, 10, 255: 1
80, 53, 42, 255: 2
72, 243, 217, 255: 14
102, 95, 176, 255: 1
192, 125, 67, 255: 3
236, 208, 86, 255: 102
252, 149, 83, 255: 4
246, 189, 28, 255: 28
246, 247, 230, 255: 1
182, 51, 130, 255: 11
252, 64, 53, 255: 2
38, 133, 21, 255: 12
85, 109, 145, 255: 2
234, 40, 243, 255: 26
201, 156, 100, 255: 1
131, 133, 120, 255: 8
228, 92, 80, 255: 26
148, 27, 156, 255: 2
37, 19, 169, 255: 25
138, 157, 185, 255: 9
56, 9, 80, 255: 59
34, 38, 231, 255: 4
102, 15, 37, 255: 4
0, 155, 204, 255: 1770
146, 209, 181, 255: 2
132, 101, 153, 255: 2
127, 189, 24, 255: 14
140, 151, 150, 255: 1
27, 119, 62, 255: 5
0, 107, 94, 255: 34
251, 148, 82, 255: 6
134, 10, 253, 255: 2
241, 62, 244, 255: 9
81, 142, 102, 255: 6
176, 191, 26, 255: 2
83, 97, 86, 255: 1
6, 120, 47, 255: 26
140, 101, 5, 255: 41
36, 224, 13, 255: 1
246, 143, 77, 255: 19
134, 255, 83, 255: 2
88, 89, 72, 255: 2
191, 142, 225, 255: 12
225, 213, 67, 255: 1
196, 124, 135, 255: 2
133, 107, 109, 255: 2
136, 163, 102, 255: 5
46, 117, 255, 255: 4
79, 118, 60, 255: 56
90, 213, 74, 255: 7
57, 222, 129, 255: 1
196, 255, 229, 255: 3
140, 103, 189, 255: 3
84, 196, 49, 255: 1
25, 178, 72, 255: 1
228, 175, 65, 255: 3
87, 33, 74, 255: 1
0, 41, 199, 255: 1768
86, 45, 183, 255: 17
0, 189, 202, 255: 344
80, 209, 219, 255: 40
0, 66, 20, 255: 94
116, 145, 184, 255: 3
84, 223, 60, 255: 8
86, 100, 191, 255: 1
129, 96, 85, 255: 1
243, 237, 255, 255: 5
184, 128, 217, 255: 1
217, 66, 232, 255: 1
56, 51, 228, 255: 1
43, 5, 26, 255: 8
255, 158, 221, 255: 1
143, 101, 25, 255: 11
151, 129, 110, 255: 2
188, 217, 178, 255: 16
133, 157, 126, 255: 10
83, 70, 75, 255: 8
83, 255, 59, 255: 6
83, 236, 180, 255: 1
143, 141, 41, 255: 53
49, 102, 64, 255: 1
85, 157, 34, 255: 7
247, 170, 89, 255: 22
22, 112, 177, 255: 1
248, 83, 116, 255: 1
111, 52, 18, 255: 1
239, 112, 241, 255: 1
237, 186, 174, 255: 1
11, 64, 107, 255: 3
176, 66, 36, 255: 5
108, 154, 14, 255: 3
144, 237, 102, 255: 1
244, 213, 255, 255: 24
96, 180, 202, 255: 1
0, 50, 217, 255: 88
222, 59, 216, 255: 2
24, 105, 40, 255: 2
138, 239, 15, 255: 1
190, 164, 35, 255: 3
152, 185, 237, 255: 1
137, 67, 126, 255: 16
141, 63, 246, 255: 3
47, 5, 185, 255: 51
32, 23, 119, 255: 1
29, 168, 255, 255: 950
143, 108, 109, 255: 21
83, 70, 255, 255: 2
196, 146, 46, 255: 7
142, 27, 225, 255: 25
140, 146, 111, 255: 1
184, 160, 232, 255: 3
182, 70, 171, 255: 2
244, 208, 175, 255: 2
0, 10, 13, 255: 2
38, 222, 80, 255: 16
238, 122, 65, 255: 9
190, 198, 12, 255: 1
158, 98, 213, 255: 1
0, 28, 251, 255: 3
31, 193, 42, 255: 1
85, 210, 170, 255: 1
36, 182, 55, 255: 1
139, 65, 73, 255: 6
42, 8, 252, 255: 4
