181, 94, 117, 255: 1
117, 195, 83, 255: 1
243, 176, 189, 255: 1
32, 69, 162, 255: 5
185, 159, 202, 255: 1
180, 244, 183, 255: 16
239, 176, 255, 255: 1
179, 236, 27, 255: 1
182, 224, 145, 255: 6
168, 179, 147, 255: 33
0, 212, 179, 255: 1
72, 197, 10, 255: 2
174, 59, 216, 255: 12
175, 118, 96, 255: 1
144, 129, 3, 255: 1
192, 239, 101, 255: 1
238, 38, 92, 255: 1
156, 156, 1, 255: 1
235, 152, 148, 255: 2
134, 12, 97, 255: 21
47, 132, 19, 255: 3
225, 87, 12, 255: 1
238, 177, 2, 255: 18
132, 184, 45, 255: 7
47, 228, 252, 255: 4
28, 194, 93, 255: 2
143, 254, 11, 255: 2
150, 195, 102, 255: 11
144, 7, 187, 255: 1
186, 31, 140, 255: 2
233, 184, 190, 255: 1
36, 217, 241, 255: 1
45, 84, 147, 255: 1
178, 192, 1, 255: 1
174, 246, 97, 255: 1
114, 206, 227, 255: 50
15, 101, 44, 255: 1
175, 49, 197, 255: 9
68, 107, 49, 255: 1
136, 255, 154, 255: 1
143, 174, 127, 255: 1
229, 138, 188, 255: 2
134, 124, 113, 255: 4
0, 220, 162, 255: 44
222, 202, 247, 255: 1
79, 234, 12, 255: 1
209, 173, 141, 255: 4817
0, 186, 198, 255: 3514
36, 65, 221, 255: 4
0, 135, 50, 255: 23
252, 192, 189, 255: 6
242, 18, 36, 255: 1
26, 3, 110, 255: 1
25, 54, 236, 255: 10
33, 53, 104, 255: 8
100, 165, 241, 255: 3
71, 137, 64, 255: 3
203, 76, 16, 255: 2
135, 46, 184, 255: 5
75, 210, 33, 255: 13
222, 128, 80, 255: 2
27, 135, 121, 255: 13
141, 235, 17, 255: 16
91, 160, 31, 255: 8
245, 140, 194, 255: 1
1, 244, 247, 255: 10
89, 197, 189, 255: 3
124, 167, 82, 255: 5
0, 183, 62, 255: 287
94, 227, 98, 255: 24
58, 212, 212, 255: 1
137, 254, 6, 255: 54
1, 129, 75, 255: 3
74, 196, 39, 255: 1
127, 74, 246, 255: 1
87, 181, 40, 255: 8
94, 223, 233, 255: 2
32, 255, 89, 255: 1
0, 52, 219, 255: 79
144, 181, 130, 255: 3
81, 181, 42, 255: 33
231, 143, 173, 255: 1
183, 77, 144, 255: 57
0, 25, 51, 255: 1
28, 32, 225, 255: 11
147, 122, 133, 255: 4
25, 205, 83, 255: 26
122, 99, 62, 255: 2
38, 135, 86, 255: 12
0, 137, 18, 255: 52
148, 249, 26, 255: 1
35, 255, 145, 255: 1
242, 208, 90, 255: 1
145, 236, 175, 255: 1
140, 192, 155, 255: 2
154, 146, 80, 255: 1
182, 29, 193, 255: 1
86, 255, 62, 255: 1
216, 80, 69, 255: 10
70, 233, 40, 255: 6
186, 5, 210, 255: 12
214, 90, 88, 255: 200
0, 205, 5, 255: 962
126, 206, 154, 255: 3
30, 172, 92, 255: 2
0, 63, 43, 255: 2
230, 104, 38, 255: 4
245, 255, 99, 255: 1
27, 139, 2, 255: 3
87, 230, 220, 255: 2
143, 108, 211, 255: 5
52, 245, 124, 255: 1
184, 72, 173, 255: 1
189, 33, 226, 255: 34
80, 72, 7, 255: 4
7, 250, 214, 255: 3
93, 124, 190, 255: 3
48, 81, 251, 255: 1
252, 16, 72, 255: 12
248, 27, 143, 255: 1
170, 17, 78, 255: 1
0, 162, 254, 255: 1201
171, 223, 155, 255: 1
55, 44, 113, 255: 14
185, 235, 103, 255: 11
239, 39, 93, 255: 7
171, 12, 4, 255: 1
240, 87, 45, 255: 2
247, 58, 120, 255: 71
128, 180, 41, 255: 2
31, 176, 194, 255: 71
227, 121, 38, 255: 3
0, 183, 200, 255: 1
155, 194, 32, 255: 11
178, 144, 242, 255: 1
114, 71, 115, 255: 2
132, 167, 207, 255: 1
117, 60, 227, 255: 10
147, 84, 254, 255: 2
245, 218, 114, 255: 2
63, 96, 226, 255: 7
231, 17, 236, 255: 4
242, 39, 250, 255: 5
177, 131, 118, 255: 1
191, 220, 181, 255: 22
238, 166, 238, 255: 38
130, 63, 219, 255: 40
196, 66, 163, 255: 4
55, 209, 209, 255: 2
213, 224, 198, 255: 9
29, 102, 228, 255: 9
242, 200, 201, 255: 3
0, 23, 172, 255: 5
34, 3, 45, 255: 9
89, 68, 162, 255: 15
62, 139, 178, 255: 2
37, 46, 27, 255: 9
95, 50, 138, 255: 7
37, 67, 139, 255: 5
142, 247, 37, 255: 11
41, 132, 87, 255: 41
193, 99, 91, 255: 1
91, 54, 53, 255: 2
193, 152, 146, 255: 14
244, 60, 209, 255: 4
23, 99, 67, 255: 1
236, 8, 231, 255: 3
35, 71, 109, 255: 1
87, 201, 50, 255: 1
223, 0, 18, 255: 7
44, 236, 142, 255: 1
190, 6, 215, 255: 1
167, 137, 141, 255: 13
36, 86, 184, 255: 1
156, 192, 189, 255: 2
183, 27, 220, 255: 40
0, 164, 222, 255: 105
0, 112, 133, 255: 1
186, 126, 98, 255: 3
152, 197, 104, 255: 7
38, 207, 50, 255: 8
186, 203, 239, 255: 31
0, 249, 243, 255: 4
88, 84, 136, 255: 1
199, 232, 137, 255: 6
122, 206, 60, 255: 1
79, 145, 72, 255: 3
43, 48, 132, 255: 3
89, 233, 2, 255: 19
181, 80, 252, 255: 7
246, 26, 244, 255: 4
188, 201, 83, 255: 11
91, 168, 206, 255: 4
24, 132, 118, 255: 22
186, 2, 211, 255: 3
33, 139, 0, 255: 4
55, 88, 218, 255: 1
67, 163, 122, 255: 968
28, 85, 133, 255: 15
120, 42, 191, 255: 1
158, 150, 198, 255: 186
36, 201, 20, 255: 4
104, 141, 130, 255: 8
24, 114, 179, 255: 3
47, 115, 27, 255: 2
244, 243, 208, 255: 11
241, 234, 50, 255: 2
215, 162, 155, 255: 2
245, 72, 212, 255: 6
77, 124, 233, 255: 28
193, 92, 255, 255: 17
76, 54, 112, 255: 6
80, 59, 153, 255: 2
77, 193, 96, 255: 7
231, 253, 5, 255: 5
10, 212, 109, 255: 57
180, 242, 0, 255: 1
1, 176, 128, 255: 9
135, 137, 191, 255: 1
0, 42, 43, 255: 4
233, 54, 133, 255: 1
0, 1, 229, 255: 5
255, 127, 175, 255: 1
195, 11, 118, 255: 3
12, 178, 180, 255: 1
203, 253, 235, 255: 1
39, 178, 195, 255: 1
124, 51, 11, 255: 2
191, 65, 59, 255: 1
143, 96, 208, 255: 1
166, 64, 73, 255: 1
39, 240, 56, 255: 2
227, 154, 124, 255: 9
145, 128, 50, 255: 6
0, 150, 114, 255: 2
97, 193, 224, 255: 5
91, 220, 230, 255: 11
140, 74, 147, 255: 5
53, 86, 0, 255: 1
33, 186, 115, 255: 25
136, 165, 203, 255: 73
9, 216, 182, 255: 30
233, 96, 132, 255: 1
183, 65, 124, 255: 2
127, 146, 210, 255: 3
145, 124, 255, 255: 11
24, 94, 214, 255: 3
44, 165, 50, 255: 2
191, 137, 59, 255: 17
202, 85, 34, 255: 15
63, 44, 202, 255: 1
183, 74, 79, 255: 10
31, 186, 76, 255: 1
237, 118, 158, 255: 1
26, 220, 205, 255: 1
191, 49, 221, 255: 1
106, 91, 222, 255: 270
214, 125, 121, 255: 56
231, 85, 99, 255: 6
183, 112, 213, 255: 8
128, 148, 173, 255: 1
246, 255, 166, 255: 8
58, 195, 15, 255: 2
145, 79, 152, 255: 1
192, 33, 128, 255: 11
86, 85, 235, 255: 22
86, 133, 21, 255: 48
119, 84, 38, 255: 1
148, 101, 93, 255: 6
47, 84, 151, 255: 1
248, 22, 171, 255: 1
243, 197, 37, 255: 3
255, 227, 118, 255: 1
82, 254, 109, 255: 4
192, 235, 47, 255: 2
193, 59, 178, 255: 9
185, 5, 125, 255: 1
35, 221, 141, 255: 10
243, 49, 252, 255: 11
173, 235, 76, 255: 12
225, 74, 240, 255: 2
249, 176, 193, 255: 5
153, 38, 82, 255: 1
126, 75, 207, 255: 3
140, 184, 245, 255: 7
47, 66, 129, 255: 13
139, 172, 70, 255: 1
130, 79, 58, 255: 29
3, 230, 116, 255: 16
142, 255, 255, 255: 1
161, 62, 42, 255: 13
245, 132, 19, 255: 3
60, 238, 125, 255: 81
70, 221, 20, 255: 4
196, 175, 255, 255: 16
69, 251, 234, 255: 1
66, 36, 245, 255: 1
143, 88, 169, 255: 5
0, 178, 245, 255: 10
239, 248, 159, 255: 17
131, 185, 109, 255: 33
158, 81, 79, 255: 26
25, 76, 20, 255: 25
99, 170, 212, 255: 4
24, 83, 229, 255: 1
0, 214, 146, 255: 55
80, 117, 216, 255: 3
92, 215, 76, 255: 15
184, 255, 105, 255: 2
32, 182, 106, 255: 35
179, 224, 244, 255: 25
145, 149, 199, 255: 1
90, 167, 205, 255: 16
167, 38, 63, 255: 26
246, 82, 133, 255: 1
235, 11, 29, 255: 30
139, 255, 74, 255: 1
243, 180, 255, 255: 1
194, 108, 12, 255: 4
0, 93, 100, 255: 16
162, 33, 212, 255: 1
109, 254, 133, 255: 1
40, 47, 221, 255: 18
139, 160, 66, 255: 7
188, 117, 182, 255: 32
240, 208, 189, 255: 2
133, 121, 92, 255: 6
188, 205, 138, 255: 1
81, 153, 183, 255: 6
88, 122, 255, 255: 5
19, 84, 161, 255: 1
90, 114, 77, 255: 2
39, 90, 34, 255: 15
84, 241, 82, 255: 22
0, 80, 10, 255: 2
0, 250, 244, 255: 10
181, 234, 201, 255: 2
0, 36, 151, 255: 3
30, 75, 207, 255: 3
35, 182, 43, 255: 21
14, 216, 216, 255: 1
0, 151, 111, 255: 18
93, 123, 154, 255: 1
184, 45, 60, 255: 51
0, 9, 16, 255: 1
104, 169, 245, 255: 4
150, 203, 174, 255: 3
108, 165, 188, 255: 5
195, 75, 45, 255: 1
188, 238, 44, 255: 2
95, 88, 16, 255: 2
200, 168, 73, 255: 1
181, 47, 166, 255: 4
149, 255, 232, 255: 1
97, 147, 134, 255: 1
90, 148, 9, 255: 16
162, 126, 190, 255: 1
182, 111, 212, 255: 6
127, 46, 95, 255: 6
0, 91, 34, 255: 4
75, 105, 136, 255: 27
249, 244, 56, 255: 5
139, 6, 118, 255: 9
153, 153, 152, 255: 12
150, 27, 160, 255: 6
92, 151, 48, 255: 2
0, 188, 42, 255: 1
195, 91, 103, 255: 11
233, 183, 79, 255: 7
234, 248, 227, 255: 6
35, 204, 47, 255: 9
189, 108, 164, 255: 1
86, 114, 47, 255: 3
148, 41, 150, 255: 31
28, 135, 66, 255: 1
246, 105, 127, 255: 5
174, 51, 41, 255: 6
0, 185, 231, 255: 27
123, 248, 167, 255: 2
128, 23, 120, 255: 4
99, 4, 115, 255: 7
130, 45, 44, 255: 1
254, 181, 44, 255: 8
222, 65, 10, 255: 1
98, 224, 81, 255: 1
0, 209, 210, 255: 3
38, 152, 180, 255: 5
7, 222, 99, 255: 52
151, 196, 103, 255: 6
0, 226, 112, 255: 12
43, 193, 255, 255: 1
26, 138, 221, 255: 68
56, 120, 51, 255: 1
37, 255, 225, 255: 3
204, 206, 14, 255: 1
92, 30, 194, 255: 2
40, 232, 1, 255: 9
11, 56, 35, 255: 1
43, 210, 211, 255: 2
129, 221, 241, 255: 13
175, 52, 42, 255: 9
38, 193, 185, 255: 8
198, 114, 116, 255: 3
231, 167, 47, 255: 23
217, 40, 65, 255: 39
183, 32, 74, 255: 7
0, 71, 248, 255: 3
187, 199, 166, 255: 67
147, 112, 113, 255: 7
0, 12, 3, 255: 1
29, 96, 15, 255: 1
0, 113, 65, 255: 25
208, 243, 104, 255: 34
79, 121, 197, 255: 2
4, 30, 243, 255: 4
238, 73, 22, 255: 10
121, 164, 182, 255: 1
93, 51, 135, 255: 4
66, 121, 142, 255: 1
85, 28, 226, 255: 1
136, 252, 205, 255: 1
83, 203, 120, 255: 2
133, 82, 96, 255: 6
52, 123, 5, 255: 1
86, 87, 79, 255: 4
146, 146, 145, 255: 61
177, 164, 14, 255: 1
240, 237, 139, 255: 35
13, 162, 87, 255: 1115
138, 157, 221, 255: 37
85, 130, 140, 255: 1
118, 134, 218, 255: 1
38, 240, 18, 255: 3
253, 160, 104, 255: 19
255, 191, 119, 255: 1
52, 120, 186, 255: 1
247, 98, 209, 255: 1
207, 88, 195, 255: 1
0, 14, 153, 255: 4
65, 200, 176, 255: 2
0, 4, 254, 255: 1
23, 5, 52, 255: 1
141, 115, 117, 255: 15
239, 64, 4, 255: 12
131, 246, 89, 255: 1
136, 173, 122, 255: 40
77, 132, 152, 255: 6
0, 150, 199, 255: 5
229, 38, 211, 255: 1
192, 103, 130, 255: 1
87, 255, 189, 255: 3
0, 153, 236, 255: 1
228, 10, 132, 255: 1
191, 37, 73, 255: 5
0, 122, 29, 255: 1
247, 43, 83, 255: 1
134, 15, 234, 255: 2
0, 90, 54, 255: 3
197, 115, 43, 255: 1
0, 186, 41, 255: 1
22, 134, 217, 255: 29
198, 247, 127, 255: 47
176, 218, 139, 255: 13
233, 202, 238, 255: 15
41, 255, 43, 255: 1
48, 255, 11, 255: 1
86, 65, 159, 255: 15
197, 147, 47, 255: 7
189, 151, 243, 255: 2
186, 42, 160, 255: 4
253, 168, 23, 255: 15
188, 129, 203, 255: 57
12, 46, 170, 255: 36
238, 6, 113, 255: 3
138, 82, 27, 255: 1
66, 130, 61, 255: 1
154, 234, 36, 255: 4
82, 138, 192, 255: 24
186, 144, 211, 255: 3
0, 60, 15, 255: 9
237, 159, 60, 255: 1
215, 231, 18, 255: 2
200, 4, 251, 255: 1
22, 167, 150, 255: 2
38, 255, 40, 255: 3
0, 97, 173, 255: 19
0, 190, 79, 255: 1267
40, 195, 187, 255: 2
85, 91, 236, 255: 4
37, 58, 211, 255: 2
253, 150, 84, 255: 4
186, 170, 153, 255: 2
32, 218, 138, 255: 5
79, 46, 95, 255: 20
126, 177, 3, 255: 6
30, 255, 186, 255: 1
147, 130, 52, 255: 10
63, 247, 73, 255: 2
239, 233, 129, 255: 12
55, 173, 176, 255: 16
0, 151, 12, 255: 2
134, 156, 199, 255: 2
196, 179, 107, 255: 3
131, 113, 144, 255: 26
34, 66, 7, 255: 1
40, 82, 116, 255: 8
136, 210, 156, 255: 3
241, 21, 155, 255: 18
132, 132, 20, 255: 20
91, 117, 217, 255: 1
111, 19, 35, 255: 1
48, 88, 23, 255: 1
236, 69, 39, 255: 6
91, 201, 71, 255: 2
0, 111, 132, 255: 1
27, 117, 218, 255: 1
137, 41, 158, 255: 1
202, 119, 223, 255: 6
9, 128, 124, 255: 22
137, 57, 253, 255: 3
238, 26, 52, 255: 28
53, 97, 134, 255: 1
132, 253, 19, 255: 1
0, 38, 231, 255: 1104
62, 81, 104, 255: 2
129, 131, 118, 255: 1
227, 1, 176, 255: 5
203, 139, 61, 255: 2
190, 115, 130, 255: 2
85, 162, 235, 255: 1
93, 155, 31, 255: 19
24, 89, 12, 255: 1
147, 108, 131, 255: 2
248, 11, 151, 255: 3
245, 4, 94, 255: 1
73, 123, 74, 255: 3
190, 147, 43, 255: 10
243, 29, 95, 255: 2
83, 103, 161, 255: 29
230, 111, 176, 255: 20
70, 200, 210, 255: 1
41, 71, 143, 255: 31
241, 45, 149, 255: 20
0, 190, 236, 255: 13
110, 49, 19, 255: 2
236, 98, 244, 255: 1
64, 199, 175, 255: 2
183, 234, 204, 255: 1
135, 43, 255, 255: 5
185, 119, 125, 255: 2
20, 211, 99, 255: 5
210, 168, 67, 255: 1
198, 131, 73, 255: 4
145, 26, 210, 255: 1
193, 127, 133, 255: 1
248, 158, 200, 255: 2
184, 98, 2, 255: 1
72, 100, 69, 255: 1
181, 201, 79, 255: 22
240, 179, 40, 255: 1
169, 145, 115, 255: 4
239, 98, 17, 255: 4
128, 3, 144, 255: 3
0, 95, 102, 255: 12
146, 91, 19, 255: 13
168, 136, 42, 255: 4
177, 32, 4, 255: 2
246, 13, 14, 255: 2
36, 221, 255, 255: 25
146, 230, 185, 255: 2
134, 193, 160, 255: 2
26, 113, 90, 255: 1
40, 48, 102, 255: 17
180, 159, 98, 255: 3
189, 255, 255, 255: 2
63, 49, 173, 255: 1
196, 74, 82, 255: 1
244, 163, 69, 255: 8
0, 60, 130, 255: 16
142, 83, 150, 255: 13
89, 203, 255, 255: 1
198, 4, 239, 255: 3
58, 135, 71, 255: 1
0, 42, 167, 255: 27
172, 191, 70, 255: 20
255, 84, 123, 255: 2
137, 255, 5, 255: 1
146, 246, 224, 255: 2
144, 173, 211, 255: 1
206, 100, 18, 255: 4
0, 175, 243, 255: 5
37, 1, 147, 255: 2
226, 229, 97, 255: 2
85, 238, 182, 255: 1
34, 71, 36, 255: 2
28, 15, 234, 255: 23
29, 137, 123, 255: 6
236, 112, 247, 255: 1
91, 32, 132, 255: 2
34, 43, 255, 255: 13
161, 112, 196, 255: 1
178, 220, 141, 255: 11
92, 48, 216, 255: 2
177, 134, 30, 255: 1
237, 50, 65, 255: 40
128, 5, 245, 255: 9
251, 65, 226, 255: 1
41, 225, 220, 255: 15
28, 204, 31, 255: 2
190, 255, 16, 255: 2
40, 107, 165, 255: 17
232, 223, 21, 255: 35
128, 116, 252, 255: 1
160, 108, 248, 255: 10
0, 176, 47, 255: 1
129, 244, 189, 255: 7
0, 84, 150, 255: 7
38, 32, 107, 255: 3
187, 6, 211, 255: 5
135, 209, 88, 255: 25
186, 157, 57, 255: 1
36, 18, 168, 255: 39
43, 229, 185, 255: 1
206, 32, 195, 255: 1
185, 164, 232, 255: 1
126, 53, 13, 255: 2
8, 240, 194, 255: 1
184, 149, 110, 255: 25
43, 157, 221, 255: 2
75, 183, 175, 255: 17
144, 227, 255, 255: 2
0, 11, 117, 255: 213
124, 90, 146, 255: 2
101, 127, 108, 255: 4
248, 248, 248, 255: 3
184, 154, 183, 255: 1
144, 174, 93, 255: 1
15, 211, 168, 255: 1
195, 251, 162, 255: 2
180, 255, 45, 255: 1
237, 66, 194, 255: 35
186, 63, 156, 255: 7
182, 132, 32, 255: 1
0, 202, 189, 255: 7
123, 106, 173, 255: 1
0, 24, 15, 255: 1
79, 192, 33, 255: 1
123, 229, 126, 255: 2
26, 88, 41, 255: 3
37, 221, 215, 255: 12
126, 194, 97, 255: 2
198, 197, 194, 255: 1
0, 88, 52, 255: 4
106, 71, 168, 255: 2
117, 41, 32, 255: 21
183, 43, 212, 255: 2
237, 214, 33, 255: 1
32, 220, 9, 255: 5
115, 11, 18, 255: 1
83, 230, 97, 255: 5
159, 28, 250, 255: 1
39, 191, 213, 255: 2
240, 144, 7, 255: 4
240, 48, 13, 255: 7
200, 40, 183, 255: 38
139, 20, 101, 255: 3
0, 49, 119, 255: 34
139, 231, 255, 255: 17
190, 255, 247, 255: 1
79, 86, 45, 255: 1
133, 80, 216, 255: 4
75, 147, 244, 255: 1
138, 45, 133, 255: 3
42, 139, 90, 255: 7
198, 235, 226, 255: 1
236, 159, 78, 255: 1
0, 57, 169, 255: 24
182, 144, 42, 255: 7
25, 180, 172, 255: 10
137, 129, 106, 255: 11
25, 213, 2, 255: 20
51, 210, 216, 255: 1
234, 47, 97, 255: 16
241, 170, 21, 255: 29
251, 106, 231, 255: 12
196, 200, 0, 255: 1
85, 255, 14, 255: 1
126, 65, 70, 255: 2
48, 191, 119, 255: 1
81, 82, 74, 255: 1
123, 87, 233, 255: 2
143, 68, 195, 255: 2
20, 181, 139, 255: 3
133, 88, 135, 255: 3
121, 161, 209, 255: 31
75, 50, 164, 255: 13
245, 81, 132, 255: 4
140, 84, 250, 255: 8
27, 188, 146, 255: 3
236, 14, 169, 255: 2
58, 96, 79, 255: 1
38, 16, 13, 255: 2
23, 214, 102, 255: 23
239, 255, 201, 255: 2
80, 255, 185, 255: 1
194, 206, 173, 255: 5
187, 180, 108, 255: 1
136, 83, 117, 255: 1
0, 231, 84, 255: 798
190, 82, 197, 255: 7
236, 117, 182, 255: 8
187, 3, 145, 255: 15
0, 178, 211, 255: 1
138, 173, 24, 255: 1
212, 248, 211, 255: 1
37, 151, 179, 255: 6
140, 46, 254, 255: 6
239, 215, 107, 255: 1
0, 160, 85, 255: 3817
162, 66, 144, 255: 3121
247, 228, 52, 255: 3
230, 78, 244, 255: 14
147, 88, 191, 255: 3
237, 224, 116, 255: 10
4, 79, 13, 255: 1
139, 61, 244, 255: 11
189, 198, 67, 255: 25
120, 0, 185, 255: 1
30, 114, 213, 255: 7
91, 56, 7, 255: 1
102, 183, 235, 255: 3
72, 152, 58, 255: 7
39, 31, 109, 255: 3
36, 216, 130, 255: 1
70, 82, 193, 255: 8
90, 149, 46, 255: 7
184, 255, 69, 255: 1
0, 157, 215, 255: 26
68, 109, 150, 255: 3
137, 109, 13, 255: 3
144, 147, 244, 255: 1
144, 76, 24, 255: 1
116, 120, 171, 255: 16
0, 147, 63, 255: 296
63, 120, 137, 255: 2
135, 79, 245, 255: 21
135, 39, 46, 255: 15
177, 15, 166, 255: 3
144, 47, 156, 255: 1
174, 199, 146, 255: 1
173, 63, 33, 255: 3
127, 209, 66, 255: 1
169, 29, 45, 255: 1
138, 13, 26, 255: 1
206, 231, 225, 255: 1
132, 52, 137, 255: 14
27, 15, 12, 255: 5
37, 104, 162, 255: 34
83, 66, 138, 255: 7
35, 89, 48, 255: 2
0, 76, 40, 255: 2
11, 174, 232, 255: 1
238, 223, 128, 255: 2
25, 51, 6, 255: 2
182, 145, 144, 255: 2
20, 208, 253, 255: 7
86, 29, 125, 255: 11
184, 133, 255, 255: 1
26, 239, 16, 255: 2
150, 70, 10, 255: 51
141, 72, 12, 255: 1
49, 208, 214, 255: 2
144, 230, 101, 255: 50
19, 109, 174, 255: 1
184, 73, 244, 255: 2
24, 9, 129, 255: 2
198, 18, 241, 255: 99
80, 106, 240, 255: 1
0, 118, 182, 255: 2
0, 244, 50, 255: 1
206, 35, 168, 255: 2
0, 95, 137, 255: 116
0, 231, 215, 255: 3
184, 255, 244, 255: 1
80, 94, 47, 255: 78
69, 13, 174, 255: 10
175, 192, 125, 255: 1
30, 205, 117, 255: 25
5, 107, 25, 255: 3135
0, 88, 150, 255: 1
220, 153, 192, 255: 2
73, 208, 31, 255: 3
62, 191, 203, 255: 119
177, 219, 176, 255: 1
252, 112, 49, 255: 3
43, 18, 19, 255: 12
84, 102, 172, 255: 1
244, 28, 4, 255: 54
253, 254, 134, 255: 1
245, 191, 119, 255: 7
149, 194, 101, 255: 20
177, 1, 19, 255: 14
84, 255, 2, 255: 4
135, 173, 157, 255: 25
58, 63, 249, 255: 1
88, 235, 239, 255: 15
153, 186, 238, 255: 1
0, 192, 12, 255: 2
174, 219, 239, 255: 9
135, 168, 220, 255: 4
15, 184, 28, 255: 16
91, 255, 255, 255: 1
84, 155, 197, 255: 8
224, 223, 189, 255: 1
194, 252, 225, 255: 2
0, 23, 177, 255: 1
139, 164, 151, 255: 3
145, 200, 14, 255: 1
183, 62, 151, 255: 4
140, 101, 88, 255: 25
231, 20, 219, 255: 3
40, 189, 186, 255: 3
70, 164, 176, 255: 1
189, 193, 249, 255: 23
124, 10, 160, 255: 12
243, 229, 214, 255: 2
99, 186, 50, 255: 4
228, 34, 237, 255: 2
185, 189, 161, 255: 3
0, 96, 35, 255: 1
184, 17, 201, 255: 132
247, 255, 12, 255: 1
62, 164, 89, 255: 185
236, 157, 234, 255: 2
134, 75, 142, 255: 127
24, 202, 17, 255: 1
246, 54, 172, 255: 1
24, 19, 46, 255: 4
30, 130, 240, 255: 9
119, 228, 70, 255: 4
26, 171, 189, 255: 6
27, 136, 157, 255: 7
180, 37, 108, 255: 9
167, 82, 169, 255: 3
169, 16, 77, 255: 1
1, 27, 240, 255: 1
31, 255, 222, 255: 8
82, 6, 182, 255: 10
0, 210, 112, 255: 1
195, 53, 5, 255: 5
245, 172, 35, 255: 4
85, 218, 234, 255: 2
249, 84, 33, 255: 11
136, 47, 67, 255: 1
102, 38, 180, 255: 1
0, 16, 96, 255: 2
0, 86, 29, 255: 1
139, 235, 115, 255: 4
181, 183, 57, 255: 1
232, 114, 215, 255: 9
137, 219, 146, 255: 1
218, 99, 63, 255: 1
85, 128, 83, 255: 10
0, 58, 170, 255: 1
0, 14, 60, 255: 3
0, 46, 214, 255: 18
208, 75, 48, 255: 9
146, 201, 15, 255: 2
180, 115, 182, 255: 1
83, 171, 244, 255: 2
97, 19, 54, 255: 1
194, 178, 161, 255: 1
40, 93, 55, 255: 6
49, 148, 15, 255: 7
255, 104, 28, 255: 2
125, 92, 81, 255: 1
0, 60, 41, 255: 1
0, 5, 199, 255: 368
184, 83, 91, 255: 1
57, 230, 48, 255: 29
78, 166, 239, 255: 2
232, 238, 50, 255: 4
27, 255, 23, 255: 1
113, 241, 3, 255: 6
29, 144, 242, 255: 1
149, 127, 108, 255: 1
0, 138, 177, 255: 102
35, 169, 14, 255: 4
35, 229, 214, 255: 6
3, 45, 119, 255: 1
246, 54, 19, 255: 20
105, 62, 248, 255: 5
29, 36, 210, 255: 2
234, 7, 230, 255: 7
187, 1, 9, 255: 19
48, 53, 239, 255: 1
82, 134, 183, 255: 2
0, 255, 249, 255: 3
14, 196, 20, 255: 1
58, 124, 194, 255: 1
191, 50, 139, 255: 1
89, 80, 63, 255: 49
230, 254, 207, 255: 3
136, 14, 99, 255: 15
112, 80, 235, 255: 2
143, 89, 97, 255: 1
119, 148, 187, 255: 1
0, 227, 236, 255: 144
232, 103, 194, 255: 3
44, 12, 182, 255: 1
0, 248, 20, 255: 50
74, 143, 40, 255: 1
186, 151, 112, 255: 23
187, 40, 60, 255: 9
188, 205, 20, 255: 86
170, 130, 150, 255: 1
233, 205, 186, 255: 1
40, 160, 154, 255: 1
50, 223, 183, 255: 5
102, 206, 148, 255: 1
11, 15, 56, 255: 1
150, 46, 99, 255: 1
61, 25, 105, 255: 2
35, 92, 140, 255: 42
41, 173, 195, 255: 5
245, 125, 238, 255: 74
80, 255, 1, 255: 2
89, 183, 255, 255: 20
234, 76, 174, 255: 1
226, 80, 59, 255: 4
133, 209, 151, 255: 5
87, 227, 247, 255: 6
158, 95, 112, 255: 2
237, 64, 102, 255: 1
76, 62, 31, 255: 1
0, 101, 79, 255: 1
183, 173, 158, 255: 24
26, 130, 219, 255: 9
84, 20, 12, 255: 5
0, 125, 32, 255: 5
248, 132, 255, 255: 1
255, 207, 111, 255: 2
34, 164, 168, 255: 59
122, 2, 187, 255: 1
152, 37, 235, 255: 1
124, 71, 243, 255: 2
133, 207, 69, 255: 2
251, 207, 145, 255: 1
68, 148, 54, 255: 4
29, 196, 113, 255: 2
191, 107, 255, 255: 13
1, 76, 49, 255: 5
0, 4, 46, 255: 1
197, 148, 231, 255: 3
130, 255, 92, 255: 1
44, 255, 230, 255: 2
171, 199, 142, 255: 2
85, 225, 245, 255: 5
58, 140, 145, 255: 2799
178, 187, 56, 255: 17
42, 151, 8, 255: 2
26, 110, 245, 255: 2
10, 41, 66, 255: 986
122, 255, 239, 255: 2
13, 44, 69, 255: 127
203, 131, 244, 255: 16
157, 63, 240, 255: 1
46, 160, 255, 255: 1
241, 143, 172, 255: 1
41, 245, 57, 255: 1
46, 37, 14, 255: 3
32, 191, 197, 255: 7
134, 128, 50, 255: 2
167, 139, 12, 255: 2
196, 192, 100, 255: 39
190, 211, 124, 255: 2
139, 110, 107, 255: 7
0, 34, 248, 255: 11
88, 75, 80, 255: 14
230, 197, 134, 255: 1
130, 207, 56, 255: 2
0, 246, 91, 255: 5
89, 23, 209, 255: 4
182, 141, 135, 255: 3
131, 104, 16, 255: 1
235, 31, 4, 255: 3
21, 80, 191, 255: 3
46, 255, 184, 255: 1
139, 248, 192, 255: 1
181, 231, 64, 255: 6
242, 12, 137, 255: 2
0, 15, 185, 255: 2
31, 8, 253, 255: 26
18, 157, 72, 255: 1
229, 152, 155, 255: 1
187, 70, 19, 255: 1
105, 145, 233, 255: 2
138, 115, 180, 255: 13
192, 226, 83, 255: 1
98, 245, 112, 255: 4
75, 26, 253, 255: 26
187, 163, 235, 255: 4
218, 225, 102, 255: 13
0, 240, 37, 255: 39
112, 131, 160, 255: 4
33, 208, 156, 255: 2
240, 171, 239, 255: 2
218, 124, 51, 255: 3
162, 198, 52, 255: 5
84, 0, 248, 255: 2
132, 230, 63, 255: 63
140, 140, 139, 255: 2
0, 67, 90, 255: 1
37, 38, 108, 255: 8
198, 224, 205, 255: 1
48, 78, 150, 255: 22
149, 141, 229, 255: 18
195, 240, 106, 255: 1
120, 122, 73, 255: 1
42, 244, 140, 255: 1
225, 126, 111, 255: 5
250, 30, 27, 255: 6
119, 19, 149, 255: 1
110, 177, 210, 255: 63
51, 83, 214, 255: 7
148, 119, 116, 255: 1
243, 84, 229, 255: 1
83, 130, 239, 255: 28
11, 97, 40, 255: 2
0, 54, 167, 255: 1
239, 52, 67, 255: 27
132, 255, 76, 255: 3
0, 44, 134, 255: 1
148, 111, 197, 255: 1
0, 114, 66, 255: 91
2, 33, 99, 255: 1
40, 4, 150, 255: 3
88, 127, 69, 255: 20
17, 221, 63, 255: 950
104, 34, 133, 255: 1
199, 254, 74, 255: 1
230, 39, 212, 255: 3
247, 186, 255, 255: 5
181, 180, 75, 255: 10
29, 204, 13, 255: 6
243, 149, 75, 255: 3
176, 180, 236, 255: 1
132, 69, 231, 255: 1
185, 29, 2, 255: 1
0, 66, 247, 255: 1
4, 79, 52, 255: 3
65, 122, 241, 255: 28
238, 93, 218, 255: 1
0, 193, 66, 255: 3
84, 167, 207, 255: 3
134, 109, 9, 255: 3
81, 55, 217, 255: 2
79, 5, 244, 255: 35
255, 232, 223, 255: 1
201, 68, 41, 255: 5
0, 149, 99, 255: 11
28, 85, 97, 255: 25
200, 218, 144, 255: 2
35, 37, 14, 255: 1
0, 62, 243, 255: 8
243, 23, 157, 255: 17
157, 69, 98, 255: 1
0, 232, 183, 255: 1
248, 24, 191, 255: 1
103, 52, 32, 255: 1
195, 207, 174, 255: 7
39, 113, 247, 255: 5
0, 237, 90, 255: 1
0, 9, 115, 255: 65
0, 65, 19, 255: 65
130, 204, 150, 255: 3
92, 164, 41, 255: 2
30, 42, 146, 255: 8
39, 255, 5, 255: 5
56, 103, 213, 255: 2
0, 180, 191, 255: 8
136, 237, 203, 255: 2
138, 199, 81, 255: 6
117, 165, 124, 255: 17
107, 29, 178, 255: 47
0, 9, 30, 255: 1
104, 215, 196, 255: 1
247, 25, 61, 255: 1
134, 57, 120, 255: 1
247, 46, 219, 255: 2
196, 76, 10, 255: 1
248, 83, 32, 255: 17
235, 161, 134, 255: 6
232, 33, 39, 255: 18
234, 233, 198, 255: 49
36, 255, 121, 255: 5
78, 57, 255, 255: 1
247, 193, 122, 255: 3
245, 228, 115, 255: 7
255, 94, 255, 255: 1
8, 83, 56, 255: 1
237, 185, 212, 255: 1
41, 242, 186, 255: 2
193, 173, 3, 255: 30
185, 50, 78, 255: 5
134, 119, 249, 255: 36
30, 224, 56, 255: 3
19, 153, 60, 255: 1
196, 55, 144, 255: 1
132, 214, 224, 255: 69
87, 115, 84, 255: 14
227, 119, 194, 255: 15
131, 188, 210, 255: 5
3, 26, 27, 255: 1
89, 132, 87, 255: 5
143, 162, 190, 255: 1
195, 200, 18, 255: 20
33, 252, 5, 255: 2
71, 13, 74, 255: 2
35, 207, 210, 255: 9
147, 217, 112, 255: 2
183, 104, 2, 255: 68
244, 65, 26, 255: 16
245, 152, 96, 255: 7
137, 166, 239, 255: 22
240, 251, 224, 255: 34
130, 62, 117, 255: 1
151, 251, 229, 255: 3
161, 90, 156, 255: 16
250, 77, 45, 255: 1
188, 74, 112, 255: 4
41, 125, 224, 255: 1
94, 255, 110, 255: 6
169, 63, 130, 255: 4
195, 99, 176, 255: 2
185, 13, 128, 255: 16
39, 71, 131, 255: 2
142, 107, 108, 255: 12
133, 255, 70, 255: 1
41, 247, 4, 255: 34
172, 93, 247, 255: 1
186, 255, 117, 255: 3
195, 56, 106, 255: 5
6, 205, 4, 255: 1460
120, 100, 33, 255: 1
0, 110, 62, 255: 116
188, 38, 79, 255: 104
145, 158, 255, 255: 1
187, 9, 220, 255: 27
224, 196, 74, 255: 6
212, 68, 249, 255: 1
187, 229, 150, 255: 2
52, 170, 212, 255: 5
186, 155, 232, 255: 6
112, 69, 216, 255: 1
1, 112, 83, 255: 2
85, 105, 163, 255: 27
231, 99, 31, 255: 1
72, 26, 96, 255: 2
93, 252, 192, 255: 2
126, 106, 39, 255: 1
180, 78, 159, 255: 5
225, 233, 6, 255: 2
129, 252, 73, 255: 3
215, 11, 206, 255: 1276
234, 22, 84, 255: 1
185, 178, 71, 255: 1
235, 246, 219, 255: 16
189, 30, 125, 255: 20
87, 206, 207, 255: 25
10, 24, 75, 255: 1
59, 75, 128, 255: 2
162, 102, 177, 255: 36
151, 20, 242, 255: 33
97, 159, 137, 255: 13
0, 24, 238, 255: 3
47, 113, 183, 255: 19
145, 89, 255, 255: 1
45, 56, 55, 255: 1
78, 31, 101, 255: 15
140, 29, 124, 255: 21
243, 238, 152, 255: 1
63, 49, 19, 255: 1
44, 148, 167, 255: 2
161, 252, 23, 255: 20
92, 20, 204, 255: 4
191, 90, 98, 255: 1
158, 205, 210, 255: 1
135, 197, 32, 255: 4
94, 173, 126, 255: 44
26, 130, 149, 255: 1
137, 43, 251, 255: 5
41, 7, 181, 255: 1
135, 236, 166, 255: 94
83, 103, 125, 255: 21
166, 70, 148, 255: 46
63, 107, 247, 255: 17
174, 114, 86, 255: 1
24, 144, 174, 255: 2
180, 11, 132, 255: 13
96, 255, 254, 255: 1
4, 159, 152, 255: 1
194, 255, 192, 255: 1
7, 250, 253, 255: 1
100, 79, 27, 255: 1
26, 60, 29, 255: 1
147, 239, 255, 255: 1
155, 208, 26, 255: 2
17, 27, 33, 255: 2
138, 228, 149, 255: 9
184, 146, 136, 255: 1
91, 197, 100, 255: 1
103, 170, 203, 255: 1
33, 37, 230, 255: 1
201, 253, 77, 255: 1
6, 23, 69, 255: 1
38, 122, 221, 255: 1
190, 86, 252, 255: 22
194, 92, 20, 255: 9
0, 127, 157, 255: 9
43, 118, 98, 255: 7
122, 228, 125, 255: 2
93, 255, 77, 255: 1
0, 249, 90, 255: 1
134, 163, 236, 255: 5
100, 149, 100, 255: 1
87, 216, 226, 255: 63
190, 128, 139, 255: 36
34, 239, 141, 255: 8
63, 38, 153, 255: 1
35, 94, 240, 255: 14
141, 122, 201, 255: 37
0, 209, 17, 255: 61
200, 128, 241, 255: 61
242, 35, 130, 255: 1
167, 43, 137, 255: 2
244, 84, 185, 255: 4
246, 46, 100, 255: 44
185, 219, 76, 255: 4
20, 132, 215, 255: 6
119, 115, 255, 255: 1
129, 255, 103, 255: 1
239, 19, 153, 255: 6
39, 156, 180, 255: 1
89, 199, 69, 255: 6
140, 208, 85, 255: 7
123, 240, 248, 255: 2
178, 39, 54, 255: 1
210, 61, 70, 255: 1
155, 172, 209, 255: 1
47, 236, 255, 255: 1
79, 204, 53, 255: 10
206, 126, 72, 255: 7
73, 57, 117, 255: 1
38, 37, 44, 255: 11
186, 173, 152, 255: 2
234, 14, 232, 255: 5
144, 45, 65, 255: 124
178, 193, 130, 255: 3
23, 8, 26, 255: 3
94, 180, 128, 255: 1
220, 161, 239, 255: 1
93, 46, 116, 255: 5
84, 244, 209, 255: 1
136, 122, 255, 255: 4
239, 136, 24, 255: 2
238, 143, 142, 255: 5
86, 96, 255, 255: 3
255, 95, 108, 255: 1
139, 158, 222, 255: 68
193, 1, 43, 255: 2
235, 78, 22, 255: 13
83, 15, 67, 255: 16
0, 33, 24, 255: 338
87, 86, 236, 255: 34
45, 167, 106, 255: 2
11, 155, 139, 255: 1
96, 217, 60, 255: 2
141, 152, 151, 255: 1
79, 214, 37, 255: 25
223, 222, 188, 255: 18
74, 138, 68, 255: 2
143, 246, 194, 255: 6
184, 201, 255, 255: 1
82, 220, 177, 255: 1
132, 81, 60, 255: 52
239, 45, 248, 255: 39
84, 223, 179, 255: 3
144, 220, 8, 255: 5
249, 215, 24, 255: 1
239, 50, 2, 255: 12
37, 255, 229, 255: 29
190, 104, 8, 255: 6
26, 118, 26, 255: 26
124, 187, 57, 255: 1
112, 199, 23, 255: 1
39, 153, 79, 255: 3
191, 203, 170, 255: 25
135, 209, 190, 255: 2
252, 173, 113, 255: 1
205, 64, 126, 255: 3
34, 129, 17, 255: 13
43, 84, 165, 255: 3
81, 165, 50, 255: 1
212, 159, 192, 255: 1
36, 73, 38, 255: 2
185, 242, 33, 255: 3
93, 144, 11, 255: 4
54, 227, 45, 255: 82
44, 15, 2, 255: 1
60, 129, 154, 255: 1
192, 247, 20, 255: 1
22, 132, 153, 255: 1
193, 71, 198, 255: 17
167, 239, 91, 255: 138
38, 140, 233, 255: 1
201, 242, 211, 255: 7
191, 97, 192, 255: 7
243, 103, 40, 255: 39
81, 93, 239, 255: 24
0, 175, 109, 255: 3
93, 62, 210, 255: 2
121, 222, 153, 255: 1
0, 51, 120, 255: 54
140, 97, 140, 255: 1
0, 133, 228, 255: 57
123, 15, 13, 255: 1
84, 175, 192, 255: 2
154, 58, 175, 255: 2
247, 203, 255, 255: 1
93, 72, 46, 255: 5
187, 161, 204, 255: 2
212, 211, 177, 255: 5
185, 37, 141, 255: 83
43, 1, 181, 255: 76
251, 205, 53, 255: 5
140, 110, 180, 255: 28
129, 87, 232, 255: 13
137, 102, 103, 255: 3
179, 221, 245, 255: 2
92, 219, 131, 255: 1
249, 119, 149, 255: 1
240, 18, 173, 255: 6
147, 208, 90, 255: 20
210, 174, 142, 255: 3855
77, 80, 25, 255: 54
229, 103, 37, 255: 1
56, 199, 190, 255: 1
198, 246, 245, 255: 1
69, 237, 148, 255: 1
209, 35, 159, 255: 2
35, 144, 165, 255: 8
199, 3, 148, 255: 53
90, 215, 175, 255: 3
119, 175, 45, 255: 7
99, 51, 168, 255: 4
186, 25, 22, 255: 1
137, 46, 131, 255: 1
249, 6, 78, 255: 1
39, 198, 67, 255: 5
239, 107, 255, 255: 2
241, 41, 248, 255: 1
247, 16, 5, 255: 7
35, 61, 16, 255: 7
12, 51, 243, 255: 17
39, 55, 20, 255: 8
67, 54, 176, 255: 1
186, 143, 39, 255: 19
0, 159, 119, 255: 162
94, 235, 254, 255: 1
18, 93, 179, 255: 1
131, 7, 30, 255: 2
142, 134, 222, 255: 11
239, 65, 188, 255: 14
192, 50, 222, 255: 2
249, 153, 255, 255: 1
95, 170, 145, 255: 2
190, 180, 129, 255: 3
148, 37, 168, 255: 3
244, 117, 15, 255: 1
0, 184, 63, 255: 2138
85, 121, 92, 255: 1
0, 207, 213, 255: 2
90, 14, 45, 255: 1
155, 191, 188, 255: 2
227, 58, 147, 255: 1
142, 249, 27, 255: 39
205, 108, 192, 255: 4
250, 198, 189, 255: 2
3, 29, 242, 255: 4
32, 136, 225, 255: 1
79, 191, 124, 255: 7
0, 69, 190, 255: 1108
35, 130, 255, 255: 1
148, 13, 138, 255: 6
41, 7, 251, 255: 2
213, 187, 165, 255: 97
0, 224, 199, 255: 1429
156, 244, 213, 255: 2
36, 225, 160, 255: 5
189, 233, 172, 255: 1
34, 255, 50, 255: 1
200, 112, 147, 255: 27
134, 144, 42, 255: 25
70, 65, 99, 255: 7
46, 104, 160, 255: 1
243, 35, 178, 255: 53
93, 166, 153, 255: 2
150, 186, 183, 255: 20
77, 239, 149, 255: 2
26, 210, 68, 255: 1
54, 109, 169, 255: 2
85, 93, 80, 255: 3
233, 134, 119, 255: 70
137, 95, 240, 255: 21
240, 24, 209, 255: 4
151, 204, 175, 255: 3
88, 57, 205, 255: 38
53, 171, 174, 255: 25
183, 217, 7, 255: 7
0, 8, 237, 255: 48
79, 112, 241, 255: 11
189, 163, 69, 255: 5
38, 84, 62, 255: 2
110, 112, 64, 255: 138
141, 88, 4, 255: 5
154, 165, 133, 255: 9
0, 48, 240, 255: 23
250, 253, 255, 255: 2
194, 149, 246, 255: 4
88, 112, 250, 255: 1
179, 246, 156, 255: 4
188, 134, 56, 255: 17
52, 59, 197, 255: 1
156, 117, 21, 255: 1
246, 120, 164, 255: 6
127, 96, 250, 255: 4
235, 144, 40, 255: 34
217, 181, 149, 255: 69
193, 255, 145, 255: 3
196, 170, 179, 255: 3
2, 121, 157, 255: 1
0, 177, 210, 255: 3
237, 70, 177, 255: 4
10, 142, 246, 255: 2
25, 197, 164, 255: 12
76, 227, 26, 255: 7
40, 255, 6, 255: 8
149, 240, 52, 255: 3
27, 235, 200, 255: 91
76, 76, 178, 255: 2
78, 233, 129, 255: 15
38, 213, 195, 255: 1
188, 33, 244, 255: 1
0, 210, 58, 255: 3
76, 90, 146, 255: 1
60, 170, 45, 255: 1
243, 31, 57, 255: 4
197, 193, 101, 255: 84
0, 161, 99, 255: 1
53, 169, 113, 255: 1
190, 177, 156, 255: 3
60, 11, 239, 255: 17
192, 137, 178, 255: 1
50, 213, 163, 255: 7
26, 168, 88, 255: 3
236, 4, 213, 255: 5
117, 242, 162, 255: 2
136, 218, 110, 255: 3
45, 140, 249, 255: 1
90, 154, 119, 255: 7
100, 143, 201, 255: 1
255, 213, 255, 255: 36
80, 39, 213, 255: 13
191, 196, 14, 255: 5
104, 20, 100, 255: 3
85, 242, 119, 255: 1
0, 221, 9, 255: 2
188, 165, 51, 255: 1
0, 43, 168, 255: 59
62, 15, 86, 255: 65
252, 38, 112, 255: 5
0, 204, 170, 255: 15
41, 120, 67, 255: 20
0, 247, 87, 255: 1
234, 142, 239, 255: 1
108, 200, 221, 255: 176
0, 162, 87, 255: 2319
19, 39, 55, 255: 5
203, 246, 160, 255: 1
84, 231, 255, 255: 2
0, 45, 204, 255: 14
81, 134, 55, 255: 1
28, 128, 49, 255: 1
175, 126, 209, 255: 1
6, 188, 166, 255: 94
0, 128, 124, 255: 67
0, 149, 74, 255: 12
29, 239, 46, 255: 47
126, 255, 19, 255: 1
131, 117, 25, 255: 1
72, 86, 39, 255: 4
0, 127, 68, 255: 1
196, 73, 166, 255: 1
252, 36, 114, 255: 1
239, 192, 252, 255: 1
239, 160, 237, 255: 5
131, 238, 16, 255: 19
40, 235, 137, 255: 1
37, 224, 61, 255: 54
192, 255, 146, 255: 1
82, 61, 35, 255: 1
186, 30, 3, 255: 2
23, 219, 175, 255: 7
119, 109, 52, 255: 1
253, 160, 1, 255: 1
247, 245, 2, 255: 4
29, 159, 163, 255: 76
0, 126, 101, 255: 1
2, 71, 192, 255: 1
150, 167, 243, 255: 39
130, 4, 184, 255: 1
135, 225, 146, 255: 42
174, 38, 221, 255: 1
102, 247, 126, 255: 4
241, 137, 89, 255: 9
19, 51, 75, 255: 8
34, 226, 148, 255: 1
250, 83, 190, 255: 3
181, 55, 238, 255: 7
141, 67, 75, 255: 9
49, 87, 70, 255: 25
138, 81, 166, 255: 1
0, 244, 140, 255: 63
194, 29, 231, 255: 1
240, 30, 1, 255: 1
243, 111, 79, 255: 7
225, 93, 25, 255: 1
241, 55, 242, 255: 1
234, 106, 52, 255: 1
254, 136, 91, 255: 10
77, 118, 158, 255: 10
222, 233, 12, 255: 1
87, 95, 82, 255: 4
35, 222, 59, 255: 20
236, 255, 59, 255: 3
232, 198, 183, 255: 1
155, 51, 218, 255: 101
95, 95, 171, 255: 1
0, 182, 126, 255: 3
132, 126, 202, 255: 2
197, 110, 235, 255: 1
255, 16, 39, 255: 1
144, 8, 115, 255: 4
85, 80, 114, 255: 9
16, 237, 54, 255: 1
25, 115, 216, 255: 3
0, 85, 118, 255: 65
188, 4, 146, 255: 2
88, 10, 198, 255: 16
36, 113, 218, 255: 1
248, 99, 245, 255: 3
244, 77, 47, 255: 9
235, 139, 139, 255: 2
198, 172, 181, 255: 2
192, 193, 150, 255: 12
251, 164, 74, 255: 1
140, 41, 61, 255: 37
234, 102, 34, 255: 2
74, 102, 35, 255: 12
182, 34, 138, 255: 30
216, 227, 202, 255: 33
94, 2, 83, 255: 1
114, 55, 124, 255: 9
15, 205, 94, 255: 1
140, 13, 202, 255: 16
133, 187, 111, 255: 13
87, 166, 119, 255: 23
0, 105, 190, 255: 15
84, 87, 133, 255: 2
81, 240, 253, 255: 1
165, 135, 165, 255: 2
0, 0, 250, 255: 2
162, 11, 18, 255: 4
120, 231, 172, 255: 11
30, 214, 72, 255: 2
0, 102, 12, 255: 6
199, 149, 49, 255: 4
182, 174, 221, 255: 99
86, 116, 147, 255: 39
0, 233, 217, 255: 24
63, 228, 237, 255: 1
162, 13, 119, 255: 20
166, 138, 11, 255: 16
55, 71, 124, 255: 1
232, 121, 97, 255: 8
59, 205, 38, 255: 31
214, 254, 184, 255: 55
128, 190, 25, 255: 28
204, 187, 75, 255: 31
167, 43, 34, 255: 2
77, 19, 116, 255: 1
188, 86, 14, 255: 5
9, 161, 184, 255: 1
0, 252, 58, 255: 156
37, 168, 53, 255: 1
43, 163, 40, 255: 3
190, 76, 12, 255: 2
140, 89, 103, 255: 27
26, 204, 240, 255: 1
94, 106, 107, 255: 4
177, 247, 35, 255: 2
150, 254, 129, 255: 7
95, 179, 175, 255: 1
0, 16, 122, 255: 111
185, 110, 22, 255: 3
22, 37, 240, 255: 4
0, 145, 164, 255: 1
75, 171, 52, 255: 1
125, 127, 114, 255: 1
137, 203, 154, 255: 5
247, 220, 244, 255: 1
129, 240, 206, 255: 1
156, 85, 151, 255: 4
135, 54, 103, 255: 1
44, 125, 254, 255: 3
66, 245, 130, 255: 1
91, 105, 58, 255: 1
39, 184, 202, 255: 11
86, 89, 34, 255: 7
131, 23, 124, 255: 1
21, 237, 113, 255: 19
185, 255, 43, 255: 18
255, 240, 145, 255: 1
0, 152, 9, 255: 1
0, 35, 218, 255: 9
127, 41, 22, 255: 51
83, 158, 133, 255: 8
164, 57, 126, 255: 23
81, 92, 49, 255: 1
91, 183, 133, 255: 2
83, 61, 119, 255: 47
255, 237, 171, 255: 4
91, 84, 12, 255: 1
243, 182, 7, 255: 16
244, 71, 109, 255: 9
42, 103, 129, 255: 4
192, 80, 181, 255: 4
242, 244, 51, 255: 13
89, 248, 188, 255: 1
37, 61, 21, 255: 4
132, 136, 32, 255: 1
133, 17, 207, 255: 3
23, 19, 148, 255: 1
0, 92, 1, 255: 159
249, 111, 230, 255: 3
255, 242, 245, 255: 15
186, 170, 50, 255: 51
131, 204, 48, 255: 69
0, 178, 14, 255: 1
0, 174, 108, 255: 24
236, 47, 255, 255: 25
35, 255, 61, 255: 3
100, 171, 213, 255: 1
182, 51, 12, 255: 10
97, 165, 109, 255: 2
186, 88, 67, 255: 20
60, 255, 219, 255: 2
0, 47, 117, 255: 117
14, 117, 34, 255: 1
204, 195, 250, 255: 2
244, 68, 128, 255: 5
92, 242, 190, 255: 3
74, 154, 95, 255: 1
78, 178, 3, 255: 45
0, 202, 1, 255: 165
29, 58, 240, 255: 2
0, 30, 179, 255: 30
85, 29, 6, 255: 1
114, 57, 224, 255: 6
194, 195, 152, 255: 3
183, 207, 99, 255: 1
111, 13, 242, 255: 3
117, 64, 201, 255: 1
132, 15, 41, 255: 1
39, 218, 144, 255: 52
190, 166, 17, 255: 2
139, 133, 20, 255: 2
101, 207, 247, 255: 10
75, 95, 117, 255: 32
141, 111, 181, 255: 40
42, 172, 176, 255: 2
81, 27, 102, 255: 1
230, 117, 31, 255: 1
155, 196, 159, 255: 1
204, 19, 133, 255: 2
35, 18, 83, 255: 50
51, 101, 92, 255: 7
86, 108, 228, 255: 33
162, 77, 164, 255: 8
138, 249, 6, 255: 6
61, 146, 250, 255: 65
177, 139, 37, 255: 4
91, 87, 139, 255: 1
0, 203, 3, 255: 993
181, 41, 210, 255: 6
139, 32, 141, 255: 17
142, 238, 16, 255: 1
39, 13, 252, 255: 7
92, 3, 183, 255: 66
1, 184, 47, 255: 3
40, 254, 5, 255: 5
195, 93, 174, 255: 1
0, 114, 7, 255: 1
182, 183, 140, 255: 92
0, 85, 216, 255: 10
85, 63, 19, 255: 1
139, 4, 26, 255: 21
84, 213, 40, 255: 1
137, 10, 255, 255: 1
1, 197, 194, 255: 1
213, 94, 160, 255: 1
26, 214, 39, 255: 7
100, 55, 40, 255: 1
24, 97, 121, 255: 1
110, 70, 213, 255: 1
245, 158, 170, 255: 1
141, 151, 49, 255: 13
144, 245, 211, 255: 2
0, 4, 76, 255: 36
37, 247, 90, 255: 1
160, 245, 77, 255: 2
0, 93, 190, 255: 1
254, 157, 240, 255: 1
128, 6, 91, 255: 8
194, 75, 182, 255: 186
135, 248, 205, 255: 1
37, 140, 255, 255: 3
62, 51, 17, 255: 1
178, 173, 226, 255: 1
17, 197, 75, 255: 2
93, 53, 81, 255: 2
136, 193, 215, 255: 5
143, 164, 70, 255: 5
133, 224, 61, 255: 1
0, 196, 152, 255: 28
230, 64, 98, 255: 1
11, 9, 135, 255: 1
51, 100, 52, 255: 24
41, 190, 187, 255: 1
236, 57, 18, 255: 33
148, 134, 145, 255: 3
9, 141, 245, 255: 1
64, 168, 191, 255: 2
125, 146, 17, 255: 5
173, 55, 150, 255: 1
12, 38, 251, 255: 1
90, 242, 178, 255: 1
190, 255, 202, 255: 1
222, 112, 88, 255: 2
0, 197, 86, 255: 2005
238, 137, 59, 255: 9
36, 145, 12, 255: 1
0, 156, 205, 255: 2019
85, 250, 255, 255: 5
147, 120, 32, 255: 31
94, 62, 2, 255: 5
51, 194, 225, 255: 4
0, 91, 35, 255: 21
39, 96, 144, 255: 9
95, 246, 91, 255: 14
216, 100, 9, 255: 37
130, 179, 53, 255: 1
238, 40, 192, 255: 1
92, 0, 81, 255: 2
183, 41, 249, 255: 7
248, 136, 160, 255: 42
51, 155, 178, 255: 1
163, 210, 73, 255: 4
78, 153, 25, 255: 1
177, 176, 71, 255: 2
96, 198, 4, 255: 2
146, 52, 4, 255: 3
82, 149, 213, 255: 6
93, 36, 234, 255: 1
237, 171, 91, 255: 6
95, 52, 238, 255: 36
86, 40, 26, 255: 7
0, 122, 251, 255: 38
237, 19, 79, 255: 2
46, 219, 76, 255: 1
89, 174, 20, 255: 1
194, 47, 67, 255: 21
188, 150, 48, 255: 3
128, 113, 243, 255: 27
238, 98, 155, 255: 4
0, 255, 126, 255: 1
4, 132, 78, 255: 1
138, 75, 92, 255: 4
144, 117, 29, 255: 37
139, 232, 97, 255: 1
112, 113, 168, 255: 1
0, 73, 194, 255: 1062
201, 170, 247, 255: 8
228, 65, 2, 255: 1
84, 222, 255, 255: 968
137, 78, 181, 255: 10
40, 89, 226, 255: 8
253, 88, 37, 255: 2
245, 31, 105, 255: 5
177, 13, 39, 255: 3
179, 149, 178, 255: 5
242, 65, 89, 255: 33
118, 229, 170, 255: 1
35, 67, 194, 255: 2
0, 142, 58, 255: 1256
183, 15, 97, 255: 1
198, 200, 48, 255: 1
235, 173, 71, 255: 1
83, 191, 183, 255: 7
173, 190, 123, 255: 3
43, 253, 163, 255: 1
17, 78, 32, 255: 1
50, 55, 241, 255: 2
196, 80, 131, 255: 1
39, 108, 45, 255: 1
183, 233, 101, 255: 9
240, 149, 81, 255: 39
0, 38, 128, 255: 5
191, 175, 158, 255: 3
225, 145, 204, 255: 1
59, 141, 146, 255: 3436
132, 198, 12, 255: 2
79, 216, 137, 255: 31
196, 16, 137, 255: 1
26, 244, 218, 255: 38
250, 132, 87, 255: 19
61, 30, 76, 255: 3
0, 168, 68, 255: 3
80, 207, 119, 255: 68
0, 75, 163, 255: 12
186, 145, 139, 255: 6
187, 229, 253, 255: 1
36, 139, 56, 255: 7
72, 102, 133, 255: 6
32, 223, 111, 255: 31
191, 245, 22, 255: 2
94, 18, 49, 255: 2
50, 237, 74, 255: 7
32, 91, 237, 255: 7
125, 69, 4, 255: 2
253, 25, 248, 255: 5
34, 159, 94, 255: 3
0, 137, 176, 255: 84
253, 207, 55, 255: 3
180, 189, 58, 255: 36
203, 43, 186, 255: 20
105, 117, 79, 255: 77
111, 93, 126, 255: 5
96, 85, 152, 255: 1
104, 116, 220, 255: 1
238, 235, 101, 255: 15
79, 7, 88, 255: 2
225, 31, 235, 255: 9
94, 131, 120, 255: 23
136, 187, 243, 255: 4
189, 133, 222, 255: 9
162, 38, 29, 255: 1064
227, 166, 247, 255: 1
33, 241, 206, 255: 18
213, 111, 152, 255: 1
185, 112, 79, 255: 1
82, 53, 235, 255: 1
239, 255, 156, 255: 1
90, 164, 103, 255: 9
0, 53, 170, 255: 2
186, 215, 39, 255: 1
233, 228, 32, 255: 2
229, 31, 73, 255: 6
222, 103, 67, 255: 1
15, 88, 179, 255: 1
87, 76, 255, 255: 1
237, 255, 24, 255: 5
227, 215, 69, 255: 1
250, 55, 50, 255: 5
88, 252, 77, 255: 1
104, 216, 157, 255: 1
175, 200, 44, 255: 3
200, 196, 104, 255: 30
79, 252, 69, 255: 17
93, 142, 93, 255: 2
236, 180, 227, 255: 20
221, 191, 227, 255: 1
87, 168, 220, 255: 6
156, 148, 196, 255: 855
171, 70, 206, 255: 2
243, 2, 245, 255: 2
83, 167, 52, 255: 4
89, 255, 42, 255: 1
88, 102, 193, 255: 2
210, 121, 117, 255: 6
149, 255, 22, 255: 1
141, 78, 248, 255: 3
35, 42, 78, 255: 4
255, 126, 137, 255: 1
231, 225, 121, 255: 2
0, 73, 96, 255: 22
159, 99, 214, 255: 1
60, 197, 17, 255: 3
243, 96, 49, 255: 2
0, 139, 89, 255: 4
228, 172, 66, 255: 1
31, 148, 80, 255: 8
195, 232, 187, 255: 5
184, 3, 115, 255: 4
183, 96, 119, 255: 2
213, 253, 183, 255: 70
108, 253, 247, 255: 33
0, 154, 169, 255: 11
196, 33, 231, 255: 4
0, 135, 16, 255: 26
46, 76, 148, 255: 29
199, 234, 237, 255: 5
128, 255, 125, 255: 2
30, 177, 38, 255: 8
38, 1, 112, 255: 3
25, 255, 102, 255: 1
42, 6, 254, 255: 2
238, 155, 218, 255: 2
252, 41, 85, 255: 2
103, 43, 152, 255: 4
159, 44, 88, 255: 1
93, 212, 213, 255: 1
132, 48, 230, 255: 1
151, 99, 23, 255: 1
188, 255, 119, 255: 4
0, 74, 251, 255: 3
240, 210, 128, 255: 2
255, 217, 232, 255: 4
87, 90, 35, 255: 4
191, 11, 234, 255: 21
202, 22, 245, 255: 23
0, 205, 226, 255: 27
111, 0, 250, 255: 4
236, 255, 139, 255: 29
0, 224, 8, 255: 1
141, 161, 79, 255: 3
143, 163, 81, 255: 1
0, 216, 58, 255: 174
34, 27, 186, 255: 1
53, 121, 33, 255: 1
0, 54, 239, 255: 1
102, 42, 151, 255: 10
183, 49, 65, 255: 3
2, 165, 6, 255: 1
212, 186, 49, 255: 1
0, 75, 132, 255: 1
230, 147, 246, 255: 3
53, 58, 244, 255: 1
154, 187, 85, 255: 1
91, 177, 125, 255: 6
133, 52, 230, 255: 1
0, 5, 42, 255: 26
20, 5, 23, 255: 7
28, 15, 131, 255: 3
0, 37, 161, 255: 18
246, 174, 246, 255: 3
247, 31, 7, 255: 160
33, 233, 66, 255: 10
50, 255, 35, 255: 1
74, 251, 73, 255: 1
220, 211, 10, 255: 5
222, 53, 245, 255: 1
137, 35, 76, 255: 1
176, 183, 209, 255: 3
143, 255, 90, 255: 1
0, 63, 176, 255: 13
235, 66, 74, 255: 1
73, 48, 8, 255: 2
152, 64, 195, 255: 1
0, 75, 74, 255: 11
84, 18, 204, 255: 3
74, 207, 188, 255: 1
210, 138, 211, 255: 3
229, 196, 169, 255: 1
161, 106, 34, 255: 1
104, 140, 214, 255: 1
147, 29, 128, 255: 14
2, 0, 13, 255: 2
241, 10, 255, 255: 16
80, 67, 72, 255: 1
75, 42, 245, 255: 3
122, 24, 252, 255: 3
28, 131, 84, 255: 2
245, 234, 225, 255: 18
243, 87, 202, 255: 39
245, 2, 227, 255: 1
30, 84, 126, 255: 13
90, 201, 137, 255: 1
127, 223, 249, 255: 2
26, 201, 113, 255: 4
128, 80, 157, 255: 1
92, 239, 106, 255: 16
241, 186, 13, 255: 3
143, 137, 255, 255: 2
195, 215, 93, 255: 2
193, 62, 23, 255: 14
34, 29, 56, 255: 2
253, 72, 45, 255: 28
252, 222, 148, 255: 27
188, 254, 211, 255: 4
0, 219, 28, 255: 1
135, 204, 254, 255: 3
96, 83, 88, 255: 7
112, 83, 81, 255: 1
49, 74, 205, 255: 1
189, 180, 10, 255: 1
7, 192, 115, 255: 2
182, 18, 44, 255: 19
198, 96, 24, 255: 4
79, 3, 179, 255: 9
2, 209, 215, 255: 1
86, 125, 102, 255: 31
155, 130, 243, 255: 1
188, 154, 252, 255: 7
142, 73, 13, 255: 1
0, 227, 45, 255: 3
84, 51, 100, 255: 11
191, 52, 255, 255: 15
102, 40, 50, 255: 5
84, 78, 214, 255: 8
95, 214, 97, 255: 2
237, 53, 202, 255: 2
92, 254, 164, 255: 1
192, 80, 217, 255: 3
24, 70, 7, 255: 1
196, 121, 33, 255: 4
162, 25, 139, 255: 18
228, 129, 114, 255: 12
54, 225, 240, 255: 1
213, 122, 19, 255: 1
200, 221, 117, 255: 1
144, 226, 118, 255: 4
237, 197, 113, 255: 2
18, 136, 68, 255: 1
139, 240, 206, 255: 3
250, 85, 34, 255: 5
87, 187, 48, 255: 16
234, 128, 118, 255: 1
138, 63, 88, 255: 2
185, 38, 58, 255: 2
135, 76, 179, 255: 4
190, 60, 157, 255: 9
47, 132, 121, 255: 5
189, 212, 188, 255: 8
16, 127, 212, 255: 28
0, 59, 129, 255: 1
85, 86, 78, 255: 1
134, 73, 78, 255: 40
225, 125, 8, 255: 1
139, 255, 225, 255: 7
0, 136, 176, 255: 4
137, 187, 60, 255: 21
78, 70, 41, 255: 6
8, 83, 17, 255: 3
141, 223, 13, 255: 6
236, 255, 37, 255: 4
197, 180, 108, 255: 6
185, 1, 143, 255: 3
75, 238, 45, 255: 26
21, 254, 105, 255: 1
137, 90, 82, 255: 5
216, 37, 220, 255: 1
94, 155, 150, 255: 1
250, 19, 8, 255: 1
76, 29, 99, 255: 3
240, 149, 45, 255: 3
35, 182, 7, 255: 43
70, 202, 56, 255: 7
162, 13, 16, 255: 1
224, 103, 70, 255: 1
41, 78, 255, 255: 22
31, 55, 50, 255: 6
136, 47, 185, 255: 1
243, 37, 14, 255: 1
44, 35, 131, 255: 2
133, 58, 83, 255: 1
241, 121, 234, 255: 22
166, 78, 67, 255: 75
174, 158, 38, 255: 1
18, 191, 74, 255: 2
136, 190, 114, 255: 4
66, 146, 52, 255: 1
50, 135, 22, 255: 1
255, 94, 73, 255: 1
20, 123, 40, 255: 4
162, 124, 90, 255: 1
129, 147, 74, 255: 1
67, 188, 32, 255: 2
250, 182, 12, 255: 14
181, 190, 59, 255: 48
236, 2, 46, 255: 3
76, 244, 94, 255: 1
255, 18, 228, 255: 3
171, 4, 188, 255: 1
0, 127, 89, 255: 26
95, 118, 119, 255: 2
189, 25, 51, 255: 31
250, 177, 40, 255: 9
194, 20, 56, 255: 3
239, 23, 208, 255: 8
195, 220, 38, 255: 2
147, 188, 151, 255: 4
25, 129, 183, 255: 1
3, 158, 151, 255: 4
81, 191, 26, 255: 110
236, 142, 68, 255: 6
185, 136, 117, 255: 1
84, 248, 73, 255: 2
231, 124, 233, 255: 4
41, 4, 115, 255: 1
30, 197, 114, 255: 1
140, 210, 212, 255: 1
130, 107, 70, 255: 13
167, 168, 127, 255: 2
193, 197, 253, 255: 7
39, 98, 209, 255: 11
144, 132, 103, 255: 1
35, 32, 77, 255: 2
183, 194, 234, 255: 2
44, 103, 214, 255: 1
88, 215, 127, 255: 7
103, 156, 224, 255: 2
155, 128, 102, 255: 1
243, 232, 223, 255: 21
40, 7, 97, 255: 14
82, 170, 243, 255: 1
185, 210, 157, 255: 14
27, 47, 63, 255: 18
147, 153, 221, 255: 21
143, 12, 234, 255: 2
184, 12, 127, 255: 17
187, 175, 172, 255: 2
99, 205, 245, 255: 27
122, 149, 242, 255: 2
183, 250, 195, 255: 14
231, 157, 130, 255: 1
37, 6, 48, 255: 3
9, 10, 81, 255: 1
203, 35, 11, 255: 16
0, 152, 132, 255: 3
215, 143, 216, 255: 1
8, 229, 46, 255: 1
27, 189, 29, 255: 1
0, 104, 146, 255: 111
193, 33, 176, 255: 4
176, 171, 189, 255: 1
101, 100, 250, 255: 2
143, 230, 255, 255: 19
151, 63, 91, 255: 17
8, 92, 192, 255: 1
37, 169, 191, 255: 1
195, 95, 121, 255: 84
39, 15, 96, 255: 1
0, 27, 78, 255: 2
243, 9, 155, 255: 2
189, 255, 107, 255: 4
124, 153, 191, 255: 4
30, 254, 195, 255: 1
246, 136, 156, 255: 1
199, 158, 152, 255: 2
208, 227, 10, 255: 1
184, 193, 97, 255: 10
93, 172, 125, 255: 55
84, 180, 35, 255: 3
0, 129, 65, 255: 1
232, 91, 10, 255: 6
90, 182, 234, 255: 4
69, 245, 7, 255: 1032
43, 77, 82, 255: 1
0, 38, 98, 255: 55
255, 88, 3, 255: 1
241, 195, 188, 255: 5
93, 76, 148, 255: 31
241, 60, 187, 255: 4
0, 185, 147, 255: 1
189, 253, 255, 255: 33
83, 122, 64, 255: 54
32, 68, 208, 255: 2
215, 251, 214, 255: 32
85, 86, 69, 255: 2
250, 165, 173, 255: 4
37, 184, 45, 255: 20
86, 117, 183, 255: 12
92, 188, 145, 255: 1
192, 204, 207, 255: 1
26, 198, 47, 255: 1
232, 212, 1, 255: 78
65, 244, 129, 255: 1
23, 178, 68, 255: 2
148, 117, 51, 255: 2
239, 220, 44, 255: 21
27, 131, 150, 255: 1
96, 9, 31, 255: 23
197, 136, 2, 255: 2
178, 8, 94, 255: 10
124, 65, 132, 255: 3
138, 54, 133, 255: 13
193, 253, 142, 255: 23
0, 116, 44, 255: 7
15, 135, 129, 255: 1
251, 76, 16, 255: 1
255, 85, 222, 255: 1
23, 107, 206, 255: 2
0, 147, 38, 255: 1
28, 186, 174, 255: 1
239, 255, 4, 255: 1
0, 79, 13, 255: 2
25, 21, 150, 255: 6
136, 118, 252, 255: 1
229, 146, 209, 255: 3
79, 244, 252, 255: 5
147, 26, 28, 255: 1
76, 201, 14, 255: 3
77, 149, 26, 255: 1
32, 212, 90, 255: 6
190, 231, 200, 255: 29
31, 82, 26, 255: 225
83, 36, 106, 255: 41
212, 63, 214, 255: 1
139, 158, 186, 255: 6
31, 107, 75, 255: 9
235, 169, 207, 255: 2
188, 248, 137, 255: 3
209, 242, 74, 255: 2
0, 11, 48, 255: 6
38, 59, 212, 255: 1
245, 69, 129, 255: 6
146, 162, 137, 255: 1
243, 191, 182, 255: 7
0, 46, 205, 255: 772
0, 16, 130, 255: 3
41, 78, 43, 255: 1
0, 106, 148, 255: 33
234, 223, 178, 255: 48
196, 111, 116, 255: 1
138, 113, 13, 255: 2
239, 193, 186, 255: 10
39, 83, 135, 255: 6
170, 149, 88, 255: 2
136, 183, 214, 255: 1
180, 174, 137, 255: 1
79, 255, 197, 255: 2
140, 73, 111, 255: 1
190, 43, 182, 255: 5
30, 70, 41, 255: 15
0, 169, 137, 255: 183
238, 182, 229, 255: 11
87, 136, 160, 255: 1
35, 210, 122, 255: 21
82, 247, 153, 255: 4
87, 55, 148, 255: 1
23, 16, 201, 255: 5
93, 69, 73, 255: 1
90, 18, 19, 255: 16
88, 122, 167, 255: 3
190, 218, 161, 255: 2
152, 78, 86, 255: 1
50, 201, 143, 255: 4
192, 151, 43, 255: 2
134, 48, 64, 255: 7
166, 45, 135, 255: 1
32, 102, 120, 255: 2
145, 198, 16, 255: 2
12, 249, 144, 255: 64
183, 208, 155, 255: 11
74, 0, 239, 255: 11
22, 71, 208, 255: 4
135, 112, 255, 255: 1
31, 171, 2, 255: 3
113, 152, 201, 255: 10
75, 1, 19, 255: 1
245, 250, 155, 255: 1
93, 248, 26, 255: 10
155, 112, 48, 255: 1
127, 24, 183, 255: 18
33, 98, 57, 255: 17
34, 226, 215, 255: 6
91, 9, 219, 255: 1
195, 131, 53, 255: 2
82, 46, 161, 255: 12
96, 6, 49, 255: 1
155, 122, 182, 255: 5
95, 197, 223, 255: 1
28, 73, 77, 255: 2
132, 237, 173, 255: 5
85, 152, 78, 255: 2
9, 123, 50, 255: 5
196, 165, 242, 255: 59
200, 241, 57, 255: 2
0, 223, 232, 255: 17
34, 201, 118, 255: 17
193, 219, 165, 255: 1
135, 197, 170, 255: 5
0, 194, 117, 255: 127
255, 175, 60, 255: 1
182, 51, 233, 255: 14
184, 195, 235, 255: 1
42, 255, 8, 255: 1
249, 255, 78, 255: 1
236, 206, 21, 255: 27
22, 136, 62, 255: 3
89, 175, 123, 255: 10
0, 189, 167, 255: 22
0, 77, 100, 255: 2
171, 28, 99, 255: 1
143, 113, 183, 255: 38
233, 150, 213, 255: 13
134, 185, 241, 255: 2
6, 92, 188, 255: 33
135, 24, 155, 255: 2
85, 89, 52, 255: 1
136, 223, 46, 255: 4
43, 106, 77, 255: 12
177, 43, 126, 255: 1
209, 145, 129, 255: 1
131, 238, 237, 255: 33
137, 141, 37, 255: 4
38, 130, 140, 255: 1
40, 215, 127, 255: 3
199, 79, 13, 255: 1
205, 168, 176, 255: 1
172, 19, 80, 255: 4
184, 6, 181, 255: 20
186, 151, 147, 255: 4
31, 128, 79, 255: 6
143, 145, 199, 255: 2
136, 39, 241, 255: 1
32, 255, 119, 255: 1
215, 21, 225, 255: 30
0, 240, 101, 255: 52
0, 123, 119, 255: 149
91, 142, 9, 255: 12
140, 88, 114, 255: 1
161, 170, 40, 255: 13
233, 227, 123, 255: 3
0, 225, 13, 255: 2
2, 231, 215, 255: 1
165, 69, 147, 255: 2916
170, 77, 22, 255: 1
236, 31, 144, 255: 1
194, 83, 254, 255: 1
174, 111, 87, 255: 1
163, 103, 178, 255: 23
213, 124, 17, 255: 2
95, 2, 203, 255: 3
217, 208, 7, 255: 76
0, 159, 128, 255: 1
117, 77, 65, 255: 6
134, 130, 115, 255: 1
43, 58, 107, 255: 1
130, 245, 88, 255: 1
75, 163, 15, 255: 3
179, 95, 180, 255: 3
181, 140, 32, 255: 3
59, 34, 252, 255: 1
182, 73, 78, 255: 6
27, 191, 129, 255: 7
116, 112, 252, 255: 1
192, 120, 131, 255: 2
0, 80, 168, 255: 56
143, 225, 255, 255: 1
156, 27, 91, 255: 1
251, 192, 116, 255: 1
187, 39, 143, 255: 81
69, 232, 39, 255: 5
31, 236, 231, 255: 2
10, 80, 241, 255: 1
131, 47, 229, 255: 1
121, 181, 173, 255: 2
183, 30, 229, 255: 4
0, 90, 221, 255: 134
176, 17, 9, 255: 2
177, 150, 22, 255: 35
146, 228, 255, 255: 1
38, 154, 98, 255: 32
229, 163, 201, 255: 7
70, 115, 125, 255: 1
139, 45, 115, 255: 4
104, 56, 134, 255: 1133
147, 4, 218, 255: 17
182, 255, 105, 255: 1
65, 1, 251, 255: 13
2, 22, 180, 255: 1
55, 245, 140, 255: 1716
0, 216, 178, 255: 1
29, 29, 172, 255: 2
221, 66, 109, 255: 1
18, 13, 40, 255: 1
73, 156, 160, 255: 10
197, 105, 42, 255: 65
77, 149, 143, 255: 8
31, 214, 191, 255: 18
149, 157, 67, 255: 74
130, 36, 208, 255: 1
163, 61, 173, 255: 1
0, 75, 231, 255: 16
118, 202, 56, 255: 17
5, 27, 142, 255: 333292
255, 105, 29, 255: 1
100, 7, 63, 255: 1
36, 212, 39, 255: 22
251, 89, 137, 255: 1
84, 210, 67, 255: 1
82, 184, 108, 255: 59
189, 255, 15, 255: 1
104, 1, 47, 255: 5
98, 163, 137, 255: 3
100, 255, 94, 255: 1
137, 93, 184, 255: 1
42, 149, 183, 255: 104
229, 75, 178, 255: 2
185, 255, 129, 255: 1
244, 21, 185, 255: 1
91, 50, 188, 255: 2
12, 222, 30, 255: 91
101, 144, 202, 255: 1
145, 232, 255, 255: 10
42, 221, 147, 255: 41
129, 109, 78, 255: 1
245, 123, 218, 255: 3
83, 141, 157, 255: 1
135, 255, 178, 255: 1
0, 159, 50, 255: 6
237, 207, 22, 255: 31
5, 187, 11, 255: 1
0, 57, 190, 255: 4
142, 119, 184, 255: 7
29, 212, 35, 255: 12
86, 45, 219, 255: 157
120, 218, 51, 255: 2
29, 180, 19, 255: 1
0, 5, 77, 255: 200
105, 241, 210, 255: 2
38, 225, 62, 255: 58
24, 72, 174, 255: 13
142, 75, 231, 255: 9
193, 189, 250, 255: 3
107, 119, 81, 255: 108
144, 218, 164, 255: 3
223, 35, 51, 255: 1
118, 59, 128, 255: 2
97, 214, 7, 255: 38
191, 187, 255, 255: 1
92, 32, 141, 255: 13
82, 154, 184, 255: 6
129, 242, 89, 255: 1
43, 21, 18, 255: 2
40, 11, 151, 255: 9
72, 163, 78, 255: 16
192, 255, 63, 255: 5
185, 147, 9, 255: 2
0, 55, 70, 255: 1
28, 77, 214, 255: 29
188, 62, 245, 255: 3
231, 119, 41, 255: 1
22, 175, 2, 255: 2
100, 101, 93, 255: 10
138, 8, 218, 255: 35
126, 98, 156, 255: 1
216, 9, 105, 255: 1
38, 70, 94, 255: 5
144, 194, 67, 255: 27
43, 244, 60, 255: 1
0, 152, 234, 255: 104
140, 5, 130, 255: 1
0, 126, 255, 255: 1281
60, 65, 109, 255: 65
135, 255, 165, 255: 3
194, 69, 107, 255: 11
245, 205, 121, 255: 164
38, 125, 102, 255: 10
35, 69, 192, 255: 16
37, 149, 12, 255: 4
41, 253, 78, 255: 15
237, 118, 183, 255: 5
73, 18, 177, 255: 1
121, 186, 119, 255: 3
32, 240, 240, 255: 19
99, 46, 223, 255: 11
194, 255, 227, 255: 2
96, 43, 220, 255: 27
88, 32, 192, 255: 15
32, 73, 180, 255: 1
45, 209, 147, 255: 2
40, 101, 127, 255: 1
135, 61, 223, 255: 3
44, 211, 247, 255: 1
73, 145, 175, 255: 1
178, 19, 114, 255: 9
237, 255, 71, 255: 1
145, 137, 225, 255: 20
163, 254, 25, 255: 41
174, 126, 14, 255: 1
142, 171, 244, 255: 8
220, 35, 149, 255: 51
73, 252, 137, 255: 27
106, 80, 87, 255: 1
108, 126, 156, 255: 6
34, 191, 99, 255: 3
102, 32, 131, 255: 4
237, 123, 129, 255: 16
232, 149, 110, 255: 4
93, 255, 239, 255: 1
29, 196, 197, 255: 18
238, 103, 193, 255: 1
192, 113, 47, 255: 14
163, 127, 89, 255: 99
32, 31, 2, 255: 37
239, 28, 227, 255: 1
20, 98, 27, 255: 1
44, 53, 34, 255: 1
161, 137, 107, 255: 83
122, 121, 230, 255: 5
38, 66, 39, 255: 32
224, 213, 168, 255: 2
80, 155, 130, 255: 15
36, 173, 24, 255: 34
30, 213, 190, 255: 21
0, 92, 32, 255: 1
249, 75, 255, 255: 1
72, 144, 138, 255: 6
5, 36, 61, 255: 254
37, 146, 13, 255: 1
249, 248, 213, 255: 3
62, 54, 245, 255: 1
191, 184, 10, 255: 2
0, 154, 246, 255: 1
146, 7, 15, 255: 1
234, 63, 89, 255: 1
238, 44, 64, 255: 1
232, 94, 240, 255: 3
183, 228, 248, 255: 20
94, 190, 147, 255: 2
173, 222, 0, 255: 1
84, 126, 202, 255: 1
200, 255, 255, 255: 1
244, 195, 201, 255: 31
244, 23, 139, 255: 1
134, 171, 120, 255: 59
152, 130, 111, 255: 1
236, 255, 188, 255: 1
109, 78, 17, 255: 1
121, 164, 54, 255: 1
36, 51, 254, 255: 2
187, 73, 76, 255: 2
225, 180, 237, 255: 2
70, 32, 13, 255: 1
78, 111, 240, 255: 5
0, 184, 132, 255: 2
123, 130, 150, 255: 3
49, 156, 190, 255: 11
204, 44, 146, 255: 1
74, 61, 183, 255: 14
31, 214, 37, 255: 10
182, 235, 202, 255: 1
212, 151, 233, 255: 4
95, 80, 97, 255: 1
79, 231, 131, 255: 1
197, 102, 60, 255: 1
9, 78, 199, 255: 37
241, 187, 115, 255: 11
170, 152, 190, 255: 1
142, 15, 32, 255: 14
47, 214, 131, 255: 3
197, 240, 52, 255: 11
230, 177, 169, 255: 1
198, 63, 194, 255: 5
157, 38, 226, 255: 1
180, 197, 12, 255: 4
108, 30, 179, 255: 39
76, 93, 16, 255: 1
247, 255, 204, 255: 5
53, 216, 166, 255: 4
77, 122, 132, 255: 1
238, 232, 128, 255: 11
73, 52, 110, 255: 1
138, 71, 227, 255: 48
235, 113, 208, 255: 7
102, 35, 192, 255: 38
90, 207, 0, 255: 5
132, 90, 255, 255: 2
231, 10, 126, 255: 15
237, 231, 127, 255: 5
90, 39, 58, 255: 6
143, 0, 213, 255: 7
183, 60, 50, 255: 21
152, 81, 187, 255: 19
211, 17, 221, 255: 50
227, 39, 55, 255: 15
5, 14, 149, 255: 1
249, 224, 46, 255: 1
82, 255, 48, 255: 1
243, 219, 213, 255: 19
146, 102, 193, 255: 3
236, 147, 141, 255: 111
46, 28, 178, 255: 1
241, 178, 196, 255: 27
0, 33, 217, 255: 1
179, 139, 194, 255: 1
114, 233, 85, 255: 62
191, 89, 200, 255: 2
133, 225, 245, 255: 41
144, 29, 227, 255: 19
93, 11, 185, 255: 3
93, 117, 255, 255: 1
46, 167, 52, 255: 3
146, 136, 125, 255: 116
224, 73, 239, 255: 7
18, 116, 128, 255: 1
237, 142, 243, 255: 1
138, 79, 146, 255: 51
236, 190, 30, 255: 6
233, 240, 116, 255: 29
250, 201, 207, 255: 39
84, 168, 53, 255: 10
127, 11, 98, 255: 1
57, 134, 70, 255: 23
234, 89, 214, 255: 1
123, 50, 10, 255: 1
134, 227, 128, 255: 1
87, 175, 221, 255: 5
218, 220, 28, 255: 24
135, 206, 53, 255: 1
182, 48, 64, 255: 4
147, 204, 108, 255: 3
244, 235, 33, 255: 23
87, 117, 148, 255: 24
98, 118, 30, 255: 20
31, 255, 60, 255: 1
182, 216, 108, 255: 3
143, 4, 12, 255: 4
0, 27, 18, 255: 18
139, 252, 209, 255: 2
151, 47, 100, 255: 1
46, 255, 9, 255: 2
146, 124, 105, 255: 10
0, 106, 58, 255: 235
79, 222, 110, 255: 3
82, 63, 117, 255: 1
203, 26, 193, 255: 1
241, 199, 200, 255: 2
49, 5, 86, 255: 1
37, 172, 35, 255: 3
98, 42, 248, 255: 3
221, 17, 212, 255: 16
178, 72, 255, 255: 1
241, 180, 5, 255: 27
242, 151, 47, 255: 1
183, 182, 77, 255: 24
190, 236, 137, 255: 22
23, 237, 50, 255: 4
245, 83, 122, 255: 7
81, 158, 196, 255: 6
237, 119, 220, 255: 23
160, 152, 201, 255: 2983
174, 211, 64, 255: 3
65, 34, 183, 255: 1
181, 58, 48, 255: 35
153, 216, 197, 255: 2
0, 66, 110, 255: 31
90, 190, 161, 255: 2
107, 191, 187, 255: 1
79, 116, 251, 255: 13
136, 12, 44, 255: 4
99, 255, 162, 255: 1
137, 147, 9, 255: 15
232, 44, 213, 255: 2
198, 65, 192, 255: 6
243, 70, 108, 255: 9
41, 241, 74, 255: 1
103, 115, 116, 255: 1
0, 52, 96, 255: 1
188, 229, 198, 255: 12
233, 156, 159, 255: 10
151, 88, 105, 255: 25
89, 223, 174, 255: 1
33, 28, 55, 255: 3
198, 219, 132, 255: 1
16, 132, 182, 255: 1
134, 167, 219, 255: 1
33, 176, 206, 255: 1
128, 182, 208, 255: 2
129, 51, 199, 255: 62
34, 217, 194, 255: 8
79, 103, 66, 255: 5
91, 35, 114, 255: 3
27, 255, 231, 255: 1
76, 24, 51, 255: 1
86, 203, 141, 255: 20
12, 106, 216, 255: 1
9, 166, 2, 255: 12
228, 217, 208, 255: 1
20, 253, 206, 255: 2
29, 143, 69, 255: 15
242, 255, 133, 255: 2
0, 103, 55, 255: 34
86, 183, 255, 255: 1
135, 148, 143, 255: 1
134, 3, 178, 255: 33
193, 159, 138, 255: 3
142, 40, 218, 255: 15
239, 68, 255, 255: 1
0, 57, 3, 255: 1438
0, 105, 23, 255: 921
115, 70, 15, 255: 1
130, 34, 41, 255: 17
243, 10, 164, 255: 9
181, 226, 25, 255: 2
42, 223, 247, 255: 10
198, 155, 87, 255: 2
202, 231, 55, 255: 1
210, 36, 160, 255: 24
255, 2, 237, 255: 2
237, 221, 143, 255: 1
242, 195, 255, 255: 1
197, 89, 51, 255: 1
144, 70, 78, 255: 13
206, 125, 32, 255: 3
103, 236, 107, 255: 17
198, 210, 177, 255: 1
195, 116, 50, 255: 5
35, 171, 244, 255: 6
90, 116, 250, 255: 3
226, 36, 142, 255: 1
0, 239, 126, 255: 1
178, 156, 30, 255: 1
21, 23, 154, 255: 1
61, 218, 214, 255: 1
135, 186, 242, 255: 1
184, 125, 234, 255: 5
202, 227, 221, 255: 9
242, 11, 0, 255: 14
90, 201, 173, 255: 2
27, 115, 228, 255: 1
233, 26, 121, 255: 25
155, 59, 176, 255: 1
97, 0, 13, 255: 12
103, 36, 193, 255: 30
90, 220, 10, 255: 2
89, 15, 255, 255: 2
148, 203, 119, 255: 1
236, 189, 249, 255: 1
203, 172, 249, 255: 2
137, 213, 155, 255: 3
247, 99, 228, 255: 2
238, 255, 226, 255: 1
166, 42, 33, 255: 79
145, 70, 197, 255: 1
78, 166, 18, 255: 4
4, 197, 184, 255: 13
224, 229, 160, 255: 3
249, 129, 242, 255: 74
149, 39, 49, 255: 6
66, 115, 67, 255: 14
78, 243, 149, 255: 2
201, 66, 197, 255: 3
244, 112, 44, 255: 5
130, 110, 43, 255: 1
21, 154, 0, 255: 2
98, 81, 153, 255: 5
30, 48, 221, 255: 1
58, 47, 13, 255: 2
149, 235, 106, 255: 17
138, 26, 194, 255: 1
155, 114, 149, 255: 1
217, 216, 79, 255: 1
81, 101, 159, 255: 31
0, 213, 47, 255: 6
0, 220, 28, 255: 909
199, 135, 159, 255: 20
149, 81, 29, 255: 8
0, 226, 133, 255: 2
231, 162, 230, 255: 2
140, 5, 27, 255: 23
243, 164, 241, 255: 11
236, 248, 129, 255: 1
255, 35, 233, 255: 1
36, 57, 46, 255: 1
132, 156, 125, 255: 7
0, 254, 129, 255: 1
45, 218, 178, 255: 2
0, 173, 78, 255: 1
189, 44, 246, 255: 9
188, 92, 169, 255: 38
30, 103, 65, 255: 2
19, 227, 192, 255: 4
149, 36, 76, 255: 1
0, 9, 179, 255: 2
14, 153, 68, 255: 8
233, 4, 56, 255: 5
188, 209, 122, 255: 2
249, 255, 161, 255: 1
233, 37, 141, 255: 105
80, 54, 207, 255: 1
241, 211, 26, 255: 9
98, 89, 72, 255: 6
113, 222, 64, 255: 9
34, 154, 184, 255: 13
236, 10, 67, 255: 1
136, 161, 46, 255: 1
237, 131, 121, 255: 1
179, 196, 165, 255: 2
191, 148, 44, 255: 7
144, 30, 62, 255: 6
181, 0, 112, 255: 4
52, 66, 162, 255: 1
2, 105, 63, 255: 1
119, 230, 171, 255: 5
27, 160, 170, 255: 2
11, 113, 31, 255: 1142
141, 240, 107, 255: 7
231, 77, 27, 255: 1
242, 126, 34, 255: 7
36, 15, 102, 255: 27
199, 228, 52, 255: 1
184, 213, 174, 255: 1
140, 96, 187, 255: 1
43, 51, 105, 255: 6
193, 49, 167, 255: 25
10, 19, 1, 255: 1
40, 123, 167, 255: 13
91, 124, 99, 255: 1
188, 24, 86, 255: 1
216, 251, 112, 255: 2
39, 193, 233, 255: 3
50, 94, 146, 255: 1
81, 81, 183, 255: 2
87, 27, 136, 255: 2
88, 104, 75, 255: 6
6, 164, 39, 255: 1
126, 32, 102, 255: 22
162, 239, 159, 255: 1
53, 23, 211, 255: 2
71, 74, 19, 255: 10
225, 170, 217, 255: 11
162, 176, 243, 255: 2
142, 195, 13, 255: 2
0, 32, 246, 255: 13
248, 79, 14, 255: 7
91, 37, 214, 255: 18
7, 54, 157, 255: 2
242, 77, 110, 255: 14
47, 30, 95, 255: 1
35, 109, 234, 255: 6
33, 67, 190, 255: 31
0, 27, 108, 255: 6
29, 121, 131, 255: 1
179, 249, 37, 255: 3
5, 11, 48, 255: 14
248, 108, 165, 255: 7
35, 105, 225, 255: 51
136, 105, 157, 255: 1
151, 6, 121, 255: 1
105, 195, 3, 255: 1
83, 255, 72, 255: 1
76, 33, 108, 255: 3
147, 65, 162, 255: 24
30, 20, 255, 255: 20
32, 13, 236, 255: 5
147, 125, 225, 255: 2
83, 120, 219, 255: 3
230, 254, 105, 255: 25
41, 77, 218, 255: 30
28, 103, 190, 255: 8
88, 131, 189, 255: 1
196, 187, 26, 255: 16
88, 190, 149, 255: 4
145, 198, 169, 255: 16
241, 205, 172, 255: 8
78, 213, 36, 255: 15
11, 0, 62, 255: 6
38, 172, 17, 255: 3
93, 193, 156, 255: 1
179, 216, 104, 255: 2
250, 208, 209, 255: 1
142, 144, 233, 255: 3
38, 197, 66, 255: 3
217, 81, 70, 255: 29
173, 193, 225, 255: 1
141, 76, 250, 255: 1
84, 249, 1, 255: 20
242, 89, 47, 255: 2
246, 45, 255, 255: 2
38, 89, 33, 255: 14
196, 209, 194, 255: 5
180, 197, 233, 255: 26
40, 10, 198, 255: 9
0, 254, 90, 255: 1
143, 110, 56, 255: 1
0, 46, 115, 255: 100
200, 100, 126, 255: 72
86, 166, 72, 255: 1
255, 198, 140, 255: 2
0, 246, 18, 255: 36
96, 141, 41, 255: 27
246, 104, 199, 255: 4
36, 181, 199, 255: 16
148, 236, 205, 255: 68
239, 200, 69, 255: 4
0, 158, 118, 255: 1342
191, 32, 127, 255: 9
221, 77, 155, 255: 1
241, 158, 221, 255: 1
255, 199, 102, 255: 1
43, 54, 206, 255: 47
0, 192, 205, 255: 38
35, 12, 1, 255: 20
252, 3, 182, 255: 10
42, 226, 221, 255: 13
76, 101, 192, 255: 1
197, 104, 23, 255: 1
136, 67, 161, 255: 35
17, 75, 84, 255: 1
91, 244, 188, 255: 4
35, 255, 236, 255: 5
229, 206, 153, 255: 5
114, 47, 205, 255: 41
90, 255, 250, 255: 2
50, 171, 15, 255: 2
188, 37, 43, 255: 21
122, 120, 127, 255: 1
0, 217, 218, 255: 2
186, 219, 230, 255: 1
162, 193, 81, 255: 2
206, 128, 172, 255: 1
124, 54, 113, 255: 5
19, 42, 156, 255: 4
184, 40, 149, 255: 4
25, 106, 41, 255: 1
201, 250, 130, 255: 8
200, 158, 226, 255: 3
229, 14, 44, 255: 1
81, 2, 182, 255: 1
144, 61, 21, 255: 3
134, 203, 253, 255: 4
236, 22, 241, 255: 17
139, 201, 174, 255: 13
76, 125, 149, 255: 1
198, 201, 103, 255: 5
0, 18, 222, 255: 209
67, 232, 139, 255: 2
95, 86, 69, 255: 24
157, 89, 37, 255: 1
139, 95, 177, 255: 7
41, 184, 214, 255: 16
0, 59, 227, 255: 3
214, 128, 222, 255: 40
181, 9, 32, 255: 1
3, 221, 236, 255: 2
93, 185, 245, 255: 1
89, 255, 7, 255: 1
122, 129, 149, 255: 2
141, 255, 88, 255: 4
124, 233, 74, 255: 1
189, 226, 79, 255: 2
140, 224, 179, 255: 2
26, 222, 178, 255: 7
87, 185, 58, 255: 13
191, 163, 81, 255: 6
38, 0, 21, 255: 1
51, 70, 133, 255: 2
79, 226, 230, 255: 1
33, 227, 255, 255: 6
147, 133, 144, 255: 4
241, 74, 44, 255: 16
244, 231, 234, 255: 13
0, 105, 57, 255: 216
230, 69, 69, 255: 8
108, 41, 198, 255: 1086
112, 147, 255, 255: 1
153, 255, 165, 255: 1
234, 231, 97, 255: 22
233, 232, 197, 255: 44
49, 159, 34, 255: 11
28, 27, 254, 255: 18
33, 129, 153, 255: 3
59, 67, 209, 255: 1
33, 192, 198, 255: 9
93, 111, 78, 255: 1
247, 245, 155, 255: 2
82, 68, 37, 255: 21
131, 160, 233, 255: 2
17, 231, 44, 255: 1
0, 92, 2, 255: 21
241, 197, 99, 255: 3
42, 25, 193, 255: 6
37, 98, 124, 255: 2
250, 36, 110, 255: 10
46, 84, 67, 255: 74
141, 82, 47, 255: 1
227, 179, 137, 255: 21
179, 81, 95, 255: 5
25, 192, 193, 255: 4
39, 34, 210, 255: 2
244, 181, 199, 255: 14
188, 32, 5, 255: 4
0, 123, 20, 255: 1
131, 244, 99, 255: 1
62, 92, 125, 255: 37
40, 37, 82, 255: 1
0, 20, 11, 255: 1
45, 119, 253, 255: 1
89, 162, 47, 255: 4
182, 59, 152, 255: 4
194, 255, 182, 255: 1
146, 207, 89, 255: 31
97, 140, 198, 255: 5
160, 53, 122, 255: 158
212, 104, 219, 255: 1
98, 94, 9, 255: 2
75, 92, 51, 255: 2
0, 242, 39, 255: 8
193, 12, 217, 255: 2
247, 72, 114, 255: 1
184, 252, 52, 255: 1
138, 32, 93, 255: 2
107, 125, 155, 255: 83
88, 167, 120, 255: 60
185, 222, 177, 255: 25
133, 152, 180, 255: 32
97, 184, 48, 255: 17
168, 23, 226, 255: 1
78, 85, 44, 255: 1
33, 255, 85, 255: 1
77, 228, 27, 255: 13
190, 143, 142, 255: 31
130, 19, 114, 255: 4
118, 114, 100, 255: 13
126, 48, 196, 255: 42
40, 111, 147, 255: 52
44, 202, 37, 255: 1
86, 123, 112, 255: 2
46, 162, 106, 255: 10
0, 211, 208, 255: 2
166, 67, 47, 255: 2
108, 173, 249, 255: 1
202, 185, 113, 255: 5
17, 217, 15, 255: 2
35, 255, 248, 255: 1
36, 153, 24, 255: 3
38, 0, 230, 255: 16
186, 93, 12, 255: 7
195, 118, 34, 255: 1
159, 40, 228, 255: 1
230, 255, 20, 255: 1
23, 126, 43, 255: 16
193, 188, 78, 255: 2
244, 204, 120, 255: 79
191, 228, 183, 255: 10
103, 115, 77, 255: 27
246, 177, 127, 255: 1
26, 109, 107, 255: 15
212, 247, 108, 255: 121
234, 27, 122, 255: 23
225, 253, 109, 255: 1
179, 188, 210, 255: 2
0, 86, 187, 255: 1
185, 34, 76, 255: 21
169, 161, 210, 255: 12
83, 152, 23, 255: 16
89, 113, 76, 255: 7
228, 32, 136, 255: 23
176, 86, 232, 255: 12
184, 229, 28, 255: 2
0, 153, 113, 255: 59
214, 84, 116, 255: 1
23, 57, 179, 255: 5
234, 127, 236, 255: 5
142, 89, 5, 255: 15
255, 239, 140, 255: 3
0, 50, 153, 255: 19
167, 170, 227, 255: 7
36, 191, 219, 255: 69
142, 72, 131, 255: 1
146, 56, 242, 255: 87
130, 147, 112, 255: 6
94, 175, 73, 255: 2
247, 195, 222, 255: 2
147, 213, 27, 255: 3
151, 250, 188, 255: 15
223, 46, 71, 255: 1
184, 138, 89, 255: 5
33, 81, 183, 255: 10
43, 119, 87, 255: 5
198, 244, 26, 255: 4
251, 6, 255, 255: 1
239, 183, 230, 255: 3
218, 11, 4, 255: 1
219, 95, 93, 255: 60
0, 63, 244, 255: 1
41, 60, 123, 255: 266
243, 84, 102, 255: 7
83, 47, 126, 255: 8
55, 60, 246, 255: 1
237, 187, 21, 255: 4
79, 35, 203, 255: 1
81, 156, 28, 255: 1
175, 198, 235, 255: 1
236, 5, 147, 255: 1
76, 226, 63, 255: 1
232, 229, 95, 255: 16
200, 103, 228, 255: 12
145, 233, 202, 255: 32
0, 190, 211, 255: 24
195, 54, 14, 255: 1
88, 52, 131, 255: 5
245, 253, 10, 255: 1
232, 50, 133, 255: 2
169, 125, 22, 255: 1
68, 209, 254, 255: 1
243, 136, 245, 255: 18
32, 136, 155, 255: 5
194, 30, 255, 255: 1
126, 12, 8, 255: 1
96, 227, 255, 255: 5
232, 229, 131, 255: 8
214, 194, 24, 255: 1
240, 188, 215, 255: 3
0, 217, 39, 255: 1
225, 197, 75, 255: 4
147, 241, 23, 255: 20
28, 248, 138, 255: 4
53, 182, 234, 255: 1
101, 185, 181, 255: 1
201, 19, 144, 255: 2
190, 92, 106, 255: 16
83, 252, 9, 255: 1
83, 1, 211, 255: 1
42, 158, 102, 255: 39
77, 215, 34, 255: 4
29, 121, 29, 255: 15
146, 199, 170, 255: 13
19, 23, 216, 255: 6
0, 5, 201, 255: 51
196, 79, 28, 255: 30
30, 205, 153, 255: 1
250, 17, 171, 255: 12
35, 123, 236, 255: 15
59, 48, 156, 255: 1
90, 44, 149, 255: 1
92, 216, 255, 255: 28
191, 101, 247, 255: 1
149, 108, 143, 255: 1
142, 61, 255, 255: 7
29, 242, 55, 255: 7
159, 179, 98, 255: 1
8, 69, 23, 255: 21
149, 110, 97, 255: 1
90, 174, 196, 255: 3
128, 157, 195, 255: 27
37, 129, 37, 255: 2
140, 168, 254, 255: 1
181, 20, 16, 255: 6
191, 69, 196, 255: 11
185, 93, 184, 255: 1
183, 2, 114, 255: 6
141, 119, 219, 255: 7
158, 161, 218, 255: 14
241, 43, 195, 255: 2
221, 226, 3, 255: 1
188, 164, 133, 255: 15
24, 240, 152, 255: 3
0, 225, 132, 255: 2
96, 22, 143, 255: 2
108, 208, 179, 255: 2
241, 167, 176, 255: 8
9, 76, 99, 255: 30
77, 64, 187, 255: 14
45, 228, 51, 255: 2
138, 234, 114, 255: 3
245, 130, 175, 255: 1
116, 180, 217, 255: 3
7, 137, 142, 255: 1545
123, 160, 6, 255: 1
87, 99, 210, 255: 5
186, 55, 16, 255: 10
118, 18, 123, 255: 1
175, 220, 240, 255: 11
14, 136, 230, 255: 2
0, 210, 210, 255: 2
79, 253, 171, 255: 2
129, 36, 22, 255: 6
54, 241, 78, 255: 1
68, 143, 236, 255: 1
245, 218, 233, 255: 4
140, 232, 252, 255: 19
247, 213, 125, 255: 3
80, 66, 35, 255: 6
80, 80, 218, 255: 13
255, 231, 222, 255: 1
135, 254, 178, 255: 11
84, 194, 29, 255: 79
142, 1, 167, 255: 1
38, 117, 147, 255: 28
142, 133, 213, 255: 1
85, 219, 243, 255: 2
52, 195, 226, 255: 5
92, 57, 154, 255: 6
33, 246, 152, 255: 1
44, 60, 144, 255: 4
33, 27, 93, 255: 3
255, 102, 26, 255: 1
44, 238, 70, 255: 1
254, 26, 249, 255: 4
232, 51, 170, 255: 2
182, 109, 76, 255: 3
48, 211, 161, 255: 8
46, 148, 214, 255: 1
94, 22, 23, 255: 9
189, 42, 181, 255: 9
197, 84, 131, 255: 1
173, 155, 193, 255: 10
83, 80, 212, 255: 9
26, 143, 75, 255: 4
131, 207, 149, 255: 4
247, 179, 111, 255: 1
15, 35, 52, 255: 1
159, 248, 177, 255: 31
156, 247, 18, 255: 2
29, 141, 106, 255: 1
121, 197, 242, 255: 1
221, 88, 176, 255: 22
0, 164, 35, 255: 3
176, 213, 66, 255: 1
25, 255, 80, 255: 2
23, 160, 11, 255: 5
134, 201, 233, 255: 2
109, 8, 11, 255: 3
0, 58, 226, 255: 2
26, 231, 97, 255: 4
5, 207, 104, 255: 23
217, 5, 32, 255: 31
65, 95, 128, 255: 19
186, 212, 193, 255: 21
130, 132, 83, 255: 92
208, 34, 158, 255: 1
212, 184, 63, 255: 954
240, 97, 56, 255: 18
233, 107, 41, 255: 7
0, 239, 2, 255: 1492
141, 129, 255, 255: 23
186, 105, 161, 255: 3
41, 120, 150, 255: 7
244, 222, 59, 255: 14
247, 2, 231, 255: 3
96, 233, 154, 255: 1
93, 162, 33, 255: 4
209, 49, 151, 255: 2
82, 125, 80, 255: 1
154, 115, 19, 255: 1
21, 0, 205, 255: 2
86, 213, 22, 255: 1
5, 226, 43, 255: 2
122, 209, 32, 255: 4
196, 30, 130, 255: 2
77, 46, 194, 255: 13
238, 149, 216, 255: 2
134, 230, 0, 255: 14
87, 11, 151, 255: 2
248, 144, 255, 255: 1
26, 55, 237, 255: 7
172, 145, 17, 255: 4
23, 98, 31, 255: 3
146, 39, 148, 255: 48
184, 193, 62, 255: 89
27, 119, 27, 255: 21
88, 137, 88, 255: 55
34, 255, 177, 255: 2
244, 94, 22, 255: 3
142, 99, 35, 255: 2
81, 245, 70, 255: 1
242, 157, 12, 255: 2
246, 175, 163, 255: 3
0, 214, 245, 255: 9
181, 52, 76, 255: 1
175, 13, 164, 255: 2
238, 175, 193, 255: 10
0, 184, 128, 255: 2
35, 147, 112, 255: 5
234, 173, 152, 255: 2
187, 128, 118, 255: 9
0, 244, 11, 255: 1
95, 40, 199, 255: 1
35, 219, 77, 255: 9
0, 173, 18, 255: 1201
140, 162, 205, 255: 3
26, 93, 12, 255: 1
92, 236, 5, 255: 7
254, 197, 36, 255: 10
71, 151, 57, 255: 4
148, 255, 102, 255: 1
166, 155, 105, 255: 1
84, 188, 27, 255: 2
246, 255, 251, 255: 1
141, 231, 152, 255: 5
46, 139, 193, 255: 4
185, 106, 4, 255: 70
234, 71, 75, 255: 2
246, 111, 245, 255: 2
39, 107, 173, 255: 1
239, 109, 37, 255: 2
80, 20, 18, 255: 31
0, 201, 158, 255: 2
135, 63, 151, 255: 2
242, 43, 49, 255: 1
34, 93, 204, 255: 85
131, 89, 13, 255: 1
131, 254, 8, 255: 1
184, 24, 167, 255: 1
241, 0, 243, 255: 3
205, 193, 190, 255: 8
229, 47, 29, 255: 1
86, 73, 78, 255: 14
0, 141, 215, 255: 4
9, 238, 222, 255: 14
140, 234, 16, 255: 13
112, 177, 111, 255: 3
34, 33, 4, 255: 41
115, 89, 211, 255: 2
184, 53, 132, 255: 12
103, 139, 213, 255: 2
136, 193, 255, 255: 10
41, 85, 34, 255: 1
201, 115, 248, 255: 1
178, 33, 41, 255: 1
232, 255, 81, 255: 1
75, 251, 38, 255: 4
219, 199, 245, 255: 26
81, 246, 152, 255: 5
73, 87, 40, 255: 7
230, 130, 13, 255: 1
166, 193, 137, 255: 1
224, 53, 146, 255: 3
187, 148, 58, 255: 6
137, 61, 51, 255: 32
220, 8, 35, 255: 1
246, 23, 187, 255: 2
37, 96, 242, 255: 15
194, 179, 196, 255: 2
250, 255, 32, 255: 1
245, 5, 47, 255: 5
31, 194, 255, 255: 2
188, 250, 91, 255: 8
60, 142, 147, 255: 1952
228, 128, 11, 255: 1
74, 135, 157, 255: 1
0, 140, 179, 255: 63
202, 12, 226, 255: 1
145, 78, 234, 255: 2
186, 72, 247, 255: 1
165, 141, 111, 255: 15
26, 228, 124, 255: 4
194, 57, 170, 255: 8
83, 246, 89, 255: 3
94, 127, 0, 255: 3
78, 252, 170, 255: 1
181, 204, 241, 255: 1
184, 90, 82, 255: 1
141, 129, 203, 255: 3
15, 109, 116, 255: 1
241, 20, 136, 255: 6
247, 21, 170, 255: 3
37, 83, 131, 255: 2
201, 255, 56, 255: 1
38, 166, 107, 255: 9
143, 172, 245, 255: 5
113, 73, 61, 255: 4
181, 69, 68, 255: 12
33, 164, 203, 255: 5
187, 136, 18, 255: 6
38, 84, 132, 255: 2
40, 191, 133, 255: 5
191, 240, 120, 255: 74
231, 109, 204, 255: 2
236, 71, 20, 255: 4
250, 214, 63, 255: 2
0, 83, 149, 255: 3
185, 75, 19, 255: 1
77, 179, 103, 255: 41
251, 23, 109, 255: 1
95, 0, 111, 255: 7
0, 156, 149, 255: 9
38, 13, 167, 255: 8
84, 244, 91, 255: 4
1, 123, 217, 255: 4
39, 162, 136, 255: 2
34, 222, 114, 255: 1
41, 46, 232, 255: 1
22, 150, 91, 255: 5
237, 130, 86, 255: 1
62, 177, 82, 255: 1
119, 3, 55, 255: 1
255, 50, 159, 255: 1
189, 209, 87, 255: 50
193, 181, 75, 255: 1
31, 215, 73, 255: 1
238, 255, 106, 255: 1
37, 253, 129, 255: 1
44, 99, 159, 255: 43
86, 20, 206, 255: 27
59, 186, 99, 255: 54
0, 123, 30, 255: 1
243, 5, 219, 255: 6
7, 198, 229, 255: 1
243, 100, 59, 255: 17
188, 123, 37, 255: 7
197, 249, 73, 255: 1
141, 154, 216, 255: 1
80, 116, 149, 255: 1
140, 255, 181, 255: 2
56, 185, 196, 255: 100
80, 100, 122, 255: 18
66, 160, 174, 255: 14
0, 16, 88, 255: 57
117, 25, 194, 255: 1
199, 5, 240, 255: 1
72, 218, 204, 255: 1
192, 86, 36, 255: 3
53, 157, 180, 255: 1
58, 215, 211, 255: 3
106, 130, 100, 255: 1
0, 26, 107, 255: 32
153, 76, 114, 255: 1
70, 123, 233, 255: 1
236, 222, 123, 255: 1
137, 225, 84, 255: 16
200, 63, 23, 255: 6
80, 193, 34, 255: 4
246, 237, 173, 255: 1
0, 81, 237, 255: 30
134, 172, 156, 255: 11
0, 52, 130, 255: 1
174, 153, 92, 255: 3
246, 239, 208, 255: 1
240, 40, 94, 255: 5
106, 239, 110, 255: 2
231, 158, 128, 255: 10
170, 44, 192, 255: 2
31, 104, 195, 255: 2
137, 51, 32, 255: 30
212, 0, 27, 255: 1330
181, 11, 255, 255: 2
146, 255, 54, 255: 3
45, 121, 89, 255: 3
241, 255, 136, 255: 1
71, 212, 1, 255: 1
146, 127, 206, 255: 46
220, 184, 152, 255: 1107
34, 68, 191, 255: 21
110, 139, 178, 255: 63
178, 160, 114, 255: 1
213, 232, 118, 255: 1
142, 128, 103, 255: 1
255, 201, 228, 255: 1
241, 139, 154, 255: 2
0, 116, 13, 255: 1
86, 188, 112, 255: 31
243, 152, 48, 255: 2
132, 165, 217, 255: 1
96, 243, 247, 255: 3
0, 229, 218, 255: 3
134, 142, 197, 255: 19
32, 154, 93, 255: 1
32, 135, 52, 255: 23
88, 192, 31, 255: 2
45, 130, 119, 255: 1
46, 188, 201, 255: 1
193, 214, 8, 255: 22
129, 43, 24, 255: 78
125, 107, 138, 255: 12
210, 111, 97, 255: 5
143, 174, 230, 255: 2
188, 142, 129, 255: 3
140, 255, 226, 255: 2
164, 228, 169, 255: 55
0, 38, 73, 255: 14
55, 157, 224, 255: 2
241, 82, 100, 255: 5
164, 244, 7, 255: 73
0, 192, 47, 255: 3
141, 131, 120, 255: 80
63, 236, 54, 255: 5
80, 229, 159, 255: 3
232, 111, 113, 255: 2
106, 45, 15, 255: 1
14, 87, 75, 255: 1
197, 100, 216, 255: 1
31, 68, 33, 255: 1
131, 7, 250, 255: 1
39, 6, 96, 255: 12
79, 174, 103, 255: 1
0, 148, 132, 255: 1
26, 14, 11, 255: 3
139, 79, 194, 255: 1
228, 247, 29, 255: 1
137, 1, 108, 255: 29
35, 62, 190, 255: 1
107, 100, 181, 255: 1
42, 95, 57, 255: 2
91, 195, 64, 255: 2
100, 30, 232, 255: 1
193, 238, 255, 255: 3
137, 5, 125, 255: 1
239, 115, 112, 255: 23
78, 175, 193, 255: 2
20, 130, 151, 255: 1
188, 54, 70, 255: 1
175, 159, 39, 255: 4
233, 140, 229, 255: 2
140, 253, 210, 255: 6
224, 221, 87, 255: 1
89, 105, 157, 255: 2
0, 234, 184, 255: 9
243, 86, 65, 255: 1
199, 179, 162, 255: 1
36, 158, 97, 255: 2
138, 91, 83, 255: 11
187, 131, 211, 255: 1
235, 177, 126, 255: 1
84, 116, 63, 255: 5
0, 156, 239, 255: 15
85, 64, 158, 255: 13
65, 26, 8, 255: 29
77, 152, 127, 255: 1
60, 129, 1, 255: 25
40, 244, 56, 255: 1
0, 237, 157, 255: 2
87, 94, 155, 255: 9
84, 161, 96, 255: 5
146, 126, 33, 255: 3
0, 191, 237, 255: 33
146, 254, 143, 255: 11
138, 233, 95, 255: 2
43, 243, 255, 255: 1
102, 227, 147, 255: 2
127, 2, 179, 255: 2
226, 88, 13, 255: 1
115, 73, 219, 255: 2
0, 240, 135, 255: 114
216, 12, 207, 255: 104
246, 220, 197, 255: 3
3, 224, 81, 255: 1
246, 36, 161, 255: 2
184, 179, 197, 255: 1
193, 158, 119, 255: 2
82, 242, 89, 255: 5
184, 182, 42, 255: 12
150, 219, 13, 255: 25
0, 248, 19, 255: 57
179, 103, 100, 255: 11
251, 251, 251, 255: 1
239, 211, 89, 255: 39
129, 19, 29, 255: 1
45, 52, 226, 255: 1
181, 20, 52, 255: 7
178, 96, 50, 255: 1
35, 139, 74, 255: 1
137, 24, 210, 255: 3
163, 122, 118, 255: 1
36, 66, 138, 255: 4
244, 112, 80, 255: 7
130, 86, 168, 255: 3
78, 255, 77, 255: 6
145, 239, 21, 255: 16
42, 46, 214, 255: 1
247, 176, 27, 255: 9
227, 73, 176, 255: 2
234, 145, 139, 255: 68
3, 37, 161, 255: 81
110, 122, 84, 255: 273
187, 251, 37, 255: 1
111, 142, 23, 255: 9
46, 227, 98, 255: 2
248, 153, 152, 255: 2
177, 154, 31, 255: 1
247, 255, 46, 255: 1
154, 132, 113, 255: 1
32, 201, 44, 255: 1
142, 46, 163, 255: 3
47, 105, 8, 255: 30
131, 213, 223, 255: 84
17, 145, 86, 255: 4
156, 228, 119, 255: 1
85, 0, 10, 255: 1
80, 185, 114, 255: 2
173, 174, 131, 255: 2
189, 7, 132, 255: 5
44, 148, 202, 255: 4
131, 87, 169, 255: 7
196, 69, 111, 255: 1
176, 174, 34, 255: 9
49, 24, 178, 255: 1
228, 180, 138, 255: 28
235, 75, 176, 255: 44
247, 237, 82, 255: 4
94, 22, 103, 255: 1
117, 0, 27, 255: 1
0, 39, 164, 255: 5
95, 80, 250, 255: 5
175, 77, 56, 255: 13
126, 194, 133, 255: 1
97, 43, 118, 255: 1
196, 202, 255, 255: 28
190, 6, 148, 255: 2
186, 255, 212, 255: 2
239, 252, 68, 255: 2
187, 233, 15, 255: 5
43, 247, 161, 255: 28
75, 147, 141, 255: 6
42, 45, 133, 255: 3
236, 116, 127, 255: 2
190, 106, 108, 255: 7
86, 39, 211, 255: 1
198, 57, 119, 255: 1
91, 172, 224, 255: 14
0, 70, 213, 255: 1
192, 146, 97, 255: 1
138, 217, 129, 255: 1
190, 192, 66, 255: 4
196, 225, 186, 255: 14
214, 191, 153, 255: 1
71, 195, 163, 255: 1
2, 28, 241, 255: 3
188, 190, 64, 255: 3
93, 105, 98, 255: 1
107, 100, 28, 255: 1
184, 42, 214, 255: 6
142, 78, 77, 255: 2
0, 189, 210, 255: 1
42, 49, 187, 255: 5
94, 95, 87, 255: 34
68, 218, 32, 255: 1
15, 222, 188, 255: 1
138, 255, 75, 255: 1
30, 4, 243, 255: 29
194, 16, 165, 255: 2
72, 127, 147, 255: 1
228, 154, 163, 255: 1
204, 104, 130, 255: 14
38, 255, 51, 255: 2
237, 102, 126, 255: 7
0, 251, 160, 255: 1
35, 83, 185, 255: 5
244, 4, 46, 255: 7
204, 192, 189, 255: 11
132, 230, 216, 255: 1
127, 83, 165, 255: 2
230, 112, 213, 255: 20
24, 188, 24, 255: 1
238, 255, 223, 255: 3
40, 219, 145, 255: 53
20, 76, 243, 255: 1
44, 233, 168, 255: 17
250, 118, 223, 255: 6
239, 87, 99, 255: 9
35, 247, 72, 255: 3
242, 140, 255, 255: 15
54, 93, 36, 255: 25
0, 114, 76, 255: 122
11, 130, 126, 255: 68
7, 79, 171, 255: 1
0, 66, 243, 255: 10
131, 137, 102, 255: 1
23, 0, 209, 255: 6
0, 66, 179, 255: 49
181, 113, 21, 255: 28
134, 208, 154, 255: 4
80, 51, 233, 255: 2
0, 32, 215, 255: 8
255, 192, 253, 255: 1
155, 188, 86, 255: 3
248, 255, 30, 255: 3
237, 143, 69, 255: 6
211, 134, 138, 255: 57
125, 152, 245, 255: 2
234, 181, 173, 255: 6
237, 91, 208, 255: 2
188, 138, 38, 255: 11
188, 142, 93, 255: 1
84, 112, 45, 255: 4
0, 64, 241, 255: 17
88, 129, 169, 255: 30
111, 101, 45, 255: 2
67, 196, 208, 255: 704
184, 201, 16, 255: 10
198, 73, 111, 255: 7
0, 129, 224, 255: 27
133, 182, 37, 255: 1
37, 93, 234, 255: 1
178, 130, 18, 255: 3
82, 151, 175, 255: 4
89, 126, 225, 255: 1
133, 12, 14, 255: 1
149, 26, 57, 255: 1
83, 17, 167, 255: 75
123, 17, 78, 255: 16
167, 123, 174, 255: 2
80, 53, 171, 255: 1
0, 120, 206, 255: 47
61, 130, 2, 255: 31
16, 67, 12, 255: 11
251, 188, 206, 255: 1
222, 145, 149, 255: 1
188, 170, 208, 255: 8
70, 195, 8, 255: 1
68, 146, 209, 255: 1
134, 23, 154, 255: 1
0, 237, 187, 255: 3
184, 44, 213, 255: 5
37, 52, 101, 255: 8
74, 171, 189, 255: 1
6, 100, 107, 255: 38
235, 255, 94, 255: 1
90, 108, 75, 255: 2
155, 252, 234, 255: 1
185, 21, 47, 255: 30
62, 158, 117, 255: 10
106, 124, 154, 255: 3
62, 244, 228, 255: 21
60, 225, 132, 255: 1
22, 32, 38, 255: 2
190, 156, 254, 255: 10
167, 96, 162, 255: 2
58, 207, 138, 255: 1
246, 40, 25, 255: 11
237, 236, 98, 255: 1
183, 221, 92, 255: 1
96, 116, 20, 255: 2
0, 170, 104, 255: 66
0, 5, 12, 255: 3
248, 221, 245, 255: 1
142, 187, 94, 255: 1
80, 76, 247, 255: 1
71, 58, 180, 255: 3
67, 139, 133, 255: 1
124, 184, 176, 255: 5
225, 134, 30, 255: 2
37, 24, 243, 255: 13
178, 68, 192, 255: 1
26, 220, 113, 255: 1
234, 99, 123, 255: 10
29, 74, 206, 255: 2
185, 196, 236, 255: 1
114, 110, 250, 255: 1
166, 255, 184, 255: 31
166, 177, 145, 255: 37
40, 186, 59, 255: 4
154, 113, 148, 255: 1
51, 144, 198, 255: 1
90, 69, 163, 255: 15
8, 218, 26, 255: 179
238, 63, 3, 255: 7
240, 186, 114, 255: 12
239, 76, 80, 255: 3
129, 164, 168, 255: 1
178, 195, 10, 255: 2
84, 71, 194, 255: 5
0, 87, 218, 255: 41
183, 148, 144, 255: 1
241, 156, 164, 255: 1
14, 89, 23, 255: 1
182, 223, 192, 255: 2
186, 72, 8, 255: 5
64, 254, 149, 255: 74
0, 60, 241, 255: 2
250, 15, 254, 255: 2
141, 72, 46, 255: 1
239, 126, 255, 255: 61
41, 9, 255, 255: 3
248, 167, 73, 255: 2
99, 37, 47, 255: 15
233, 109, 106, 255: 51
84, 16, 103, 255: 24
238, 214, 208, 255: 2
96, 18, 206, 255: 69
79, 65, 34, 255: 7
127, 66, 71, 255: 4
182, 4, 179, 255: 29
135, 251, 76, 255: 1
142, 122, 64, 255: 1
0, 182, 160, 255: 36
149, 122, 34, 255: 11
77, 74, 53, 255: 1
80, 230, 76, 255: 1
209, 5, 199, 255: 388
189, 80, 177, 255: 1
174, 211, 166, 255: 2
96, 255, 195, 255: 1
214, 57, 2, 255: 3
211, 222, 196, 255: 8
0, 12, 29, 255: 1
151, 239, 208, 255: 23
238, 147, 79, 255: 43
184, 25, 156, 255: 14
13, 135, 229, 255: 20
89, 175, 159, 255: 2
237, 40, 183, 255: 1
0, 159, 152, 255: 5
206, 29, 94, 255: 4
184, 80, 246, 255: 52
155, 87, 35, 255: 3
196, 159, 167, 255: 22
112, 149, 253, 255: 3
36, 186, 110, 255: 38
125, 213, 72, 255: 3
89, 37, 140, 255: 1
233, 175, 160, 255: 8
192, 176, 159, 255: 3
98, 155, 64, 255: 12
17, 194, 206, 255: 1
127, 99, 157, 255: 4
93, 61, 1, 255: 2
246, 2, 249, 255: 3
15, 162, 244, 255: 1
139, 88, 67, 255: 31
242, 139, 73, 255: 5
0, 59, 137, 255: 2863
95, 193, 66, 255: 119
235, 217, 178, 255: 1
0, 74, 97, 255: 85
36, 242, 255, 255: 2
186, 115, 180, 255: 35
169, 170, 129, 255: 1
0, 109, 220, 255: 1
197, 113, 115, 255: 1
0, 59, 192, 255: 1
96, 59, 58, 255: 3
134, 46, 220, 255: 17
144, 228, 183, 255: 2
122, 41, 90, 255: 2
234, 74, 175, 255: 34
0, 100, 44, 255: 3
28, 205, 215, 255: 1
236, 229, 198, 255: 3
85, 92, 51, 255: 1
227, 199, 77, 255: 28
242, 206, 173, 255: 9
151, 217, 168, 255: 5
0, 129, 36, 255: 13
106, 83, 47, 255: 18
210, 245, 106, 255: 25
47, 101, 246, 255: 1
197, 206, 75, 255: 1
180, 96, 181, 255: 4
23, 17, 83, 255: 1
229, 115, 121, 255: 1
52, 47, 224, 255: 4
190, 250, 139, 255: 4
176, 155, 130, 255: 1
37, 255, 202, 255: 2
20, 241, 83, 255: 1
0, 202, 134, 255: 73
28, 255, 154, 255: 1
185, 26, 18, 255: 1
95, 42, 219, 255: 34
81, 65, 89, 255: 2
142, 90, 116, 255: 1
26, 162, 235, 255: 21
78, 207, 217, 255: 13
47, 5, 12, 255: 1
248, 169, 109, 255: 1
137, 106, 40, 255: 3
127, 21, 82, 255: 27
0, 10, 253, 255: 1
193, 32, 29, 255: 1
74, 204, 214, 255: 2
166, 54, 54, 255: 2
211, 125, 219, 255: 28
138, 47, 132, 255: 1
160, 100, 215, 255: 1
18, 146, 52, 255: 1
44, 115, 253, 255: 7
245, 236, 34, 255: 11
241, 250, 41, 255: 9
140, 255, 42, 255: 2
194, 31, 229, 255: 9
143, 229, 100, 255: 44
43, 73, 145, 255: 36
0, 12, 186, 255: 1
0, 10, 116, 255: 115
239, 44, 30, 255: 1
19, 235, 111, 255: 3
0, 40, 134, 255: 1
232, 116, 126, 255: 1
196, 126, 72, 255: 1
255, 91, 142, 255: 1
123, 221, 54, 255: 6
20, 35, 238, 255: 4
145, 159, 35, 255: 1
0, 120, 214, 255: 5
230, 40, 111, 255: 1
83, 111, 44, 255: 3
186, 255, 37, 255: 3
25, 188, 245, 255: 6
29, 18, 152, 255: 1
27, 229, 228, 255: 1
32, 226, 58, 255: 5
79, 214, 191, 255: 1
131, 218, 41, 255: 4
0, 118, 15, 255: 4
240, 212, 90, 255: 22
0, 41, 135, 255: 1
0, 205, 196, 255: 1
157, 193, 190, 255: 1
226, 151, 58, 255: 1
29, 46, 91, 255: 5
254, 241, 244, 255: 24
168, 74, 251, 255: 1
0, 219, 71, 255: 1
155, 147, 195, 255: 1243
137, 80, 63, 255: 8
65, 62, 195, 255: 1
245, 188, 27, 255: 28
230, 249, 133, 255: 1
25, 67, 101, 255: 15
4, 222, 83, 255: 1
255, 79, 117, 255: 1
239, 11, 234, 255: 11
36, 68, 128, 255: 8
133, 162, 97, 255: 1
0, 120, 239, 255: 43
235, 54, 173, 255: 6
48, 48, 37, 255: 2
141, 94, 86, 255: 14
36, 189, 118, 255: 17
34, 113, 60, 255: 15
192, 88, 136, 255: 6
201, 82, 189, 255: 7
78, 54, 49, 255: 3
93, 44, 153, 255: 1
97, 59, 255, 255: 1
201, 184, 112, 255: 6
80, 225, 131, 255: 1
0, 232, 186, 255: 1
133, 85, 255, 255: 1
194, 55, 242, 255: 18
24, 146, 239, 255: 6
198, 104, 199, 255: 1
0, 205, 68, 255: 4
244, 120, 255, 255: 8
194, 115, 49, 255: 11
145, 170, 55, 255: 5
172, 137, 98, 255: 1
125, 176, 2, 255: 5
188, 203, 176, 255: 7
89, 8, 99, 255: 32
145, 139, 26, 255: 1
91, 250, 7, 255: 62
242, 140, 71, 255: 2
249, 234, 139, 255: 10
40, 76, 216, 255: 29
127, 71, 237, 255: 1
184, 179, 69, 255: 11
237, 171, 244, 255: 2
185, 138, 137, 255: 4
194, 90, 138, 255: 2
240, 163, 82, 255: 11
129, 153, 122, 255: 2
125, 223, 56, 255: 17
35, 186, 128, 255: 1
37, 111, 245, 255: 3
203, 208, 26, 255: 10
226, 193, 166, 255: 1
79, 38, 74, 255: 2
120, 42, 190, 255: 1
46, 154, 33, 255: 1
159, 107, 133, 255: 1
34, 109, 255, 255: 1
35, 152, 48, 255: 1
139, 12, 201, 255: 16
88, 217, 44, 255: 1
186, 35, 41, 255: 25
238, 225, 117, 255: 7
28, 93, 16, 255: 6
133, 110, 73, 255: 8
197, 210, 195, 255: 6
93, 82, 185, 255: 10
157, 103, 247, 255: 2
88, 243, 139, 255: 2
152, 158, 226, 255: 4
144, 154, 16, 255: 1
142, 125, 47, 255: 2
144, 87, 70, 255: 3
143, 74, 168, 255: 20
34, 226, 251, 255: 3
134, 235, 201, 255: 2
230, 29, 193, 255: 1
77, 124, 12, 255: 3
86, 106, 164, 255: 22
94, 140, 194, 255: 3
33, 33, 176, 255: 11
42, 51, 32, 255: 1
84, 72, 212, 255: 1
0, 122, 250, 255: 1
34, 176, 189, 255: 16
23, 159, 232, 255: 8
155, 219, 160, 255: 8
239, 90, 201, 255: 23
54, 92, 75, 255: 2
50, 50, 193, 255: 1
193, 1, 197, 255: 2
86, 219, 235, 255: 5
0, 171, 208, 255: 4
182, 158, 230, 255: 1
85, 108, 109, 255: 1
50, 221, 236, 255: 1
29, 14, 134, 255: 1
0, 58, 225, 255: 1075
81, 183, 209, 255: 1
189, 113, 110, 255: 34
99, 191, 251, 255: 3
152, 194, 2, 255: 2
232, 86, 65, 255: 3
129, 38, 113, 255: 2
48, 169, 54, 255: 1
192, 128, 152, 255: 1
235, 94, 13, 255: 8
4, 206, 103, 255: 28
95, 35, 144, 255: 26
187, 153, 132, 255: 1
126, 2, 245, 255: 1
255, 11, 2, 255: 2
147, 238, 50, 255: 1
93, 125, 174, 255: 3
251, 203, 55, 255: 2
148, 33, 77, 255: 6
188, 84, 96, 255: 2
181, 12, 133, 255: 13
237, 232, 36, 255: 3
36, 40, 13, 255: 2
47, 3, 84, 255: 3
180, 38, 210, 255: 4
14, 40, 253, 255: 2
255, 192, 150, 255: 1
58, 36, 95, 255: 2
86, 112, 246, 255: 1
36, 97, 123, 255: 7
4, 146, 45, 255: 1
147, 239, 3, 255: 1
36, 105, 42, 255: 5
61, 38, 252, 255: 4
185, 150, 213, 255: 2
229, 94, 118, 255: 3
188, 135, 194, 255: 1
219, 7, 34, 255: 1
57, 214, 210, 255: 2
182, 117, 148, 255: 1
186, 224, 95, 255: 3
188, 79, 186, 255: 1
38, 170, 89, 255: 4
228, 93, 117, 255: 1
39, 143, 197, 255: 11
175, 41, 57, 255: 1
44, 176, 198, 255: 5
189, 120, 101, 255: 2
128, 66, 190, 255: 1
38, 67, 223, 255: 1
241, 12, 217, 255: 2
27, 155, 96, 255: 11
237, 213, 105, 255: 1
204, 87, 36, 255: 5
239, 229, 101, 255: 1
82, 234, 134, 255: 3
208, 20, 37, 255: 10
180, 13, 197, 255: 51
155, 172, 248, 255: 8
187, 237, 105, 255: 3
91, 166, 141, 255: 10
195, 43, 250, 255: 4
233, 222, 177, 255: 51
89, 97, 157, 255: 17
182, 1, 206, 255: 1
129, 121, 201, 255: 2
246, 156, 96, 255: 1
25, 62, 155, 255: 5
232, 166, 86, 255: 2
148, 96, 122, 255: 22
43, 128, 15, 255: 2
38, 255, 181, 255: 1
236, 225, 216, 255: 21
229, 130, 151, 255: 4
179, 9, 95, 255: 13
31, 34, 19, 255: 1
25, 84, 195, 255: 30
233, 56, 80, 255: 49
3, 1, 14, 255: 4
64, 141, 180, 255: 2
36, 131, 137, 255: 1
58, 239, 110, 255: 1
245, 255, 193, 255: 1
145, 68, 106, 255: 1
0, 156, 180, 255: 2
239, 35, 228, 255: 33
183, 117, 123, 255: 2
0, 133, 173, 255: 1
79, 156, 194, 255: 4
90, 136, 190, 255: 3
184, 9, 61, 255: 5
255, 87, 2, 255: 1
2, 212, 20, 255: 88
220, 112, 188, 255: 11
173, 143, 208, 255: 1
81, 233, 66, 255: 1
73, 10, 130, 255: 1
38, 230, 255, 255: 7
0, 203, 126, 255: 1
83, 149, 76, 255: 5
107, 56, 75, 255: 6
10, 60, 159, 255: 1
218, 132, 226, 255: 4
140, 38, 215, 255: 18
139, 197, 237, 255: 32
133, 207, 188, 255: 1
0, 121, 19, 255: 1
41, 230, 165, 255: 10
232, 227, 31, 255: 4
136, 247, 4, 255: 8
9, 40, 65, 255: 1226
149, 47, 225, 255: 2
89, 148, 45, 255: 15
237, 152, 152, 255: 3
196, 172, 23, 255: 2
50, 246, 249, 255: 5
225, 4, 120, 255: 2
164, 167, 224, 255: 31
32, 123, 78, 255: 3
83, 174, 191, 255: 1
191, 77, 252, 255: 1
78, 232, 231, 255: 7
44, 224, 240, 255: 1
0, 37, 131, 255: 1
40, 174, 19, 255: 3
170, 189, 68, 255: 31
180, 150, 179, 255: 7
233, 167, 87, 255: 2
22, 246, 187, 255: 1
87, 156, 255, 255: 31
0, 245, 16, 255: 3
197, 209, 255, 255: 1
0, 187, 166, 255: 1
232, 159, 129, 255: 10
0, 56, 2, 255: 1601
191, 146, 243, 255: 1
0, 250, 180, 255: 29
245, 97, 123, 255: 133
98, 66, 6, 255: 8
143, 11, 132, 255: 5
179, 128, 10, 255: 7
201, 60, 20, 255: 2
251, 186, 114, 255: 4
182, 161, 100, 255: 4
242, 255, 238, 255: 1
186, 203, 18, 255: 40
240, 130, 253, 255: 2
198, 194, 102, 255: 38
245, 66, 130, 255: 1
0, 98, 76, 255: 2
213, 165, 125, 255: 29
22, 238, 11, 255: 1
185, 134, 119, 255: 34
242, 124, 79, 255: 1
25, 255, 238, 255: 5
123, 228, 164, 255: 1
126, 199, 43, 255: 16
242, 198, 136, 255: 10
199, 60, 110, 255: 5
245, 25, 22, 255: 7
106, 113, 173, 255: 1
82, 2, 45, 255: 2
0, 62, 175, 255: 2
255, 202, 105, 255: 1
126, 246, 97, 255: 1
90, 16, 255, 255: 3
218, 141, 145, 255: 10
151, 206, 122, 255: 2
209, 225, 52, 255: 1
239, 70, 5, 255: 56
86, 194, 186, 255: 4
145, 255, 44, 255: 1
98, 234, 203, 255: 10
127, 234, 12, 255: 1
128, 114, 89, 255: 1
133, 3, 213, 255: 13
83, 195, 201, 255: 2
194, 63, 245, 255: 2
182, 84, 98, 255: 14
0, 244, 7, 255: 1913
216, 119, 204, 255: 68
15, 66, 11, 255: 1
154, 107, 202, 255: 2
27, 114, 56, 255: 8
37, 255, 189, 255: 5
81, 1, 44, 255: 1
41, 110, 47, 255: 1
245, 41, 116, 255: 4
17, 10, 195, 255: 1
136, 255, 38, 255: 2
0, 128, 90, 255: 24
184, 229, 249, 255: 22
37, 50, 36, 255: 4
136, 255, 107, 255: 4
89, 193, 62, 255: 2
0, 117, 11, 255: 1
14, 81, 104, 255: 2
36, 56, 72, 255: 1
251, 147, 236, 255: 1
188, 46, 218, 255: 5
253, 45, 188, 255: 19
78, 81, 26, 255: 60
239, 55, 204, 255: 1
0, 190, 203, 255: 1279
187, 58, 82, 255: 15
84, 10, 95, 255: 2
81, 140, 37, 255: 1
148, 104, 195, 255: 3
23, 113, 178, 255: 1
225, 59, 94, 255: 1
62, 249, 46, 255: 2
153, 22, 244, 255: 17
26, 66, 37, 255: 3
4, 46, 81, 255: 1211
128, 104, 242, 255: 1
34, 50, 134, 255: 4
147, 183, 180, 255: 22
185, 209, 92, 255: 2
187, 40, 179, 255: 3
249, 139, 89, 255: 1
78, 18, 16, 255: 10
255, 41, 48, 255: 1
156, 187, 75, 255: 1
83, 172, 135, 255: 1
234, 28, 5, 255: 1
0, 147, 251, 255: 3
0, 31, 146, 255: 88
77, 14, 170, 255: 4
95, 47, 164, 255: 3
248, 218, 144, 255: 24
70, 186, 89, 255: 5
236, 92, 169, 255: 24
202, 153, 236, 255: 1
83, 138, 255, 255: 1
82, 217, 40, 255: 31
142, 255, 180, 255: 2
243, 228, 133, 255: 3
184, 196, 255, 255: 1
236, 122, 128, 255: 19
53, 155, 80, 255: 1080
216, 188, 67, 255: 65
39, 118, 184, 255: 4
104, 144, 192, 255: 1
38, 155, 26, 255: 1
94, 194, 165, 255: 5
128, 251, 107, 255: 4
92, 255, 250, 255: 1
126, 94, 65, 255: 1
229, 146, 107, 255: 5
140, 62, 210, 255: 4
86, 118, 65, 255: 4
98, 53, 141, 255: 6
232, 61, 154, 255: 12
0, 229, 183, 255: 1
157, 36, 228, 255: 6
50, 44, 119, 255: 1
99, 18, 109, 255: 4
190, 255, 167, 255: 4
135, 82, 218, 255: 9
138, 255, 4, 255: 9
196, 40, 13, 255: 1
253, 121, 226, 255: 1
93, 240, 107, 255: 7
147, 120, 135, 255: 2
125, 135, 253, 255: 21
136, 218, 228, 255: 25
138, 69, 163, 255: 31
0, 26, 77, 255: 1
225, 228, 61, 255: 1
43, 34, 94, 255: 2
32, 132, 207, 255: 7
42, 184, 197, 255: 2
40, 232, 255, 255: 1
83, 62, 36, 255: 1
84, 184, 9, 255: 9
186, 113, 80, 255: 1
74, 152, 215, 255: 1
142, 218, 42, 255: 1
53, 171, 213, 255: 2
14, 45, 70, 255: 23
35, 55, 71, 255: 4
82, 255, 211, 255: 1
180, 142, 40, 255: 4
233, 44, 252, 255: 7
22, 125, 42, 255: 10
238, 89, 200, 255: 23
239, 12, 162, 255: 1
90, 148, 112, 255: 2
44, 45, 115, 255: 2
178, 143, 139, 255: 1
90, 192, 116, 255: 7
95, 72, 178, 255: 4
250, 110, 47, 255: 15
190, 12, 187, 255: 3
233, 170, 188, 255: 2
197, 221, 113, 255: 6
72, 213, 2, 255: 1
0, 111, 8, 255: 1
94, 219, 179, 255: 25
0, 210, 107, 255: 72
63, 181, 184, 255: 24
208, 39, 231, 255: 1
76, 209, 123, 255: 2
71, 79, 92, 255: 3
194, 23, 156, 255: 27
240, 201, 70, 255: 5
94, 4, 30, 255: 1
11, 12, 83, 255: 1
42, 146, 81, 255: 3
193, 4, 255, 255: 1
149, 105, 196, 255: 1
185, 164, 139, 255: 10
0, 144, 226, 255: 1
175, 140, 101, 255: 12
37, 23, 33, 255: 3
22, 240, 214, 255: 4
195, 255, 8, 255: 2
143, 248, 38, 255: 22
98, 202, 144, 255: 2
31, 63, 87, 255: 53
0, 69, 246, 255: 7
79, 148, 19, 255: 5
0, 89, 255, 255: 38
27, 185, 20, 255: 10
81, 73, 146, 255: 1
49, 124, 104, 255: 9
136, 17, 236, 255: 1
255, 42, 151, 255: 1
244, 3, 246, 255: 8
195, 15, 136, 255: 1
68, 4, 254, 255: 28
243, 190, 80, 255: 2
0, 87, 128, 255: 21
149, 72, 101, 255: 1
225, 175, 35, 255: 3
179, 173, 136, 255: 1
242, 28, 102, 255: 4
110, 59, 39, 255: 56
233, 42, 215, 255: 2
0, 93, 134, 255: 49
80, 0, 43, 255: 2
156, 184, 14, 255: 5
87, 254, 178, 255: 43
143, 188, 95, 255: 1
22, 51, 233, 255: 5
192, 134, 226, 255: 1
86, 186, 149, 255: 5
175, 41, 22, 255: 11
140, 222, 12, 255: 11
182, 34, 36, 255: 2
0, 169, 14, 255: 2
0, 58, 67, 255: 2
193, 27, 127, 255: 1
47, 130, 21, 255: 6
34, 198, 100, 255: 7
77, 255, 20, 255: 2
36, 140, 159, 255: 6
83, 223, 243, 255: 3
143, 145, 234, 255: 1
0, 89, 155, 255: 4
87, 178, 93, 255: 4
36, 140, 75, 255: 2
232, 23, 55, 255: 1
144, 171, 249, 255: 1
87, 247, 212, 255: 1
138, 137, 220, 255: 1
183, 11, 34, 255: 5
16, 215, 14, 255: 17
253, 12, 102, 255: 9
192, 0, 42, 255: 1
77, 240, 47, 255: 28
3, 104, 249, 255: 1
43, 181, 143, 255: 10
96, 64, 4, 255: 4
229, 251, 3, 255: 9
238, 80, 178, 255: 1
25, 92, 114, 255: 21
5, 3, 16, 255: 1
49, 195, 68, 255: 15
31, 126, 235, 255: 25
251, 114, 150, 255: 32
92, 204, 210, 255: 1
142, 132, 121, 255: 102
141, 184, 73, 255: 2
201, 181, 11, 255: 35
196, 155, 149, 255: 3
43, 42, 49, 255: 6
223, 85, 231, 255: 1
150, 192, 0, 255: 4
244, 41, 252, 255: 3
0, 44, 236, 255: 24
126, 101, 103, 255: 1
178, 38, 207, 255: 2
94, 247, 37, 255: 2
0, 65, 109, 255: 15
194, 227, 29, 255: 27
112, 83, 234, 255: 1
248, 222, 16, 255: 1
189, 255, 65, 255: 1
36, 250, 174, 255: 6
185, 76, 81, 255: 9
215, 170, 228, 255: 56
187, 247, 136, 255: 2
135, 255, 37, 255: 1
136, 111, 11, 255: 6
17, 174, 10, 255: 2
231, 93, 239, 255: 3
145, 98, 90, 255: 16
42, 55, 41, 255: 3
102, 194, 254, 255: 2
142, 58, 137, 255: 4
196, 247, 226, 255: 18
236, 167, 81, 255: 18
169, 202, 213, 255: 2
26, 171, 87, 255: 1
6, 208, 105, 255: 45
190, 255, 5, 255: 2
0, 177, 245, 255: 1
142, 71, 177, 255: 23
241, 172, 86, 255: 29
254, 124, 154, 255: 2
88, 14, 255, 255: 1
160, 99, 72, 255: 2
0, 6, 202, 255: 68
84, 200, 103, 255: 4
137, 39, 11, 255: 3
0, 172, 42, 255: 4
209, 206, 113, 255: 1
126, 145, 209, 255: 2
40, 255, 170, 255: 1
88, 247, 4, 255: 54
132, 255, 247, 255: 1
87, 16, 255, 255: 68
219, 177, 179, 255: 1
35, 160, 223, 255: 1
21, 86, 9, 255: 2
217, 252, 113, 255: 20
123, 232, 73, 255: 4
239, 88, 136, 255: 14
34, 228, 60, 255: 3
151, 8, 222, 255: 11
139, 135, 17, 255: 5
17, 7, 68, 255: 2
81, 167, 115, 255: 3
0, 241, 137, 255: 61
87, 82, 116, 255: 2
65, 46, 204, 255: 1
8, 198, 87, 255: 1912
231, 5, 216, 255: 4
143, 139, 124, 255: 3
86, 106, 10, 255: 1
147, 227, 29, 255: 26
29, 153, 8, 255: 1
22, 21, 146, 255: 1
34, 210, 37, 255: 8
91, 28, 148, 255: 1
92, 163, 132, 255: 4
63, 38, 152, 255: 1
202, 59, 23, 255: 7
11, 105, 215, 255: 1
37, 94, 142, 255: 21
0, 159, 217, 255: 22
37, 88, 32, 255: 27
136, 189, 160, 255: 2
192, 87, 172, 255: 1
115, 177, 13, 255: 2
132, 96, 53, 255: 1
86, 8, 196, 255: 4
136, 230, 165, 255: 3
235, 69, 103, 255: 4
168, 220, 152, 255: 1
95, 15, 32, 255: 1
16, 118, 36, 255: 1
249, 255, 171, 255: 1
54, 79, 185, 255: 1
184, 251, 33, 255: 1
176, 53, 43, 255: 13
96, 95, 245, 255: 15
250, 107, 177, 255: 1
137, 254, 42, 255: 16
28, 112, 211, 255: 7
0, 142, 250, 255: 1
34, 9, 163, 255: 4
87, 58, 240, 255: 11
142, 46, 36, 255: 1
136, 88, 165, 255: 28
243, 255, 181, 255: 2
122, 159, 5, 255: 1
229, 246, 221, 255: 1
0, 178, 91, 255: 5
88, 182, 77, 255: 1
211, 200, 156, 255: 7
150, 115, 116, 255: 4
181, 255, 21, 255: 7
175, 234, 12, 255: 1
13, 105, 14, 255: 1
231, 209, 191, 255: 8
27, 249, 65, 255: 2
246, 163, 6, 255: 8
33, 90, 138, 255: 30
0, 2, 98, 255: 35
146, 107, 130, 255: 2
213, 248, 109, 255: 49
238, 181, 20, 255: 3
0, 79, 112, 255: 5
70, 238, 114, 255: 4
122, 85, 197, 255: 4
38, 183, 201, 255: 13
123, 230, 229, 255: 5
96, 70, 77, 255: 12
244, 200, 138, 255: 2
135, 104, 38, 255: 3
185, 169, 85, 255: 1
194, 53, 115, 255: 1
143, 143, 142, 255: 20
188, 129, 238, 255: 2
38, 53, 255, 255: 2
1, 227, 153, 255: 5
35, 181, 54, 255: 1
42, 159, 30, 255: 2
188, 69, 176, 255: 13
193, 75, 108, 255: 2
39, 233, 100, 255: 2
202, 237, 240, 255: 1
255, 39, 11, 255: 1
115, 56, 125, 255: 2
134, 120, 131, 255: 3
189, 201, 204, 255: 2
56, 89, 219, 255: 6
27, 197, 101, 255: 4
187, 133, 55, 255: 22
135, 0, 22, 255: 2
188, 0, 56, 255: 6
186, 113, 115, 255: 12
151, 212, 94, 255: 6
49, 247, 92, 255: 14
249, 45, 121, 255: 1
250, 240, 85, 255: 6
184, 234, 40, 255: 1
229, 226, 92, 255: 7
176, 201, 148, 255: 3
184, 119, 150, 255: 1
176, 168, 215, 255: 13
183, 142, 136, 255: 1
165, 149, 30, 255: 836
45, 204, 57, 255: 1
0, 83, 116, 255: 39
0, 184, 29, 255: 17
191, 82, 255, 255: 29
41, 24, 89, 255: 10
82, 135, 56, 255: 1
20, 43, 157, 255: 8
95, 189, 84, 255: 3
117, 245, 7, 255: 21
0, 29, 110, 255: 7
186, 160, 169, 255: 2
86, 22, 117, 255: 1
0, 103, 234, 255: 1
27, 100, 191, 255: 1
243, 65, 137, 255: 1
205, 20, 174, 255: 5
133, 127, 167, 255: 78
186, 14, 46, 255: 2
0, 174, 211, 255: 4
84, 83, 233, 255: 10
80, 45, 32, 255: 2
83, 145, 21, 255: 1
40, 80, 51, 255: 8
164, 236, 88, 255: 2141
194, 102, 193, 255: 2
39, 223, 218, 255: 11
120, 251, 136, 255: 6
167, 186, 65, 255: 17
120, 75, 20, 255: 3
106, 163, 186, 255: 10
140, 218, 178, 255: 50
238, 195, 13, 255: 4
158, 117, 152, 255: 3
192, 145, 144, 255: 34
227, 214, 106, 255: 1
188, 16, 131, 255: 22
31, 249, 223, 255: 90
37, 4, 94, 255: 7
104, 152, 151, 255: 3
245, 255, 53, 255: 2
0, 246, 206, 255: 1
43, 249, 6, 255: 61
192, 218, 199, 255: 20
238, 208, 126, 255: 1
232, 53, 132, 255: 2
150, 109, 41, 255: 1
35, 30, 57, 255: 1
236, 247, 220, 255: 15
32, 141, 162, 255: 15
195, 242, 207, 255: 6
195, 150, 247, 255: 6
169, 117, 103, 255: 1
81, 104, 105, 255: 1
51, 1, 14, 255: 13
90, 86, 1, 255: 9
32, 194, 43, 255: 1
138, 133, 191, 255: 1
136, 3, 80, 255: 1
215, 5, 131, 255: 1
187, 68, 175, 255: 7
85, 6, 186, 255: 1
254, 38, 14, 255: 13
181, 152, 216, 255: 18
24, 251, 135, 255: 22
198, 123, 35, 255: 1
0, 128, 74, 255: 6
91, 180, 143, 255: 41
117, 187, 189, 255: 2
2, 27, 126, 255: 1
114, 129, 188, 255: 1
236, 255, 176, 255: 2
192, 98, 90, 255: 1
179, 20, 151, 255: 1
254, 79, 121, 255: 1
141, 14, 31, 255: 22
34, 135, 100, 255: 2
31, 24, 209, 255: 3
243, 255, 87, 255: 5
255, 233, 57, 255: 1
190, 133, 85, 255: 1
184, 226, 30, 255: 4
81, 150, 255, 255: 30
91, 244, 34, 255: 1
161, 57, 224, 255: 72
233, 1, 210, 255: 4
68, 222, 119, 255: 1
241, 16, 81, 255: 11
76, 140, 70, 255: 1
185, 46, 96, 255: 4
208, 235, 185, 255: 5
205, 133, 246, 255: 7
128, 52, 42, 255: 7
27, 97, 217, 255: 9
121, 68, 102, 255: 3
137, 236, 103, 255: 85
0, 6, 13, 255: 1
244, 132, 54, 255: 2
90, 135, 145, 255: 1
188, 141, 140, 255: 14
185, 84, 0, 255: 15
245, 255, 207, 255: 2
129, 56, 145, 255: 1
244, 134, 1, 255: 11
1, 159, 34, 255: 2
0, 68, 160, 255: 1
182, 35, 174, 255: 2
125, 9, 61, 255: 6
203, 70, 197, 255: 2
191, 140, 22, 255: 1
0, 162, 169, 255: 1
236, 108, 54, 255: 1
71, 134, 218, 255: 4
221, 115, 33, 255: 3
175, 247, 98, 255: 6
53, 146, 46, 255: 1
198, 164, 15, 255: 2
156, 33, 166, 255: 4
137, 25, 193, 255: 1
123, 62, 31, 255: 2
136, 127, 43, 255: 1
187, 255, 132, 255: 1
78, 195, 142, 255: 1
84, 136, 186, 255: 4
198, 151, 252, 255: 1
55, 226, 87, 255: 1
219, 95, 195, 255: 1
22, 100, 132, 255: 1
0, 41, 233, 255: 85
94, 31, 125, 255: 2
191, 165, 55, 255: 1
131, 15, 67, 255: 1
31, 22, 82, 255: 38
24, 216, 205, 255: 1
181, 201, 233, 255: 1
0, 53, 97, 255: 1
255, 192, 65, 255: 1
28, 224, 227, 255: 1
233, 139, 193, 255: 1
144, 81, 251, 255: 1
159, 55, 222, 255: 280
130, 57, 17, 255: 2
136, 93, 136, 255: 1
0, 73, 126, 255: 2
123, 178, 18, 255: 1
138, 83, 164, 255: 10
136, 130, 16, 255: 2
185, 73, 174, 255: 4
0, 108, 193, 255: 104
16, 179, 237, 255: 1
190, 63, 186, 255: 1
33, 4, 180, 255: 9
248, 208, 124, 255: 188
0, 104, 180, 255: 73
102, 213, 194, 255: 1
0, 63, 231, 255: 1
88, 223, 46, 255: 6
0, 14, 98, 255: 2
174, 21, 82, 255: 6
30, 230, 130, 255: 1
142, 193, 28, 255: 1
136, 42, 28, 255: 1
86, 171, 17, 255: 5
186, 152, 250, 255: 2
181, 251, 39, 255: 7
187, 50, 163, 255: 9
0, 151, 67, 255: 99
118, 139, 11, 255: 3
0, 13, 119, 255: 86
238, 137, 170, 255: 1
129, 123, 199, 255: 1
252, 151, 184, 255: 45
247, 144, 78, 255: 8
236, 26, 151, 255: 3
51, 131, 179, 255: 1
0, 42, 166, 255: 69
56, 205, 136, 255: 9
43, 42, 13, 255: 3
0, 70, 225, 255: 1
238, 179, 103, 255: 2
154, 197, 188, 255: 1
176, 138, 0, 255: 9
84, 106, 226, 255: 62
247, 83, 134, 255: 4
249, 117, 222, 255: 9
194, 77, 17, 255: 1
121, 76, 21, 255: 1
186, 96, 242, 255: 12
185, 222, 213, 255: 7
241, 68, 208, 255: 2
142, 251, 230, 255: 1
75, 137, 4, 255: 1
167, 16, 23, 255: 1
167, 236, 245, 255: 1
180, 170, 119, 255: 48
199, 232, 217, 255: 1
94, 171, 209, 255: 5
166, 117, 202, 255: 1
142, 127, 1, 255: 2
142, 207, 243, 255: 7
0, 46, 81, 255: 2953
34, 229, 131, 255: 1
107, 15, 184, 255: 3
32, 195, 252, 255: 3
135, 41, 146, 255: 1
92, 88, 3, 255: 9
0, 240, 3, 255: 1351
129, 232, 133, 255: 2
147, 202, 16, 255: 1
