250, 243, 59, 255: 3
139, 100, 87, 255: 39
135, 99, 92, 255: 3
195, 246, 216, 255: 1
255, 125, 255, 255: 4
98, 179, 231, 255: 22
58, 157, 239, 255: 17
144, 239, 101, 255: 2
95, 68, 57, 255: 2
105, 222, 15, 255: 5
69, 105, 205, 255: 2
178, 242, 181, 255: 8
0, 126, 96, 255: 1
137, 201, 54, 255: 1
229, 184, 241, 255: 20
28, 95, 14, 255: 2
85, 191, 231, 255: 5
30, 1, 177, 255: 1
180, 145, 106, 255: 53
0, 25, 17, 255: 37
43, 171, 50, 255: 1
215, 162, 53, 255: 4
139, 127, 201, 255: 7
155, 163, 73, 255: 9
72, 23, 250, 255: 6
242, 233, 31, 255: 42
133, 116, 29, 255: 1
30, 81, 25, 255: 146
70, 164, 24, 255: 1
116, 244, 6, 255: 18
0, 61, 173, 255: 14
89, 210, 156, 255: 2
39, 255, 182, 255: 1
137, 101, 94, 255: 3
246, 84, 132, 255: 4
248, 205, 151, 255: 1
91, 247, 161, 255: 6
0, 11, 150, 255: 7
88, 62, 224, 255: 15
87, 33, 210, 255: 2
30, 9, 61, 255: 61
125, 144, 208, 255: 2
0, 195, 152, 255: 6
52, 110, 13, 255: 6
233, 103, 31, 255: 1
150, 253, 201, 255: 2
230, 172, 157, 255: 1
76, 244, 120, 255: 7
100, 74, 236, 255: 3
35, 119, 255, 255: 2
12, 151, 66, 255: 7
147, 84, 101, 255: 33
179, 48, 230, 255: 6
116, 159, 74, 255: 1
242, 1, 244, 255: 2
88, 245, 255, 255: 4
84, 255, 9, 255: 7
107, 205, 39, 255: 14
141, 233, 253, 255: 11
137, 2, 24, 255: 8
251, 4, 171, 255: 3
119, 14, 111, 255: 1
190, 136, 58, 255: 18
0, 73, 228, 255: 1
252, 165, 177, 255: 1
225, 13, 39, 255: 8
11, 168, 4, 255: 3
231, 68, 5, 255: 2
232, 169, 187, 255: 1
42, 166, 174, 255: 1
80, 243, 86, 255: 1
0, 77, 169, 255: 1
137, 115, 96, 255: 20
31, 147, 91, 255: 2
0, 191, 115, 255: 1
183, 220, 73, 255: 11
242, 118, 150, 255: 1
0, 127, 221, 255: 199
240, 42, 92, 255: 2
0, 176, 179, 255: 51
66, 99, 229, 255: 4
176, 209, 220, 255: 7
207, 6, 82, 255: 1
37, 157, 34, 255: 2
140, 54, 70, 255: 5
193, 171, 158, 255: 38
0, 63, 141, 255: 2168
231, 123, 198, 255: 63
238, 72, 106, 255: 23
57, 118, 79, 255: 1
242, 228, 213, 255: 2
1, 104, 164, 255: 4
91, 255, 169, 255: 3
146, 11, 136, 255: 8
30, 42, 249, 255: 1
255, 134, 243, 255: 1
164, 197, 210, 255: 2
47, 41, 116, 255: 5
203, 45, 30, 255: 1
205, 69, 161, 255: 1
187, 25, 150, 255: 2
150, 214, 40, 255: 4
39, 173, 191, 255: 3
0, 104, 57, 255: 2
88, 225, 220, 255: 1
94, 43, 62, 255: 28
191, 35, 8, 255: 1
152, 248, 128, 255: 22
140, 85, 13, 255: 3
114, 151, 101, 255: 1
0, 85, 186, 255: 21
231, 255, 185, 255: 1
244, 19, 84, 255: 26
160, 240, 3, 255: 164
0, 131, 225, 255: 119
0, 115, 9, 255: 1
137, 193, 135, 255: 2
45, 45, 188, 255: 7
91, 167, 22, 255: 1
59, 171, 105, 255: 4
155, 235, 37, 255: 5
186, 110, 107, 255: 71
36, 254, 19, 255: 1
44, 198, 136, 255: 1
196, 151, 95, 255: 2
0, 206, 74, 255: 1
92, 186, 45, 255: 3
35, 21, 185, 255: 1
87, 76, 41, 255: 1
248, 78, 214, 255: 1
23, 135, 254, 255: 1
188, 178, 163, 255: 44
136, 192, 134, 255: 1
37, 159, 98, 255: 1
126, 183, 52, 255: 2
88, 168, 212, 255: 1
212, 209, 77, 255: 1
255, 215, 162, 255: 1
237, 30, 125, 255: 7
220, 203, 91, 255: 1
168, 45, 35, 255: 1
112, 116, 167, 255: 81
166, 17, 123, 255: 5
129, 66, 228, 255: 3
4, 62, 214, 255: 3
126, 90, 236, 255: 1
31, 10, 97, 255: 8
42, 13, 153, 255: 2
111, 228, 135, 255: 1
54, 37, 205, 255: 2
187, 81, 65, 255: 1
32, 245, 151, 255: 3
251, 98, 158, 255: 5
198, 42, 255, 255: 1
26, 46, 97, 255: 4
136, 94, 18, 255: 24
193, 88, 46, 255: 2
86, 42, 210, 255: 1
244, 151, 248, 255: 7
140, 197, 255, 255: 1
241, 32, 255, 255: 7
77, 110, 239, 255: 4
90, 41, 150, 255: 2
93, 136, 91, 255: 6
215, 30, 144, 255: 146
229, 207, 87, 255: 1
243, 16, 137, 255: 1
240, 120, 233, 255: 12
133, 141, 196, 255: 21
255, 110, 81, 255: 1
130, 42, 216, 255: 18
57, 159, 84, 255: 433
49, 99, 90, 255: 4
236, 245, 36, 255: 2
189, 206, 242, 255: 12
141, 144, 11, 255: 1
22, 255, 54, 255: 1
190, 103, 126, 255: 11
209, 103, 21, 255: 27
48, 66, 213, 255: 1
191, 116, 131, 255: 2
132, 3, 94, 255: 2
77, 119, 56, 255: 1
247, 240, 209, 255: 1
26, 13, 129, 255: 3
121, 227, 124, 255: 1
23, 190, 191, 255: 2
200, 23, 88, 255: 9
14, 167, 214, 255: 1
78, 98, 156, 255: 9
197, 23, 186, 255: 1
15, 29, 233, 255: 3
86, 13, 168, 255: 1
26, 71, 203, 255: 2
184, 135, 218, 255: 5
195, 139, 228, 255: 22
190, 94, 171, 255: 25
42, 80, 63, 255: 77
204, 60, 241, 255: 1
182, 81, 253, 255: 4
215, 159, 208, 255: 128
31, 203, 170, 255: 5
44, 22, 19, 255: 1
40, 94, 53, 255: 5
174, 144, 173, 255: 2
247, 238, 36, 255: 5
244, 132, 156, 255: 25
248, 72, 132, 255: 2
140, 211, 58, 255: 1
0, 132, 103, 255: 20
190, 36, 72, 255: 5
92, 54, 70, 255: 4
183, 217, 109, 255: 3
249, 247, 4, 255: 5
95, 234, 190, 255: 1
81, 224, 214, 255: 6
94, 156, 134, 255: 6
205, 28, 93, 255: 4
71, 250, 135, 255: 13
15, 37, 152, 255: 23
76, 236, 236, 255: 2
88, 114, 95, 255: 5
193, 96, 221, 255: 1
231, 60, 188, 255: 3
241, 71, 207, 255: 1
41, 188, 49, 255: 5
197, 105, 196, 255: 1
187, 46, 6, 255: 1
203, 111, 48, 255: 13
141, 45, 162, 255: 3
198, 252, 201, 255: 1
141, 102, 125, 255: 4
5, 170, 70, 255: 1
28, 54, 9, 255: 7
165, 8, 203, 255: 103
235, 86, 197, 255: 20
253, 176, 95, 255: 3
243, 105, 4, 255: 1
0, 46, 17, 255: 4
135, 172, 18, 255: 1
80, 171, 86, 255: 42
138, 165, 140, 255: 97
183, 148, 211, 255: 6
235, 23, 152, 255: 1
250, 185, 215, 255: 3
186, 47, 234, 255: 3
146, 1, 14, 255: 1
43, 197, 237, 255: 14
136, 206, 208, 255: 6
92, 136, 255, 255: 7
29, 187, 175, 255: 1
153, 231, 191, 255: 5
239, 255, 41, 255: 15
34, 99, 58, 255: 24
0, 252, 24, 255: 144
134, 20, 16, 255: 4
156, 68, 57, 255: 22
0, 14, 51, 255: 6
77, 148, 190, 255: 1
91, 103, 96, 255: 2
88, 196, 224, 255: 10
84, 129, 175, 255: 8
182, 23, 15, 255: 1
95, 23, 24, 255: 7
235, 156, 96, 255: 5
145, 209, 35, 255: 1
78, 115, 214, 255: 8
112, 215, 245, 255: 1
35, 205, 212, 255: 3
138, 255, 123, 255: 1
147, 42, 249, 255: 8
90, 153, 211, 255: 2
134, 165, 118, 255: 3
139, 37, 78, 255: 5
91, 115, 253, 255: 6
114, 99, 230, 255: 28
121, 166, 179, 255: 2
197, 213, 194, 255: 2
138, 130, 107, 255: 7
86, 255, 179, 255: 1
130, 124, 10, 255: 1
89, 255, 5, 255: 3
0, 139, 213, 255: 5
0, 154, 36, 255: 1
194, 130, 52, 255: 7
35, 89, 131, 255: 13
148, 251, 199, 255: 3
252, 164, 194, 255: 1
0, 111, 82, 255: 1
193, 144, 7, 255: 1
0, 90, 246, 255: 1
135, 217, 74, 255: 1
241, 238, 104, 255: 12
121, 103, 134, 255: 2
190, 80, 24, 255: 2
113, 27, 9, 255: 125
81, 255, 209, 255: 2
162, 201, 0, 255: 1
42, 192, 116, 255: 3
141, 19, 104, 255: 1
246, 200, 48, 255: 2
126, 159, 203, 255: 1
141, 155, 134, 255: 8
0, 142, 216, 255: 1
193, 30, 228, 255: 7
249, 249, 249, 255: 1
0, 28, 211, 255: 4
243, 119, 254, 255: 4
98, 72, 234, 255: 2
32, 152, 146, 255: 43
26, 118, 61, 255: 2
60, 145, 249, 255: 5
204, 91, 138, 255: 2
226, 8, 130, 255: 1
87, 170, 210, 255: 7
238, 167, 255, 255: 2
226, 55, 148, 255: 2
99, 202, 16, 255: 1
0, 25, 208, 255: 1
191, 47, 165, 255: 16
252, 49, 133, 255: 2
142, 28, 25, 255: 6
185, 99, 3, 255: 3
199, 138, 4, 255: 3
244, 255, 31, 255: 1
237, 148, 215, 255: 1
237, 129, 204, 255: 58
161, 238, 158, 255: 2
17, 220, 33, 255: 1
232, 93, 30, 255: 1
193, 255, 132, 255: 3
242, 67, 7, 255: 7
38, 22, 14, 255: 3
230, 78, 90, 255: 2
173, 50, 40, 255: 8
92, 29, 123, 255: 5
85, 255, 61, 255: 2
249, 235, 220, 255: 1
187, 45, 217, 255: 8
192, 255, 169, 255: 2
71, 171, 252, 255: 11
0, 121, 151, 255: 3
11, 185, 98, 255: 1
252, 255, 234, 255: 3
34, 60, 255, 255: 43
229, 93, 81, 255: 35
210, 149, 15, 255: 4
38, 42, 117, 255: 7
114, 8, 70, 255: 15
93, 129, 255, 255: 3
157, 221, 47, 255: 1
113, 87, 207, 255: 1
41, 165, 20, 255: 17
30, 188, 23, 255: 44
0, 180, 94, 255: 11
0, 68, 215, 255: 32
77, 242, 148, 255: 4
215, 116, 102, 255: 7
74, 174, 255, 255: 37
111, 50, 20, 255: 1
127, 85, 230, 255: 7
70, 21, 248, 255: 1
45, 177, 199, 255: 2
184, 141, 226, 255: 1
195, 64, 25, 255: 11
45, 199, 239, 255: 18
149, 155, 223, 255: 15
247, 115, 220, 255: 16
127, 5, 90, 255: 8
98, 196, 69, 255: 54
241, 62, 23, 255: 43
127, 33, 205, 255: 1
238, 31, 126, 255: 7
85, 113, 46, 255: 1
52, 41, 149, 255: 3
172, 203, 91, 255: 14
143, 196, 14, 255: 1
199, 19, 242, 255: 90
15, 206, 94, 255: 1
154, 209, 23, 255: 1
140, 63, 92, 255: 2
0, 63, 107, 255: 20
0, 111, 43, 255: 2
246, 77, 12, 255: 8
29, 116, 58, 255: 17
237, 86, 134, 255: 12
189, 101, 89, 255: 40
75, 24, 188, 255: 5
239, 240, 120, 255: 11
185, 126, 200, 255: 49
241, 37, 112, 255: 2
85, 202, 140, 255: 20
146, 251, 41, 255: 40
44, 102, 5, 255: 23
208, 218, 233, 255: 1
158, 62, 140, 255: 5079
192, 116, 113, 255: 15
184, 124, 96, 255: 4
62, 197, 21, 255: 18
129, 53, 116, 255: 1
233, 15, 137, 255: 5
143, 62, 255, 255: 22
77, 44, 247, 255: 4
247, 131, 39, 255: 1
69, 61, 252, 255: 3
203, 255, 79, 255: 1
185, 81, 93, 255: 2
142, 213, 96, 255: 7
119, 150, 31, 255: 1
129, 95, 151, 255: 3
242, 90, 0, 255: 2
81, 34, 104, 255: 28
33, 2, 80, 255: 46
191, 132, 122, 255: 26
202, 251, 131, 255: 8
46, 217, 78, 255: 6
147, 54, 142, 255: 4
239, 137, 152, 255: 2
243, 152, 84, 255: 19
208, 205, 73, 255: 4
190, 219, 180, 255: 18
89, 50, 104, 255: 1
198, 90, 205, 255: 71
86, 246, 93, 255: 1
31, 135, 154, 255: 8
18, 11, 196, 255: 1
73, 120, 126, 255: 2
0, 40, 75, 255: 20
22, 249, 133, 255: 8
50, 86, 227, 255: 4
228, 197, 233, 255: 10
36, 37, 107, 255: 10
0, 246, 176, 255: 61
144, 67, 96, 255: 1
48, 34, 198, 255: 1
140, 69, 175, 255: 13
190, 186, 247, 255: 4
255, 55, 173, 255: 2
151, 190, 28, 255: 1
188, 88, 12, 255: 1
85, 25, 23, 255: 32
204, 146, 238, 255: 1
186, 89, 214, 255: 1
101, 234, 105, 255: 16
234, 239, 206, 255: 1
139, 26, 255, 255: 2
122, 28, 133, 255: 1
176, 215, 13, 255: 1
0, 0, 92, 255: 1
0, 116, 14, 255: 1
235, 23, 187, 255: 1
97, 255, 149, 255: 1
111, 253, 251, 255: 1
239, 105, 230, 255: 3
113, 175, 11, 255: 25
159, 206, 211, 255: 1
194, 6, 62, 255: 105
192, 208, 189, 255: 1
156, 93, 110, 255: 1
127, 186, 153, 255: 1
143, 3, 59, 255: 3
83, 163, 104, 255: 5
193, 73, 7, 255: 5
92, 204, 137, 255: 4
95, 23, 207, 255: 1
138, 28, 38, 255: 28
231, 160, 148, 255: 1
78, 75, 255, 255: 1
0, 57, 170, 255: 3
132, 21, 116, 255: 20
133, 139, 104, 255: 1
36, 216, 232, 255: 5
85, 134, 158, 255: 3
239, 190, 196, 255: 7
35, 253, 227, 255: 43
192, 108, 194, 255: 4
2, 85, 226, 255: 1
72, 64, 35, 255: 2
241, 176, 104, 255: 5
190, 4, 150, 255: 3
187, 91, 168, 255: 51
245, 255, 30, 255: 3
72, 202, 212, 255: 1
0, 239, 224, 255: 113
132, 249, 1, 255: 70
242, 175, 188, 255: 1
46, 209, 159, 255: 14
241, 27, 246, 255: 7
195, 134, 0, 255: 1
187, 81, 148, 255: 17
89, 101, 94, 255: 3
39, 123, 222, 255: 3
181, 171, 120, 255: 35
86, 121, 12, 255: 2
76, 2, 241, 255: 11
129, 125, 7, 255: 5
175, 24, 30, 255: 1
79, 126, 132, 255: 3
24, 31, 67, 255: 13
35, 81, 231, 255: 4
198, 8, 148, 255: 2
214, 51, 56, 255: 1
83, 242, 255, 255: 3
48, 51, 139, 255: 4
37, 61, 210, 255: 1
189, 167, 154, 255: 20
235, 23, 49, 255: 65
175, 242, 152, 255: 3
91, 70, 164, 255: 15
150, 140, 232, 255: 1
195, 152, 84, 255: 5
40, 182, 41, 255: 1
0, 194, 83, 255: 2565
232, 151, 57, 255: 26
122, 16, 77, 255: 12
111, 187, 232, 255: 1
243, 81, 129, 255: 5
250, 165, 20, 255: 6
7, 68, 22, 255: 24
98, 110, 111, 255: 7
240, 96, 173, 255: 6
202, 31, 164, 255: 15
145, 15, 225, 255: 5
94, 145, 12, 255: 5
153, 189, 186, 255: 12
81, 155, 94, 255: 12
24, 97, 85, 255: 2
73, 143, 75, 255: 1
172, 224, 156, 255: 909
142, 56, 37, 255: 5
186, 64, 72, 255: 1
39, 190, 29, 255: 10
96, 255, 31, 255: 1
240, 56, 85, 255: 12
186, 210, 102, 255: 2
133, 0, 230, 255: 3
196, 129, 71, 255: 1
29, 99, 219, 255: 18
104, 89, 106, 255: 4
145, 255, 219, 255: 1
237, 193, 131, 255: 2
132, 73, 140, 255: 81
144, 140, 125, 255: 1
144, 218, 80, 255: 7
182, 38, 156, 255: 1
84, 239, 135, 255: 8
0, 102, 243, 255: 4
41, 8, 98, 255: 36
43, 202, 208, 255: 17
242, 77, 26, 255: 23
71, 99, 32, 255: 2
237, 178, 102, 255: 1
182, 81, 217, 255: 2
166, 160, 51, 255: 2
190, 164, 137, 255: 1
135, 244, 121, 255: 5
183, 145, 43, 255: 13
0, 69, 122, 255: 1
28, 255, 24, 255: 1
133, 24, 217, 255: 3
138, 118, 25, 255: 9
131, 226, 88, 255: 1
9, 87, 119, 255: 7
131, 131, 19, 255: 12
188, 255, 61, 255: 2
3, 18, 108, 255: 2
203, 227, 119, 255: 1
95, 63, 3, 255: 6
229, 135, 87, 255: 2
196, 182, 80, 255: 12
232, 59, 89, 255: 2
96, 32, 200, 255: 2
0, 35, 160, 255: 1
240, 226, 211, 255: 2
194, 208, 17, 255: 2
141, 57, 255, 255: 12
212, 201, 157, 255: 34
255, 125, 38, 255: 1
193, 216, 192, 255: 5
165, 232, 142, 255: 1
0, 115, 132, 255: 1
89, 97, 238, 255: 1
180, 109, 72, 255: 5
76, 85, 133, 255: 1
239, 175, 55, 255: 3
85, 103, 173, 255: 6
251, 28, 192, 255: 1
203, 118, 123, 255: 1
87, 201, 152, 255: 5
47, 36, 144, 255: 2
233, 158, 30, 255: 4
238, 144, 70, 255: 10
148, 18, 228, 255: 2
235, 251, 191, 255: 10
83, 108, 172, 255: 1
84, 139, 159, 255: 5
120, 36, 115, 255: 1
129, 73, 239, 255: 3
245, 50, 172, 255: 1
19, 237, 211, 255: 1
138, 173, 59, 255: 23
58, 2, 163, 255: 37
243, 150, 247, 255: 6
149, 232, 4, 255: 2
16, 251, 200, 255: 1
103, 209, 249, 255: 2
116, 74, 220, 255: 1
81, 169, 21, 255: 7
81, 228, 232, 255: 2
57, 239, 223, 255: 176
133, 250, 156, 255: 2
82, 255, 94, 255: 1
188, 34, 70, 255: 8
18, 75, 87, 255: 1
31, 188, 96, 255: 4
195, 205, 220, 255: 2
131, 75, 241, 255: 10
210, 215, 33, 255: 1
78, 144, 71, 255: 8
89, 33, 193, 255: 17
0, 6, 201, 255: 2447
190, 93, 243, 255: 1
0, 124, 188, 255: 2
126, 155, 193, 255: 12
79, 200, 43, 255: 19
229, 64, 159, 255: 2
138, 174, 171, 255: 1
237, 96, 15, 255: 11
176, 111, 142, 255: 4
0, 51, 218, 255: 94
84, 12, 93, 255: 2
255, 137, 24, 255: 1
63, 165, 90, 255: 70
5, 100, 249, 255: 2
241, 255, 237, 255: 4
94, 245, 90, 255: 23
136, 222, 246, 255: 2
242, 110, 214, 255: 19
112, 6, 68, 255: 90
35, 163, 69, 255: 12
133, 22, 14, 255: 8
195, 194, 98, 255: 1
199, 204, 22, 255: 16
91, 197, 237, 255: 63
251, 158, 102, 255: 35
169, 49, 240, 255: 1
227, 45, 128, 255: 3
191, 200, 104, 255: 29
181, 226, 246, 255: 33
23, 173, 97, 255: 1
130, 235, 171, 255: 4
41, 148, 182, 255: 144
138, 240, 86, 255: 5
175, 233, 233, 255: 4
87, 128, 168, 255: 56
21, 237, 148, 255: 1
189, 58, 137, 255: 2
120, 75, 122, 255: 1
165, 217, 149, 255: 4
225, 189, 156, 255: 5
243, 42, 215, 255: 1
243, 209, 18, 255: 13
43, 245, 23, 255: 4
146, 44, 85, 255: 2
203, 150, 183, 255: 6
0, 157, 83, 255: 7
243, 130, 255, 255: 9
77, 190, 251, 255: 1
237, 108, 255, 255: 13
141, 215, 161, 255: 2
113, 18, 90, 255: 1184
149, 27, 148, 255: 1
43, 255, 112, 255: 1
74, 69, 103, 255: 21
198, 198, 203, 255: 25
157, 212, 243, 255: 16
163, 160, 21, 255: 2
159, 74, 161, 255: 55
39, 231, 255, 255: 3
171, 219, 245, 255: 1
235, 134, 56, 255: 9
126, 7, 88, 255: 3
238, 115, 28, 255: 2
167, 198, 86, 255: 1
136, 42, 250, 255: 3
64, 125, 86, 255: 1123
74, 179, 201, 255: 1
193, 42, 48, 255: 3
47, 118, 154, 255: 3
243, 108, 242, 255: 1
234, 10, 28, 255: 31
94, 159, 133, 255: 4
93, 228, 87, 255: 3
0, 211, 54, 255: 88
0, 170, 207, 255: 10
68, 115, 121, 255: 1
59, 243, 69, 255: 1
131, 255, 196, 255: 5
252, 5, 172, 255: 1
150, 29, 31, 255: 1
29, 132, 85, 255: 1
144, 110, 201, 255: 12
98, 100, 194, 255: 2
50, 166, 110, 255: 2
200, 221, 15, 255: 2
246, 175, 26, 255: 11
161, 40, 130, 255: 2
136, 204, 255, 255: 5
26, 198, 11, 255: 1
13, 8, 36, 255: 1
183, 24, 155, 255: 11
50, 204, 244, 255: 14
133, 69, 68, 255: 6
19, 106, 201, 255: 1
190, 110, 56, 255: 1
136, 132, 117, 255: 2
34, 41, 179, 255: 19
209, 198, 154, 255: 27
139, 166, 105, 255: 2
249, 219, 145, 255: 38
0, 57, 67, 255: 1
240, 154, 247, 255: 18
142, 165, 54, 255: 1
243, 60, 191, 255: 3
191, 255, 121, 255: 7
180, 167, 17, 255: 1
182, 134, 125, 255: 1
11, 97, 80, 255: 1
85, 109, 72, 255: 14
73, 21, 151, 255: 3
42, 209, 245, 255: 10
136, 122, 133, 255: 2
88, 108, 20, 255: 1
86, 255, 213, 255: 2
41, 175, 20, 255: 1
211, 34, 59, 255: 134
91, 7, 255, 255: 1
4, 222, 197, 255: 1506
247, 91, 206, 255: 35
237, 0, 140, 255: 21
31, 241, 48, 255: 57
40, 131, 86, 255: 43
0, 247, 18, 255: 1132
120, 204, 160, 255: 1
89, 146, 81, 255: 1
178, 33, 5, 255: 2
200, 12, 68, 255: 77
233, 66, 36, 255: 1
49, 186, 109, 255: 14
135, 181, 76, 255: 19
231, 71, 172, 255: 8
132, 103, 100, 255: 1
182, 166, 46, 255: 48
225, 92, 178, 255: 2
0, 185, 94, 255: 2
190, 199, 103, 255: 35
132, 104, 8, 255: 1
249, 255, 67, 255: 1
76, 126, 231, 255: 1
0, 117, 236, 255: 98
193, 129, 51, 255: 12
255, 47, 190, 255: 5
207, 91, 39, 255: 1
141, 143, 197, 255: 1
188, 112, 109, 255: 36
80, 152, 182, 255: 10
84, 215, 141, 255: 3
156, 165, 35, 255: 3
40, 152, 117, 255: 3
226, 38, 207, 255: 1
187, 56, 135, 255: 4
196, 3, 246, 255: 2
0, 164, 132, 255: 3
139, 105, 161, 255: 5
104, 3, 148, 255: 3
254, 219, 204, 255: 1
141, 206, 242, 255: 9
25, 10, 166, 255: 1
0, 14, 252, 255: 86
53, 234, 105, 255: 2
144, 39, 237, 255: 4
87, 172, 18, 255: 6
75, 59, 119, 255: 1
180, 40, 209, 255: 6
42, 116, 250, 255: 5
168, 83, 170, 255: 9
94, 0, 166, 255: 1
167, 209, 132, 255: 1051
57, 173, 117, 255: 1
30, 103, 127, 255: 1
196, 243, 208, 255: 1
190, 131, 121, 255: 16
227, 4, 57, 255: 1
142, 144, 131, 255: 4
205, 42, 86, 255: 4
144, 222, 182, 255: 227
160, 224, 165, 255: 94
125, 19, 80, 255: 12
203, 95, 210, 255: 12
0, 34, 192, 255: 174
96, 171, 146, 255: 2
115, 207, 228, 255: 17
189, 35, 71, 255: 2
131, 205, 84, 255: 1
236, 161, 68, 255: 1
239, 109, 139, 255: 4
30, 59, 113, 255: 1
241, 108, 195, 255: 4
239, 123, 133, 255: 2
13, 168, 161, 255: 1
240, 202, 106, 255: 12
132, 136, 186, 255: 28
46, 100, 59, 255: 2
201, 148, 78, 255: 1
134, 178, 230, 255: 10
230, 18, 44, 255: 36
137, 248, 5, 255: 2
240, 26, 92, 255: 4
0, 161, 184, 255: 5
198, 65, 38, 255: 4
233, 142, 38, 255: 28
160, 204, 225, 255: 132
196, 124, 237, 255: 20
87, 255, 122, 255: 2
200, 243, 55, 255: 7
90, 168, 240, 255: 1
81, 72, 55, 255: 2
0, 42, 230, 255: 1
30, 100, 220, 255: 40
76, 238, 148, 255: 2
99, 228, 246, 255: 1
238, 89, 255, 255: 1
188, 199, 239, 255: 3
3, 31, 254, 255: 1
45, 46, 116, 255: 2
203, 206, 181, 255: 1
31, 68, 196, 255: 10
25, 10, 130, 255: 1
239, 5, 151, 255: 2
255, 22, 176, 255: 3
138, 120, 151, 255: 1
0, 64, 19, 255: 1135
45, 61, 145, 255: 2
237, 158, 98, 255: 8
101, 31, 130, 255: 11
76, 181, 110, 255: 2
8, 91, 232, 255: 1
42, 117, 97, 255: 9
0, 242, 171, 255: 1
96, 31, 62, 255: 2
146, 3, 216, 255: 24
240, 190, 24, 255: 3
189, 83, 150, 255: 5
135, 14, 16, 255: 2
191, 23, 255, 255: 1
248, 74, 197, 255: 1
89, 183, 42, 255: 5
187, 56, 255, 255: 1
99, 235, 204, 255: 8
38, 203, 22, 255: 1
0, 26, 166, 255: 1
211, 95, 4, 255: 214
139, 49, 235, 255: 28
56, 172, 116, 255: 1
201, 148, 181, 255: 5
96, 240, 18, 255: 1
152, 17, 142, 255: 2
183, 240, 31, 255: 3
197, 133, 55, 255: 5
0, 61, 139, 255: 2283
189, 156, 215, 255: 3
0, 37, 63, 255: 65
36, 255, 132, 255: 2
245, 151, 77, 255: 2
245, 246, 126, 255: 10
126, 7, 191, 255: 4
0, 68, 125, 255: 1
243, 199, 137, 255: 2
244, 50, 253, 255: 4
193, 228, 129, 255: 2
37, 233, 236, 255: 35
228, 109, 174, 255: 22
80, 234, 233, 255: 16
0, 205, 103, 255: 5
147, 189, 253, 255: 4
0, 162, 32, 255: 2
92, 221, 231, 255: 6
31, 153, 25, 255: 1
242, 255, 144, 255: 3
255, 96, 208, 255: 1
115, 75, 218, 255: 1
144, 213, 7, 255: 83
185, 169, 49, 255: 55
56, 246, 141, 255: 3037
106, 179, 24, 255: 1294
33, 216, 39, 255: 16
156, 220, 161, 255: 45
188, 162, 52, 255: 1
0, 6, 235, 255: 77
124, 143, 207, 255: 1
68, 2, 153, 255: 1
0, 11, 250, 255: 1
107, 139, 60, 255: 1
72, 255, 157, 255: 1
32, 9, 254, 255: 17
81, 210, 220, 255: 42
94, 9, 130, 255: 2
233, 70, 74, 255: 4
82, 133, 0, 255: 3
249, 160, 154, 255: 2
182, 207, 87, 255: 1
199, 245, 27, 255: 1
144, 63, 255, 255: 4
204, 157, 2, 255: 1
47, 255, 255, 255: 2
229, 183, 176, 255: 2
242, 50, 168, 255: 5
111, 35, 26, 255: 245
192, 6, 152, 255: 1
236, 170, 90, 255: 3
205, 125, 71, 255: 12
99, 161, 139, 255: 7
173, 47, 195, 255: 3
238, 64, 187, 255: 9
0, 250, 111, 255: 6
212, 186, 164, 255: 26
180, 41, 56, 255: 13
130, 214, 67, 255: 15
140, 10, 220, 255: 40
140, 224, 215, 255: 1
163, 211, 201, 255: 1
8, 127, 123, 255: 121
0, 209, 240, 255: 3
100, 179, 132, 255: 4
25, 41, 125, 255: 1
135, 166, 119, 255: 3
140, 194, 220, 255: 4
224, 116, 191, 255: 1
138, 255, 158, 255: 1
78, 178, 39, 255: 4
132, 1, 176, 255: 32
242, 36, 21, 255: 2
173, 69, 235, 255: 1
81, 8, 163, 255: 1
179, 185, 110, 255: 1
87, 187, 12, 255: 3
142, 218, 255, 255: 1
42, 238, 241, 255: 79
49, 225, 52, 255: 1
91, 214, 75, 255: 14
201, 63, 249, 255: 3
138, 90, 167, 255: 29
138, 255, 7, 255: 42
250, 179, 30, 255: 1
0, 2, 30, 255: 56
95, 153, 14, 255: 4
193, 239, 140, 255: 18
60, 49, 118, 255: 3
0, 91, 188, 255: 1
84, 7, 250, 255: 1
158, 29, 54, 255: 1
0, 121, 215, 255: 7
254, 68, 229, 255: 3
242, 214, 195, 255: 1
40, 252, 77, 255: 20
124, 169, 182, 255: 3
62, 13, 241, 255: 4
130, 104, 71, 255: 2
15, 8, 193, 255: 1
0, 92, 233, 255: 1
182, 219, 210, 255: 3
0, 132, 227, 255: 19
129, 79, 93, 255: 1
138, 41, 150, 255: 6
194, 92, 203, 255: 2
85, 197, 130, 255: 23
223, 43, 123, 255: 2
139, 155, 130, 255: 1
228, 170, 155, 255: 2
35, 26, 3, 255: 15
238, 173, 101, 255: 1
236, 69, 176, 255: 2
245, 34, 78, 255: 8
81, 255, 174, 255: 1
0, 243, 70, 255: 1
27, 214, 51, 255: 1
109, 148, 196, 255: 12
50, 240, 21, 255: 1
247, 182, 212, 255: 1
14, 144, 149, 255: 10
254, 10, 1, 255: 1
30, 134, 188, 255: 5
91, 76, 93, 255: 1
210, 50, 152, 255: 2
0, 33, 127, 255: 3
246, 184, 82, 255: 1
248, 130, 85, 255: 22
28, 123, 232, 255: 6
76, 83, 42, 255: 2
100, 99, 95, 255: 1
0, 191, 80, 255: 59
181, 36, 238, 255: 1
135, 139, 189, 255: 35
193, 1, 255, 255: 1
7, 151, 135, 255: 1
92, 129, 17, 255: 2
0, 197, 218, 255: 30
112, 169, 192, 255: 2
39, 14, 168, 255: 14
231, 8, 61, 255: 3
82, 166, 51, 255: 2
184, 39, 241, 255: 1
90, 50, 78, 255: 1
122, 96, 216, 255: 7
233, 70, 7, 255: 2
134, 151, 116, 255: 7
0, 131, 161, 255: 2
101, 174, 161, 255: 6
245, 185, 182, 255: 63
80, 240, 205, 255: 3
76, 255, 206, 255: 1
105, 205, 176, 255: 1
84, 79, 113, 255: 9
143, 95, 172, 255: 10
57, 54, 187, 255: 7
131, 64, 0, 255: 1
0, 211, 11, 255: 3
98, 157, 164, 255: 1
0, 161, 185, 255: 3
136, 131, 189, 255: 1
255, 64, 24, 255: 1
128, 9, 193, 255: 2
167, 228, 70, 255: 6
129, 131, 82, 255: 89
140, 9, 231, 255: 1
34, 138, 73, 255: 4
140, 216, 4, 255: 8
92, 157, 233, 255: 1
31, 93, 46, 255: 24
245, 235, 80, 255: 2
173, 75, 54, 255: 5
35, 215, 231, 255: 3
0, 18, 1, 255: 25
43, 126, 170, 255: 12
181, 196, 133, 255: 3
19, 225, 127, 255: 2
38, 79, 160, 255: 2
13, 240, 126, 255: 27
23, 80, 92, 255: 5
138, 211, 55, 255: 8
85, 13, 14, 255: 4
69, 177, 169, 255: 1
43, 255, 80, 255: 9
129, 200, 237, 255: 5
242, 187, 14, 255: 1
40, 86, 236, 255: 28
40, 251, 195, 255: 2
91, 251, 98, 255: 4
182, 92, 17, 255: 28
8, 77, 198, 255: 34
0, 243, 139, 255: 15
35, 147, 10, 255: 8
102, 106, 157, 255: 55
142, 154, 115, 255: 5
81, 249, 161, 255: 9
29, 16, 235, 255: 36
181, 108, 8, 255: 1
154, 162, 72, 255: 13
47, 255, 185, 255: 1
251, 104, 57, 255: 1
41, 99, 2, 255: 5
81, 114, 243, 255: 21
240, 185, 12, 255: 7
119, 62, 229, 255: 10
248, 78, 61, 255: 6
95, 179, 64, 255: 2
49, 134, 123, 255: 5
24, 39, 88, 255: 1
186, 233, 198, 255: 13
54, 7, 78, 255: 2
132, 173, 219, 255: 18
63, 132, 4, 255: 15
236, 155, 214, 255: 3
93, 205, 138, 255: 1
247, 104, 174, 255: 1
67, 9, 71, 255: 2
0, 189, 102, 255: 3
92, 239, 243, 255: 6
245, 74, 202, 255: 14
142, 54, 82, 255: 14
243, 15, 238, 255: 53
50, 83, 100, 255: 2
111, 167, 37, 255: 1
87, 56, 204, 255: 49
89, 62, 51, 255: 9
129, 96, 187, 255: 2
143, 63, 3, 255: 22
243, 111, 43, 255: 5
90, 255, 28, 255: 8
238, 176, 74, 255: 1
243, 195, 153, 255: 2
126, 225, 92, 255: 2
38, 185, 46, 255: 16
237, 169, 255, 255: 4
244, 212, 39, 255: 39
85, 250, 156, 255: 3
80, 24, 183, 255: 10
135, 154, 218, 255: 40
60, 217, 213, 255: 1
142, 251, 128, 255: 9
34, 103, 40, 255: 2
18, 222, 64, 255: 23
92, 211, 212, 255: 1
218, 140, 43, 255: 1
182, 56, 204, 255: 14
174, 76, 90, 255: 1
88, 230, 165, 255: 9
186, 72, 75, 255: 1
178, 132, 83, 255: 16
112, 97, 228, 255: 54
253, 28, 93, 255: 5
65, 89, 53, 255: 1
81, 21, 240, 255: 9
96, 28, 226, 255: 8
36, 43, 181, 255: 22
97, 33, 201, 255: 1
87, 127, 241, 255: 2
75, 255, 90, 255: 1
0, 116, 34, 255: 28
91, 238, 242, 255: 8
139, 55, 237, 255: 4
39, 247, 247, 255: 11
132, 122, 65, 255: 16
246, 57, 119, 255: 32
127, 242, 152, 255: 5
95, 184, 147, 255: 35
206, 200, 137, 255: 1
0, 87, 243, 255: 4
41, 54, 49, 255: 5
189, 17, 255, 255: 38
31, 218, 55, 255: 3
236, 62, 185, 255: 4
175, 30, 38, 255: 2
88, 176, 222, 255: 3
131, 100, 255, 255: 1
195, 119, 116, 255: 1
220, 13, 109, 255: 1
107, 103, 128, 255: 1
160, 119, 154, 255: 1
82, 45, 197, 255: 3
39, 84, 216, 255: 1
37, 250, 156, 255: 3
5, 232, 118, 255: 102
39, 100, 229, 255: 2
136, 198, 135, 255: 2
141, 24, 50, 255: 3
161, 10, 17, 255: 1
243, 148, 249, 255: 2
22, 7, 127, 255: 1
8, 237, 221, 255: 1
37, 255, 50, 255: 4
218, 69, 78, 255: 1
149, 53, 170, 255: 7
223, 165, 114, 255: 2
103, 80, 186, 255: 5
10, 7, 134, 255: 2
0, 134, 41, 255: 4
0, 58, 68, 255: 2
83, 34, 5, 255: 65
18, 83, 160, 255: 2
74, 240, 53, 255: 1
0, 181, 26, 255: 124
124, 224, 155, 255: 2
116, 208, 229, 255: 16
101, 102, 94, 255: 5
135, 196, 78, 255: 3
43, 243, 143, 255: 1
0, 198, 87, 255: 1198
60, 29, 178, 255: 43
84, 65, 221, 255: 22
0, 48, 117, 255: 109
243, 251, 126, 255: 12
46, 10, 2, 255: 1
28, 224, 180, 255: 4
52, 129, 207, 255: 3
250, 179, 167, 255: 1
127, 219, 56, 255: 1
215, 83, 16, 255: 1
89, 156, 220, 255: 18
249, 37, 201, 255: 4
152, 216, 42, 255: 1
26, 154, 60, 255: 51
238, 232, 231, 255: 1
39, 171, 193, 255: 4
125, 207, 217, 255: 19
108, 49, 118, 255: 125
71, 214, 102, 255: 3
136, 199, 69, 255: 7
8, 130, 224, 255: 185
41, 56, 105, 255: 1
79, 143, 108, 255: 4
30, 112, 148, 255: 1
90, 184, 43, 255: 2
255, 171, 145, 255: 1
93, 219, 76, 255: 1
139, 183, 235, 255: 10
0, 238, 223, 255: 100
222, 125, 210, 255: 2
185, 52, 179, 255: 1
34, 134, 209, 255: 4
91, 254, 199, 255: 12
205, 207, 55, 255: 1
135, 84, 63, 255: 68
42, 97, 157, 255: 30
177, 123, 9, 255: 3
217, 173, 77, 255: 1
230, 6, 24, 255: 44
130, 94, 87, 255: 1
101, 226, 186, 255: 23
37, 155, 197, 255: 8
135, 170, 210, 255: 1
176, 78, 57, 255: 23
145, 213, 90, 255: 1
91, 224, 95, 255: 2
26, 156, 160, 255: 27
122, 247, 64, 255: 2
209, 244, 247, 255: 2
175, 112, 88, 255: 1
218, 195, 15, 255: 19
137, 129, 217, 255: 2
191, 195, 133, 255: 1
246, 240, 255, 255: 7
124, 178, 102, 255: 12
0, 200, 123, 255: 37
165, 166, 125, 255: 60
132, 88, 170, 255: 3
52, 57, 243, 255: 6
87, 161, 100, 255: 12
82, 69, 74, 255: 7
179, 122, 38, 255: 1
217, 172, 230, 255: 19
33, 108, 41, 255: 16
178, 72, 139, 255: 39
247, 72, 12, 255: 3
249, 43, 28, 255: 18
36, 144, 130, 255: 1
128, 110, 141, 255: 33
39, 253, 177, 255: 31
152, 39, 79, 255: 1
28, 10, 160, 255: 12
145, 255, 31, 255: 1
197, 253, 128, 255: 1
198, 147, 132, 255: 1
186, 231, 133, 255: 4
11, 232, 49, 255: 4
247, 239, 72, 255: 3
86, 83, 62, 255: 19
40, 1, 168, 255: 4
82, 245, 52, 255: 14
14, 12, 138, 255: 1
150, 130, 37, 255: 1
0, 231, 118, 255: 185
248, 171, 90, 255: 21
141, 90, 69, 255: 10
153, 2, 48, 255: 9
80, 163, 167, 255: 43
28, 35, 71, 255: 10
129, 144, 75, 255: 3
90, 234, 12, 255: 1
0, 97, 49, 255: 3
206, 10, 155, 255: 5
0, 192, 213, 255: 33
149, 94, 22, 255: 8
160, 179, 58, 255: 11
234, 255, 35, 255: 3
36, 35, 42, 255: 5
239, 18, 134, 255: 8
130, 87, 130, 255: 7
241, 105, 93, 255: 2
255, 150, 255, 255: 7
184, 171, 150, 255: 2
238, 71, 41, 255: 12
30, 218, 43, 255: 2
144, 200, 142, 255: 1
125, 215, 172, 255: 1
137, 15, 136, 255: 23
140, 245, 35, 255: 4
41, 142, 98, 255: 2
168, 229, 71, 255: 10
146, 255, 90, 255: 2
10, 104, 111, 255: 14
255, 143, 167, 255: 4
193, 92, 100, 255: 1
32, 36, 76, 255: 4
144, 5, 13, 255: 4
147, 183, 77, 255: 1
197, 12, 166, 255: 7
219, 138, 45, 255: 1
42, 234, 3, 255: 7
209, 200, 39, 255: 2
140, 131, 211, 255: 1
35, 255, 64, 255: 1
36, 86, 77, 255: 2
35, 192, 100, 255: 4
192, 54, 87, 255: 2
222, 108, 115, 255: 1
247, 74, 112, 255: 5
63, 120, 239, 255: 28
90, 34, 194, 255: 8
139, 146, 38, 255: 1
192, 75, 24, 255: 19
140, 117, 182, 255: 15
156, 132, 102, 255: 73
94, 168, 107, 255: 1
136, 34, 39, 255: 12
38, 72, 41, 255: 3
31, 148, 172, 255: 1
29, 136, 170, 255: 1
50, 36, 46, 255: 7
95, 143, 142, 255: 1
80, 64, 88, 255: 6
237, 61, 121, 255: 2
88, 34, 109, 255: 3
85, 204, 205, 255: 44
56, 210, 250, 255: 1
248, 63, 23, 255: 1
40, 182, 255, 255: 1
234, 17, 241, 255: 1
87, 93, 255, 255: 1
244, 16, 102, 255: 6
40, 181, 113, 255: 2
0, 108, 129, 255: 1
0, 115, 67, 255: 25
226, 251, 18, 255: 2
83, 95, 88, 255: 2
106, 138, 19, 255: 1
225, 236, 15, 255: 1
179, 204, 151, 255: 6
243, 62, 35, 255: 4
79, 38, 212, 255: 9
121, 131, 249, 255: 3
40, 116, 84, 255: 25
70, 45, 159, 255: 4
194, 127, 53, 255: 4
94, 32, 42, 255: 81
149, 102, 94, 255: 4
174, 43, 122, 255: 2
4, 82, 154, 255: 2
242, 141, 174, 255: 1
96, 97, 89, 255: 40
255, 224, 82, 255: 2
35, 127, 173, 255: 16
136, 50, 66, 255: 10
248, 56, 21, 255: 20
136, 116, 23, 255: 2
23, 7, 255, 255: 1
57, 62, 248, 255: 1
253, 125, 71, 255: 11
127, 198, 235, 255: 4
89, 141, 191, 255: 6
241, 148, 245, 255: 3
0, 50, 218, 255: 19
245, 30, 60, 255: 1
255, 57, 209, 255: 17
98, 132, 177, 255: 1
236, 16, 234, 255: 12
79, 85, 230, 255: 2
252, 110, 179, 255: 1
141, 242, 172, 255: 17
232, 0, 209, 255: 4
101, 16, 137, 255: 1
246, 46, 253, 255: 1
66, 72, 218, 255: 2
198, 157, 151, 255: 1
81, 209, 37, 255: 1
74, 53, 111, 255: 5
225, 144, 50, 255: 1
30, 54, 13, 255: 1
227, 50, 74, 255: 2
247, 117, 183, 255: 1
241, 255, 62, 255: 5
177, 71, 138, 255: 31
235, 103, 224, 255: 1
239, 49, 93, 255: 2
165, 129, 91, 255: 8
93, 91, 69, 255: 4
79, 223, 248, 255: 2
45, 116, 254, 255: 6
8, 165, 1, 255: 32
151, 135, 158, 255: 1
0, 66, 21, 255: 141
33, 114, 243, 255: 1
138, 160, 203, 255: 8
29, 255, 94, 255: 2
139, 64, 191, 255: 2
235, 207, 85, 255: 124
82, 206, 174, 255: 1
37, 112, 45, 255: 14
186, 34, 241, 255: 2
144, 164, 82, 255: 3
39, 81, 115, 255: 7
174, 76, 55, 255: 12
239, 187, 95, 255: 9
196, 59, 172, 255: 3
74, 110, 108, 255: 1
220, 55, 114, 255: 3
29, 201, 50, 255: 4
86, 255, 255, 255: 1
220, 65, 133, 255: 1
72, 20, 150, 255: 3
255, 250, 164, 255: 6
182, 229, 91, 255: 1
230, 185, 242, 255: 30
245, 125, 136, 255: 1
51, 15, 135, 255: 1
251, 37, 111, 255: 10
181, 28, 227, 255: 3
35, 135, 210, 255: 2
0, 223, 134, 255: 1
24, 78, 120, 255: 6
232, 71, 71, 255: 5
137, 231, 13, 255: 4
136, 77, 144, 255: 93
39, 255, 180, 255: 20
17, 166, 91, 255: 11
192, 243, 222, 255: 6
229, 173, 67, 255: 1
192, 193, 186, 255: 10
79, 126, 14, 255: 3
35, 255, 178, 255: 1
73, 56, 81, 255: 5
28, 90, 43, 255: 13
136, 62, 224, 255: 1
144, 44, 147, 255: 4
171, 48, 38, 255: 1
251, 90, 239, 255: 14
145, 249, 194, 255: 2
20, 57, 150, 255: 1
199, 22, 87, 255: 18
9, 241, 195, 255: 1
87, 85, 98, 255: 2
243, 12, 1, 255: 17
195, 56, 243, 255: 12
0, 236, 255, 255: 191
214, 24, 69, 255: 2
189, 60, 238, 255: 1
27, 215, 4, 255: 19
0, 217, 248, 255: 7
85, 21, 189, 255: 2
22, 218, 174, 255: 12
59, 10, 238, 255: 13
233, 142, 192, 255: 2
29, 162, 172, 255: 5
96, 16, 33, 255: 3
188, 187, 82, 255: 32
0, 228, 204, 255: 910
146, 23, 54, 255: 8
0, 100, 231, 255: 1
22, 117, 123, 255: 4
231, 156, 28, 255: 3
95, 61, 56, 255: 5
37, 108, 7, 255: 2
248, 229, 53, 255: 2
56, 48, 87, 255: 1
30, 235, 101, 255: 3
241, 100, 122, 255: 15
185, 62, 155, 255: 4
110, 34, 25, 255: 119
190, 239, 119, 255: 56
29, 16, 132, 255: 1
135, 255, 234, 255: 6
171, 153, 191, 255: 3
128, 55, 15, 255: 4
0, 178, 156, 255: 5
12, 114, 32, 255: 20
89, 181, 131, 255: 4
91, 79, 220, 255: 4
33, 139, 36, 255: 1
186, 255, 1, 255: 5
186, 137, 220, 255: 8
146, 134, 105, 255: 1
81, 161, 67, 255: 2
76, 133, 251, 255: 5
250, 80, 216, 255: 1
232, 0, 107, 255: 30
166, 9, 204, 255: 50
26, 189, 246, 255: 5
248, 224, 219, 255: 27
0, 246, 73, 255: 1
146, 44, 222, 255: 9
0, 224, 67, 255: 66
33, 77, 26, 255: 2
145, 157, 164, 255: 2
41, 12, 35, 255: 1
103, 0, 46, 255: 2
241, 122, 187, 255: 1
246, 159, 171, 255: 3
233, 197, 200, 255: 1
0, 235, 122, 255: 102
248, 255, 147, 255: 1
80, 255, 163, 255: 1
215, 181, 248, 255: 2
87, 31, 8, 255: 1
0, 72, 194, 255: 63
39, 23, 15, 255: 1
40, 70, 142, 255: 30
63, 60, 40, 255: 2
248, 40, 183, 255: 204
91, 84, 165, 255: 10
215, 247, 10, 255: 75
141, 248, 26, 255: 19
34, 38, 113, 255: 12
84, 255, 235, 255: 3
195, 211, 192, 255: 1
67, 122, 39, 255: 1
254, 144, 11, 255: 26
162, 179, 216, 255: 3
0, 234, 121, 255: 111
181, 47, 63, 255: 2
236, 250, 194, 255: 1
154, 166, 173, 255: 1
142, 13, 104, 255: 5
33, 61, 34, 255: 4
21, 124, 41, 255: 8
49, 220, 235, 255: 3
130, 11, 92, 255: 3
243, 238, 50, 255: 8
84, 87, 32, 255: 18
42, 222, 75, 255: 1
126, 172, 31, 255: 4
138, 214, 156, 255: 3
37, 0, 9, 255: 5
10, 195, 15, 255: 1
37, 229, 135, 255: 5
22, 62, 253, 255: 16
148, 209, 194, 255: 3
79, 153, 92, 255: 5
148, 5, 219, 255: 20
249, 162, 72, 255: 1
44, 19, 20, 255: 14
170, 25, 253, 255: 1
34, 255, 38, 255: 4
42, 53, 52, 255: 1
212, 159, 50, 255: 32
0, 208, 239, 255: 1
51, 175, 30, 255: 1
79, 249, 70, 255: 2
255, 236, 227, 255: 1
152, 145, 57, 255: 3
37, 50, 45, 255: 3
186, 30, 223, 255: 64
222, 254, 17, 255: 1
25, 12, 128, 255: 6
187, 106, 162, 255: 1
127, 184, 53, 255: 3
77, 164, 182, 255: 1
234, 248, 125, 255: 2
33, 137, 156, 255: 5
170, 110, 185, 255: 1
152, 205, 176, 255: 1
244, 255, 29, 255: 2
54, 131, 209, 255: 1
220, 137, 98, 255: 1
0, 34, 218, 255: 1
89, 147, 8, 255: 16
81, 145, 110, 255: 6
180, 126, 202, 255: 5
166, 26, 42, 255: 2
143, 41, 46, 255: 4
46, 200, 138, 255: 1
230, 235, 12, 255: 2
30, 62, 86, 255: 50
157, 229, 223, 255: 3
183, 134, 217, 255: 5
0, 72, 6, 255: 2
45, 207, 56, 255: 8
18, 251, 102, 255: 1
119, 104, 234, 255: 1
51, 211, 63, 255: 1
201, 164, 172, 255: 16
32, 185, 114, 255: 18
30, 105, 38, 255: 28
88, 255, 4, 255: 7
240, 28, 54, 255: 11
37, 132, 255, 255: 2
43, 205, 54, 255: 9
135, 71, 242, 255: 2
119, 27, 68, 255: 1
133, 63, 122, 255: 49
161, 49, 151, 255: 1
0, 144, 26, 255: 20
187, 212, 159, 255: 10
233, 243, 115, 255: 1
135, 104, 2, 255: 32
27, 31, 71, 255: 2
62, 114, 165, 255: 1
49, 253, 167, 255: 2
0, 254, 82, 255: 1
0, 145, 95, 255: 35
240, 11, 216, 255: 3
142, 233, 172, 255: 1
130, 237, 255, 255: 2
85, 255, 165, 255: 12
20, 77, 89, 255: 2
182, 80, 161, 255: 6
96, 235, 72, 255: 3
39, 79, 50, 255: 5
100, 153, 221, 255: 9
95, 214, 215, 255: 1
74, 129, 46, 255: 3
244, 200, 255, 255: 1
195, 48, 170, 255: 1
12, 26, 230, 255: 2
189, 191, 65, 255: 11
91, 212, 55, 255: 7
20, 106, 49, 255: 1
225, 167, 116, 255: 7
26, 212, 194, 255: 6
228, 227, 192, 255: 7
42, 5, 116, 255: 1
241, 225, 28, 255: 9
67, 167, 248, 255: 1
183, 128, 169, 255: 4
44, 107, 232, 255: 6
179, 51, 136, 255: 1
28, 170, 182, 255: 7
107, 241, 72, 255: 1
99, 109, 12, 255: 33
228, 247, 131, 255: 1
233, 101, 33, 255: 4
31, 223, 145, 255: 3
233, 224, 22, 255: 49
140, 255, 123, 255: 1
173, 72, 208, 255: 1
4, 181, 90, 255: 1
0, 86, 182, 255: 1
139, 208, 2, 255: 26
248, 64, 255, 255: 1
142, 138, 123, 255: 6
93, 58, 255, 255: 28
223, 123, 6, 255: 2
81, 193, 126, 255: 11
238, 21, 254, 255: 3
116, 137, 9, 255: 16
42, 21, 108, 255: 6
201, 176, 193, 255: 1
38, 109, 145, 255: 18
49, 35, 45, 255: 16
153, 123, 193, 255: 2
137, 70, 6, 255: 2
28, 68, 39, 255: 10
163, 130, 190, 255: 2
236, 173, 89, 255: 3
38, 205, 122, 255: 38
195, 208, 193, 255: 2
123, 202, 114, 255: 6
137, 190, 161, 255: 1
190, 255, 122, 255: 3
157, 229, 120, 255: 1
84, 170, 118, 255: 12
80, 215, 255, 255: 1
4, 63, 175, 255: 52
135, 1, 206, 255: 1
137, 41, 48, 255: 8
5, 174, 18, 255: 1
137, 164, 139, 255: 96
237, 133, 222, 255: 4
206, 65, 127, 255: 6
162, 50, 50, 255: 13
159, 36, 169, 255: 2
231, 88, 201, 255: 3
35, 155, 32, 255: 1
243, 1, 236, 255: 3
0, 86, 85, 255: 1332
18, 148, 152, 255: 1
78, 180, 104, 255: 48
33, 117, 252, 255: 10
236, 104, 208, 255: 1
150, 7, 221, 255: 14
84, 161, 199, 255: 20
30, 114, 146, 255: 1
170, 89, 145, 255: 1
106, 138, 161, 255: 1
82, 135, 92, 255: 4
42, 0, 180, 255: 96
244, 36, 179, 255: 92
195, 103, 194, 255: 1
127, 16, 8, 255: 4
0, 180, 183, 255: 20
82, 201, 237, 255: 6
51, 208, 89, 255: 1
250, 251, 131, 255: 1
28, 233, 99, 255: 4
245, 130, 56, 255: 4
18, 236, 212, 255: 2
34, 240, 253, 255: 3
179, 196, 129, 255: 5
179, 43, 217, 255: 3
44, 190, 216, 255: 1
242, 188, 116, 255: 6
43, 193, 117, 255: 1
178, 16, 167, 255: 1
0, 198, 32, 255: 50
133, 2, 75, 255: 5
243, 178, 106, 255: 7
107, 34, 10, 255: 1
102, 95, 23, 255: 3
169, 57, 57, 255: 2
249, 0, 179, 255: 9
129, 223, 158, 255: 1
237, 139, 40, 255: 1
29, 184, 212, 255: 7
138, 115, 78, 255: 1
26, 41, 90, 255: 3
129, 123, 163, 255: 51
255, 29, 115, 255: 1
46, 79, 249, 255: 4
193, 148, 245, 255: 1
208, 136, 249, 255: 3
80, 255, 46, 255: 2
237, 255, 60, 255: 3
191, 213, 87, 255: 1
185, 255, 255, 255: 1
188, 235, 97, 255: 3
38, 111, 73, 255: 1
113, 109, 249, 255: 3
95, 212, 5, 255: 31
78, 67, 134, 255: 3
198, 44, 80, 255: 1
39, 135, 159, 255: 18
77, 182, 111, 255: 1
193, 91, 202, 255: 1
237, 226, 181, 255: 39
0, 73, 161, 255: 46
84, 21, 255, 255: 16
137, 26, 18, 255: 4
26, 115, 155, 255: 1
144, 207, 179, 255: 6
245, 92, 50, 255: 2
53, 249, 252, 255: 1
233, 89, 12, 255: 3
232, 20, 46, 255: 47
125, 36, 174, 255: 13
82, 255, 175, 255: 4
44, 98, 243, 255: 1
193, 81, 80, 255: 1
26, 201, 10, 255: 4
20, 65, 69, 255: 2
147, 255, 207, 255: 3
39, 159, 189, 255: 7
234, 228, 124, 255: 3
88, 25, 255, 255: 10
139, 59, 255, 255: 6
93, 48, 136, 255: 10
215, 230, 172, 255: 5
92, 92, 168, 255: 1
249, 186, 204, 255: 3
120, 77, 223, 255: 1
191, 181, 166, 255: 15
190, 155, 116, 255: 3
93, 141, 140, 255: 1
235, 228, 197, 255: 2
239, 123, 31, 255: 29
252, 210, 211, 255: 2
0, 254, 125, 255: 3
250, 216, 128, 255: 1
0, 104, 56, 255: 761
127, 16, 111, 255: 4
24, 28, 68, 255: 3
76, 176, 37, 255: 4
179, 241, 82, 255: 74
61, 143, 148, 255: 1910
66, 2, 98, 255: 1
93, 2, 255, 255: 1
42, 76, 81, 255: 4
236, 255, 153, 255: 1
159, 151, 199, 255: 289
38, 125, 67, 255: 14
195, 238, 50, 255: 10
218, 231, 73, 255: 1
73, 82, 130, 255: 1
169, 213, 234, 255: 2
0, 71, 227, 255: 2
41, 145, 199, 255: 7
155, 155, 154, 255: 7
76, 211, 188, 255: 3
110, 255, 134, 255: 1
174, 4, 90, 255: 1
169, 37, 117, 255: 2
78, 164, 112, 255: 1
232, 188, 90, 255: 1
182, 240, 240, 255: 4
29, 74, 113, 255: 2
144, 42, 83, 255: 10
235, 58, 236, 255: 1
194, 255, 110, 255: 2
111, 184, 29, 255: 1189
83, 255, 246, 255: 1
0, 3, 84, 255: 1
3, 125, 219, 255: 47
0, 218, 150, 255: 709
254, 153, 186, 255: 25
201, 229, 120, 255: 2
78, 153, 246, 255: 21
196, 88, 203, 255: 59
232, 16, 201, 255: 48
134, 100, 191, 255: 7
0, 168, 236, 255: 1
237, 93, 170, 255: 12
85, 14, 255, 255: 7
194, 128, 134, 255: 6
87, 142, 162, 255: 3
211, 51, 153, 255: 5
41, 221, 237, 255: 2
0, 117, 134, 255: 1
140, 219, 13, 255: 1
195, 175, 5, 255: 49
79, 21, 82, 255: 94
245, 138, 247, 255: 6
240, 174, 94, 255: 4
252, 225, 121, 255: 1
245, 163, 116, 255: 4
199, 177, 91, 255: 1
129, 18, 113, 255: 7
170, 232, 73, 255: 1
181, 34, 207, 255: 2
172, 121, 3, 255: 1
140, 44, 161, 255: 5
31, 134, 51, 255: 31
242, 38, 231, 255: 10
167, 214, 180, 255: 1
197, 255, 20, 255: 1
39, 90, 69, 255: 3
1, 49, 192, 255: 6
152, 29, 162, 255: 4
136, 127, 171, 255: 1
249, 4, 233, 255: 1
249, 125, 4, 255: 1
139, 213, 229, 255: 1
142, 177, 63, 255: 6
120, 102, 133, 255: 2
95, 255, 56, 255: 3
94, 122, 201, 255: 17
144, 185, 148, 255: 20
224, 81, 158, 255: 12
34, 72, 55, 255: 4
138, 209, 246, 255: 3
179, 116, 25, 255: 1
180, 162, 235, 255: 8
32, 111, 177, 255: 2
225, 16, 48, 255: 1
88, 118, 149, 255: 9
37, 229, 218, 255: 2
124, 145, 16, 255: 3
196, 208, 175, 255: 3
197, 122, 137, 255: 11
189, 255, 98, 255: 1
160, 229, 238, 255: 27
145, 191, 86, 255: 13
94, 215, 161, 255: 1
247, 4, 76, 255: 1
41, 94, 56, 255: 2
200, 87, 134, 255: 1
5, 240, 76, 255: 1
91, 134, 192, 255: 5
0, 170, 96, 255: 1
141, 77, 178, 255: 1
65, 216, 15, 255: 1
38, 90, 206, 255: 3
39, 80, 161, 255: 5
188, 182, 145, 255: 3
95, 69, 76, 255: 6
242, 136, 126, 255: 1
73, 118, 128, 255: 1
94, 169, 144, 255: 5
241, 69, 34, 255: 2
254, 252, 9, 255: 18
142, 255, 41, 255: 1
91, 50, 224, 255: 15
31, 211, 227, 255: 4
27, 149, 242, 255: 29
33, 210, 220, 255: 12
35, 53, 200, 255: 8
209, 216, 93, 255: 11
53, 81, 54, 255: 1
128, 25, 185, 255: 19
28, 27, 34, 255: 1
0, 177, 189, 255: 1
237, 88, 199, 255: 26
200, 4, 149, 255: 38
56, 15, 154, 255: 7
194, 59, 87, 255: 36
255, 177, 249, 255: 1
93, 168, 143, 255: 7
132, 5, 194, 255: 2
133, 9, 32, 255: 5
180, 74, 141, 255: 67
252, 212, 128, 255: 33
254, 1, 236, 255: 1
195, 219, 111, 255: 10
138, 55, 15, 255: 1
193, 209, 190, 255: 4
28, 161, 135, 255: 1
197, 75, 83, 255: 7
236, 243, 16, 255: 6
247, 152, 253, 255: 4
205, 238, 40, 255: 1
246, 124, 219, 255: 1
45, 36, 132, 255: 1
91, 26, 57, 255: 4
164, 156, 205, 255: 1126
142, 246, 191, 255: 1
85, 92, 153, 255: 8
178, 72, 175, 255: 2
147, 176, 249, 255: 1
186, 60, 90, 255: 1
12, 233, 50, 255: 4
240, 2, 215, 255: 5
41, 93, 209, 255: 1
3, 235, 230, 255: 1
43, 255, 148, 255: 1
94, 180, 164, 255: 2
247, 223, 255, 255: 1
87, 209, 88, 255: 1
0, 191, 148, 255: 2
38, 141, 58, 255: 1
86, 255, 73, 255: 1
23, 228, 94, 255: 3
147, 42, 240, 255: 2
83, 34, 41, 255: 12
89, 246, 123, 255: 1
89, 95, 240, 255: 7
142, 68, 230, 255: 4
89, 255, 63, 255: 5
96, 124, 203, 255: 32
35, 244, 124, 255: 1
58, 107, 59, 255: 34
191, 19, 51, 255: 4
211, 37, 161, 255: 1
73, 206, 187, 255: 2
137, 37, 176, 255: 2
179, 144, 207, 255: 1
97, 57, 85, 255: 3
243, 67, 127, 255: 10
243, 230, 233, 255: 7
155, 59, 137, 255: 1142
95, 165, 54, 255: 1
233, 220, 112, 255: 6
249, 115, 240, 255: 1
80, 227, 94, 255: 6
87, 156, 27, 255: 24
235, 191, 26, 255: 1
127, 107, 76, 255: 2
250, 25, 90, 255: 31
250, 206, 144, 255: 3
95, 113, 183, 255: 97
190, 134, 223, 255: 10
79, 255, 184, 255: 1
41, 44, 29, 255: 30
245, 255, 183, 255: 1
250, 30, 164, 255: 6
61, 243, 227, 255: 197
129, 15, 11, 255: 3
178, 253, 202, 255: 3
92, 104, 97, 255: 1
104, 224, 115, 255: 1
236, 188, 146, 255: 22
39, 255, 52, 255: 4
58, 80, 202, 255: 1311
80, 182, 106, 255: 82
87, 25, 189, 255: 1
49, 239, 20, 255: 3
74, 182, 174, 255: 23
157, 174, 250, 255: 3
99, 12, 34, 255: 16
108, 135, 76, 255: 6
5, 160, 193, 255: 3
232, 232, 232, 255: 1
154, 171, 247, 255: 15
134, 213, 125, 255: 7
210, 102, 217, 255: 1
12, 131, 127, 255: 27
139, 58, 236, 255: 2
146, 174, 4, 255: 14
54, 51, 184, 255: 4
79, 68, 33, 255: 1
98, 26, 27, 255: 2
30, 139, 160, 255: 16
244, 242, 255, 255: 1
92, 221, 78, 255: 1
143, 255, 229, 255: 1
206, 57, 169, 255: 1
32, 234, 130, 255: 29
176, 113, 243, 255: 9
132, 186, 212, 255: 7
162, 129, 189, 255: 4
229, 30, 36, 255: 10
239, 255, 62, 255: 2
17, 153, 226, 255: 1
110, 78, 233, 255: 2
227, 103, 100, 255: 8
12, 10, 238, 255: 16
158, 15, 229, 255: 1
133, 118, 248, 255: 34
39, 52, 47, 255: 3
0, 153, 14, 255: 6
240, 218, 55, 255: 2
36, 131, 240, 255: 22
4, 151, 233, 255: 4
187, 245, 245, 255: 1
177, 206, 250, 255: 2
0, 61, 15, 255: 29
163, 75, 64, 255: 116
85, 199, 255, 255: 1
178, 215, 170, 255: 7
81, 156, 249, 255: 17
25, 24, 31, 255: 1
32, 226, 211, 255: 6
46, 71, 202, 255: 2
190, 117, 119, 255: 9
81, 189, 217, 255: 21
171, 202, 115, 255: 1
177, 235, 235, 255: 1
123, 117, 157, 255: 8
95, 14, 105, 255: 21
203, 5, 51, 255: 1
188, 3, 183, 255: 1
80, 177, 195, 255: 7
240, 247, 170, 255: 1
106, 55, 74, 255: 1
111, 132, 4, 255: 145
250, 17, 18, 255: 3
85, 160, 253, 255: 3
137, 184, 215, 255: 1
175, 245, 253, 255: 21
82, 46, 125, 255: 2
41, 170, 222, 255: 1
142, 161, 225, 255: 15
196, 146, 149, 255: 1
90, 5, 125, 255: 1
80, 215, 74, 255: 7
255, 121, 221, 255: 2
147, 28, 247, 255: 2
43, 138, 247, 255: 2
91, 210, 246, 255: 11
69, 48, 106, 255: 1
26, 58, 118, 255: 1
118, 114, 254, 255: 1
95, 168, 155, 255: 1
58, 240, 224, 255: 89
243, 221, 255, 255: 1
209, 227, 153, 255: 3
204, 229, 223, 255: 5
0, 252, 247, 255: 2
180, 203, 178, 255: 1
30, 119, 159, 255: 3
241, 241, 241, 255: 14
42, 181, 95, 255: 3
250, 116, 249, 255: 3
149, 229, 31, 255: 33
190, 153, 161, 255: 1
88, 3, 13, 255: 2
201, 137, 59, 255: 2
99, 113, 169, 255: 1
133, 132, 241, 255: 6
99, 7, 88, 255: 1
222, 139, 100, 255: 2
183, 93, 239, 255: 19
7, 121, 48, 255: 10
133, 19, 51, 255: 4
193, 217, 109, 255: 12
183, 173, 122, 255: 33
2, 19, 65, 255: 1
145, 53, 103, 255: 1
122, 241, 93, 255: 1
246, 95, 143, 255: 10
201, 165, 19, 255: 4
141, 174, 72, 255: 2
194, 255, 159, 255: 1
240, 99, 18, 255: 1
199, 171, 89, 255: 30
238, 75, 12, 255: 1
193, 244, 223, 255: 14
45, 109, 161, 255: 1
0, 77, 11, 255: 2
31, 255, 186, 255: 2
82, 63, 219, 255: 12
85, 245, 92, 255: 5
197, 1, 146, 255: 45
41, 19, 16, 255: 1
250, 236, 68, 255: 1
94, 112, 182, 255: 119
32, 255, 106, 255: 3
47, 130, 174, 255: 4
136, 147, 181, 255: 1
177, 104, 4, 255: 1
14, 125, 209, 255: 1
28, 69, 176, 255: 1
94, 150, 204, 255: 3
223, 178, 235, 255: 2
197, 155, 223, 255: 2
196, 37, 168, 255: 4
1, 68, 130, 255: 12
126, 40, 21, 255: 31
0, 59, 94, 255: 38
84, 35, 6, 255: 62
192, 243, 213, 255: 2
185, 161, 130, 255: 17
166, 246, 9, 255: 1207
164, 112, 98, 255: 4
0, 176, 21, 255: 1039
77, 25, 88, 255: 1
187, 86, 94, 255: 3
88, 41, 213, 255: 1
113, 48, 48, 255: 3
8, 182, 95, 255: 1
34, 62, 35, 255: 9
42, 201, 54, 255: 2
76, 211, 70, 255: 2
249, 197, 224, 255: 2
33, 125, 171, 255: 11
64, 23, 162, 255: 1
87, 31, 191, 255: 24
0, 190, 245, 255: 2
94, 82, 223, 255: 2
91, 54, 206, 255: 10
244, 169, 14, 255: 1
173, 124, 234, 255: 1
2, 58, 112, 255: 1
30, 75, 114, 255: 9
239, 136, 70, 255: 3
199, 28, 161, 255: 39
178, 94, 179, 255: 2
166, 130, 92, 255: 1087
33, 44, 196, 255: 5
10, 77, 254, 255: 1
0, 139, 54, 255: 2
12, 38, 97, 255: 1
213, 210, 78, 255: 1
94, 255, 172, 255: 1
53, 199, 72, 255: 3
242, 255, 180, 255: 3
205, 0, 235, 255: 1
154, 28, 63, 255: 2
243, 236, 205, 255: 13
143, 83, 198, 255: 4
88, 6, 216, 255: 12
152, 1, 47, 255: 22
69, 110, 151, 255: 21
104, 65, 53, 255: 2
50, 55, 139, 255: 1
203, 142, 8, 255: 4
43, 67, 62, 255: 5
237, 184, 74, 255: 10
242, 68, 191, 255: 5
106, 105, 61, 255: 1
246, 59, 212, 255: 1
95, 115, 27, 255: 14
19, 207, 252, 255: 6
238, 142, 5, 255: 4
44, 203, 209, 255: 10
243, 132, 108, 255: 2
62, 76, 30, 255: 1111
24, 212, 1, 255: 12
161, 41, 232, 255: 21
137, 238, 204, 255: 4
244, 181, 255, 255: 2
103, 27, 58, 255: 2
0, 237, 222, 255: 179
148, 77, 183, 255: 64
86, 137, 4, 255: 11
233, 123, 135, 255: 14
0, 154, 212, 255: 13
141, 187, 82, 255: 21
239, 20, 235, 255: 2
146, 196, 69, 255: 15
144, 124, 31, 255: 2
107, 40, 197, 255: 2665
41, 255, 220, 255: 1
31, 130, 253, 255: 1
0, 25, 50, 255: 2
205, 61, 179, 255: 2
156, 107, 231, 255: 1
17, 207, 96, 255: 1
141, 133, 221, 255: 6
60, 197, 120, 255: 94
216, 102, 109, 255: 20
86, 98, 91, 255: 2
6, 108, 26, 255: 1613
89, 143, 108, 255: 3
218, 184, 97, 255: 1
182, 72, 89, 255: 1
140, 14, 49, 255: 1
40, 119, 149, 255: 13
209, 21, 38, 255: 8
193, 247, 59, 255: 6
36, 127, 82, 255: 16
26, 42, 126, 255: 2
63, 208, 195, 255: 1
0, 105, 211, 255: 1
128, 140, 101, 255: 15
25, 133, 119, 255: 22
5, 179, 246, 255: 9
93, 226, 97, 255: 11
249, 21, 244, 255: 14
0, 92, 223, 255: 46
78, 43, 30, 255: 2
15, 172, 8, 255: 25
115, 1, 152, 255: 15
134, 40, 248, 255: 2
191, 72, 179, 255: 68
205, 45, 147, 255: 2
42, 0, 77, 255: 1
85, 23, 33, 255: 5
124, 81, 227, 255: 1
194, 240, 141, 255: 14
43, 94, 38, 255: 1
186, 178, 5, 255: 3
25, 131, 54, 255: 2
143, 251, 140, 255: 2
183, 212, 0, 255: 33
129, 55, 217, 255: 2
183, 255, 140, 255: 4
0, 123, 252, 255: 77
202, 155, 154, 255: 4
174, 73, 81, 255: 1
0, 118, 237, 255: 25
199, 149, 152, 255: 1
246, 103, 62, 255: 5
51, 117, 187, 255: 14
96, 77, 233, 255: 2
43, 144, 193, 255: 1
22, 15, 200, 255: 1
227, 86, 108, 255: 1
169, 73, 151, 255: 55
129, 48, 97, 255: 5
143, 49, 1, 255: 4
130, 79, 211, 255: 3
78, 238, 238, 255: 3
26, 192, 219, 255: 1
83, 127, 9, 255: 2
34, 10, 91, 255: 1
30, 210, 124, 255: 10
237, 201, 14, 255: 3
205, 15, 229, 255: 2
105, 45, 154, 255: 4
233, 90, 203, 255: 7
177, 144, 203, 255: 1
121, 128, 148, 255: 1
255, 123, 255, 255: 16
206, 73, 46, 255: 3
40, 255, 30, 255: 1
83, 84, 67, 255: 1
0, 67, 210, 255: 3
192, 78, 116, 255: 10
184, 95, 19, 255: 50
255, 185, 202, 255: 1
39, 255, 255, 255: 2
144, 23, 25, 255: 1
88, 205, 152, 255: 1
242, 255, 29, 255: 1
139, 92, 84, 255: 14
18, 126, 112, 255: 3
0, 116, 68, 255: 1
247, 106, 128, 255: 1
147, 90, 73, 255: 1
37, 255, 144, 255: 1
140, 16, 39, 255: 2
64, 113, 65, 255: 4
0, 11, 240, 255: 46
191, 242, 212, 255: 1
0, 27, 9, 255: 76
135, 74, 79, 255: 46
42, 156, 184, 255: 1
97, 244, 248, 255: 2
201, 209, 23, 255: 1
196, 195, 99, 255: 1
126, 73, 245, 255: 2
246, 255, 123, 255: 1
76, 168, 118, 255: 3
67, 73, 219, 255: 1
196, 49, 188, 255: 2
59, 26, 77, 255: 1
203, 219, 46, 255: 20
81, 136, 156, 255: 14
242, 165, 168, 255: 23
231, 173, 4, 255: 1
0, 13, 252, 255: 47
60, 76, 129, 255: 59
0, 159, 255, 255: 1
116, 95, 4, 255: 9
75, 130, 150, 255: 4
81, 244, 51, 255: 15
178, 151, 23, 255: 46
139, 232, 124, 255: 1
45, 59, 155, 255: 2
79, 189, 59, 255: 1
179, 213, 70, 255: 2
24, 1, 210, 255: 4
190, 219, 43, 255: 11
129, 35, 207, 255: 2
56, 86, 158, 255: 1
156, 203, 208, 255: 3
63, 126, 212, 255: 1
216, 34, 247, 255: 1
48, 48, 191, 255: 3
90, 120, 151, 255: 4
0, 42, 234, 255: 77
178, 77, 213, 255: 1
185, 240, 13, 255: 9
76, 186, 21, 255: 33
0, 163, 54, 255: 1
7, 156, 81, 255: 42
127, 84, 127, 255: 5
58, 85, 19, 255: 1
0, 248, 109, 255: 11
39, 46, 220, 255: 8
228, 243, 183, 255: 8
81, 195, 44, 255: 1
38, 34, 198, 255: 27
70, 18, 148, 255: 1
77, 165, 17, 255: 2
0, 73, 165, 255: 1
36, 167, 16, 255: 1
43, 184, 116, 255: 5
174, 232, 232, 255: 5
242, 217, 39, 255: 4
222, 192, 228, 255: 2
29, 214, 33, 255: 4
6, 38, 205, 255: 1
197, 209, 176, 255: 1
99, 139, 227, 255: 4
201, 74, 116, 255: 1
136, 155, 219, 255: 158
0, 39, 30, 255: 18
31, 27, 156, 255: 14
138, 184, 43, 255: 14
229, 0, 205, 255: 2
87, 76, 143, 255: 25
85, 54, 19, 255: 1
50, 149, 16, 255: 1
180, 68, 67, 255: 16
145, 43, 221, 255: 10
132, 38, 143, 255: 2
0, 244, 208, 255: 1
0, 99, 140, 255: 3370
183, 32, 192, 255: 1
187, 132, 173, 255: 1
135, 206, 89, 255: 2
138, 115, 255, 255: 1
28, 82, 124, 255: 8
29, 190, 122, 255: 1
92, 163, 205, 255: 43
8, 77, 96, 255: 1
44, 2, 182, 255: 116
247, 174, 191, 255: 8
236, 182, 110, 255: 4
229, 83, 62, 255: 4
49, 167, 209, 255: 20
212, 90, 186, 255: 4
0, 201, 1, 255: 1238
37, 129, 139, 255: 3
93, 107, 255, 255: 1
81, 128, 134, 255: 1
246, 59, 109, 255: 5
68, 63, 97, 255: 1
49, 165, 109, 255: 6
189, 29, 172, 255: 1
89, 166, 204, 255: 14
47, 149, 215, 255: 1
236, 200, 203, 255: 5
133, 91, 15, 255: 14
158, 37, 127, 255: 3
35, 217, 113, 255: 1
105, 244, 169, 255: 1
239, 113, 47, 255: 6
187, 215, 158, 255: 3
145, 63, 58, 255: 1
39, 35, 199, 255: 37
212, 35, 60, 255: 28
33, 63, 135, 255: 3
255, 113, 204, 255: 1
174, 131, 180, 255: 6
129, 236, 255, 255: 1
185, 63, 190, 255: 2
97, 142, 42, 255: 27
49, 7, 187, 255: 38
255, 160, 5, 255: 1
178, 119, 193, 255: 4
255, 170, 25, 255: 6
82, 167, 13, 255: 8
47, 47, 190, 255: 2
144, 166, 209, 255: 1
91, 67, 62, 255: 8
97, 90, 18, 255: 3
175, 129, 80, 255: 13
216, 17, 152, 255: 1
42, 92, 83, 255: 6
80, 210, 0, 255: 1
0, 48, 250, 255: 60
32, 14, 164, 255: 42
82, 0, 174, 255: 6
133, 182, 175, 255: 1
200, 233, 35, 255: 8
0, 17, 205, 255: 2
134, 34, 137, 255: 1
47, 25, 124, 255: 21
80, 184, 206, 255: 3
221, 83, 229, 255: 1
139, 53, 172, 255: 2
204, 0, 80, 255: 2
58, 17, 156, 255: 21
175, 57, 152, 255: 1
91, 165, 104, 255: 8
0, 12, 49, 255: 5
91, 205, 156, 255: 35
170, 121, 206, 255: 3
13, 30, 76, 255: 2
46, 159, 133, 255: 3
149, 119, 189, 255: 8
45, 75, 147, 255: 60
11, 183, 151, 255: 3
238, 65, 103, 255: 3
246, 206, 122, 255: 170
37, 69, 10, 255: 1
144, 74, 133, 255: 1
136, 241, 31, 255: 2
249, 240, 38, 255: 1
102, 185, 79, 255: 1
37, 57, 73, 255: 1
141, 36, 234, 255: 10
113, 115, 67, 255: 188
142, 238, 202, 255: 1
184, 95, 122, 255: 1
105, 2, 48, 255: 2
190, 182, 229, 255: 24
18, 3, 56, 255: 2
0, 130, 72, 255: 1
144, 109, 212, 255: 2
71, 226, 225, 255: 1
235, 255, 165, 255: 1
25, 24, 149, 255: 1
19, 15, 144, 255: 2
189, 22, 206, 255: 41
193, 79, 255, 255: 3
83, 111, 80, 255: 29
12, 167, 160, 255: 2
196, 90, 40, 255: 2
85, 80, 149, 255: 1
206, 167, 77, 255: 1
246, 68, 140, 255: 2
26, 193, 194, 255: 9
36, 120, 219, 255: 5
113, 43, 103, 255: 1
176, 248, 99, 255: 5
0, 32, 181, 255: 8
0, 33, 182, 255: 45
80, 55, 205, 255: 1
184, 41, 112, 255: 2
78, 205, 117, 255: 47
193, 18, 70, 255: 9
131, 95, 241, 255: 1
194, 205, 245, 255: 1
36, 123, 218, 255: 1
162, 74, 63, 255: 71
242, 132, 255, 255: 7
142, 228, 99, 255: 54
0, 74, 29, 255: 46
137, 255, 16, 255: 2
141, 140, 121, 255: 1
238, 220, 181, 255: 2
87, 111, 74, 255: 8
149, 172, 61, 255: 3
147, 72, 255, 255: 2
199, 18, 223, 255: 2
254, 40, 114, 255: 4
175, 85, 10, 255: 2
82, 88, 233, 255: 6
130, 36, 106, 255: 53
0, 169, 40, 255: 2
6, 70, 35, 255: 1
150, 85, 3, 255: 1
191, 52, 102, 255: 11
194, 14, 135, 255: 2
92, 12, 182, 255: 1
172, 66, 133, 255: 6
82, 173, 190, 255: 1
168, 91, 89, 255: 1
131, 80, 94, 255: 2
0, 102, 144, 255: 1093
40, 91, 35, 255: 3
144, 226, 236, 255: 2
27, 152, 215, 255: 1
63, 112, 64, 255: 16
76, 0, 176, 255: 4
32, 215, 192, 255: 11
142, 245, 193, 255: 10
54, 208, 248, 255: 5
100, 108, 168, 255: 2
74, 61, 30, 255: 1
0, 187, 135, 255: 2
141, 147, 214, 255: 12
99, 84, 254, 255: 3
2, 132, 137, 255: 2135
12, 194, 172, 255: 1
37, 12, 13, 255: 2
140, 138, 38, 255: 42
228, 142, 107, 255: 1
240, 94, 211, 255: 3
38, 200, 49, 255: 6
191, 246, 19, 255: 5
35, 255, 84, 255: 21
182, 194, 161, 255: 24
0, 103, 179, 255: 20
135, 185, 58, 255: 2
37, 8, 184, 255: 13
48, 56, 110, 255: 3
139, 152, 214, 255: 1
0, 168, 73, 255: 2
231, 24, 119, 255: 37
136, 121, 251, 255: 17
88, 229, 11, 255: 3
212, 203, 2, 255: 135
188, 146, 213, 255: 5
9, 68, 180, 255: 47
153, 54, 74, 255: 4
68, 12, 173, 255: 6
150, 134, 157, 255: 1
169, 114, 155, 255: 1
213, 23, 68, 255: 1
205, 166, 76, 255: 3
27, 42, 245, 255: 35
0, 96, 206, 255: 1
146, 6, 62, 255: 11
130, 53, 82, 255: 1
33, 205, 18, 255: 1
137, 248, 107, 255: 1
188, 217, 41, 255: 4
53, 108, 129, 255: 1
33, 155, 94, 255: 2
181, 209, 152, 255: 3
0, 221, 29, 255: 40
206, 188, 219, 255: 1
40, 255, 64, 255: 2
92, 251, 8, 255: 54
154, 66, 197, 255: 1
0, 82, 238, 255: 102
80, 224, 2, 255: 1
216, 160, 209, 255: 20
252, 220, 47, 255: 20
200, 29, 162, 255: 22
250, 75, 15, 255: 1
103, 72, 11, 255: 10
255, 192, 53, 255: 1
240, 135, 51, 255: 35
0, 201, 125, 255: 2
233, 23, 148, 255: 3
228, 95, 181, 255: 6
236, 40, 180, 255: 12
255, 93, 140, 255: 1
145, 238, 139, 255: 1
36, 220, 214, 255: 8
186, 52, 171, 255: 8
0, 91, 98, 255: 4
27, 100, 226, 255: 1
186, 220, 112, 255: 13
143, 255, 251, 255: 1
229, 5, 125, 255: 2
162, 71, 218, 255: 2
177, 59, 118, 255: 20
201, 162, 72, 255: 7
178, 233, 6, 255: 2
84, 75, 58, 255: 8
36, 0, 248, 255: 2
58, 82, 46, 255: 4
237, 149, 179, 255: 2
68, 76, 89, 255: 1
0, 27, 142, 255: 1041
134, 20, 170, 255: 7
119, 170, 227, 255: 1
86, 255, 169, 255: 1
30, 244, 168, 255: 1
85, 177, 127, 255: 7
41, 250, 233, 255: 1
143, 82, 87, 255: 6
194, 210, 191, 255: 4
65, 70, 114, 255: 25
148, 4, 255, 255: 30
236, 187, 184, 255: 1
230, 174, 221, 255: 36
180, 16, 78, 255: 1
208, 227, 113, 255: 1
242, 236, 132, 255: 10
39, 50, 202, 255: 45
235, 62, 92, 255: 2
216, 207, 6, 255: 47
0, 180, 159, 255: 1
28, 211, 34, 255: 4
161, 132, 22, 255: 1
186, 194, 8, 255: 1
192, 237, 103, 255: 2
231, 32, 38, 255: 20
130, 71, 138, 255: 57
190, 194, 30, 255: 1
150, 20, 230, 255: 2
133, 203, 205, 255: 13
249, 104, 75, 255: 3
0, 44, 45, 255: 9
177, 46, 228, 255: 1
40, 98, 154, 255: 1
194, 229, 130, 255: 4
56, 166, 144, 255: 1
167, 153, 235, 255: 1
204, 250, 120, 255: 1
135, 90, 137, 255: 2
83, 86, 132, 255: 2
20, 150, 154, 255: 2
247, 255, 124, 255: 2
86, 255, 130, 255: 1
249, 159, 201, 255: 3
194, 14, 237, 255: 51
84, 27, 190, 255: 1
180, 129, 150, 255: 2
152, 109, 45, 255: 9
88, 98, 1, 255: 13
0, 49, 84, 255: 1703
180, 197, 130, 255: 1
247, 41, 26, 255: 13
76, 252, 39, 255: 6
150, 35, 79, 255: 1
241, 58, 189, 255: 2
220, 143, 147, 255: 1
30, 215, 34, 255: 1
137, 181, 242, 255: 1
161, 216, 247, 255: 6
190, 64, 212, 255: 1
186, 57, 81, 255: 11
26, 151, 214, 255: 5
87, 176, 130, 255: 1
33, 147, 73, 255: 15
175, 14, 10, 255: 1
28, 192, 130, 255: 5
209, 13, 158, 255: 1
134, 178, 111, 255: 1
145, 65, 5, 255: 47
130, 75, 148, 255: 2
29, 121, 64, 255: 3
133, 23, 33, 255: 3
240, 65, 5, 255: 7
82, 203, 46, 255: 38
0, 217, 159, 255: 10
0, 104, 214, 255: 1
11, 213, 110, 255: 37
0, 230, 117, 255: 153
0, 179, 152, 255: 1
34, 137, 54, 255: 15
114, 209, 174, 255: 1
144, 138, 60, 255: 7
135, 211, 255, 255: 30
135, 231, 1, 255: 16
236, 137, 158, 255: 38
0, 76, 65, 255: 138
0, 59, 74, 255: 2
193, 180, 159, 255: 1
84, 1, 74, 255: 16
142, 226, 255, 255: 32
33, 87, 129, 255: 31
26, 218, 140, 255: 1
34, 38, 11, 255: 3
95, 88, 169, 255: 11
26, 93, 115, 255: 24
235, 213, 195, 255: 15
191, 167, 18, 255: 2
229, 220, 18, 255: 9
235, 36, 42, 255: 8
173, 143, 172, 255: 1
176, 55, 144, 255: 2
192, 158, 137, 255: 1
188, 184, 92, 255: 6
135, 34, 36, 255: 1
58, 35, 249, 255: 1
90, 222, 75, 255: 2
37, 63, 157, 255: 1
218, 173, 231, 255: 42
52, 14, 35, 255: 3
28, 93, 206, 255: 1
195, 118, 188, 255: 2
97, 21, 52, 255: 2
157, 210, 28, 255: 4
252, 204, 56, 255: 1
21, 6, 24, 255: 2
41, 184, 112, 255: 5
198, 49, 200, 255: 1
82, 22, 241, 255: 10
194, 243, 123, 255: 109
236, 192, 94, 255: 8
2, 77, 11, 255: 3
84, 167, 171, 255: 6
192, 69, 162, 255: 5
88, 34, 211, 255: 8
84, 110, 244, 255: 6
18, 49, 74, 255: 1
127, 157, 230, 255: 2
123, 177, 101, 255: 5
61, 22, 4, 255: 64
228, 231, 64, 255: 1
138, 195, 255, 255: 17
126, 134, 189, 255: 2
35, 47, 151, 255: 3
141, 66, 193, 255: 2
195, 221, 167, 255: 1
30, 122, 132, 255: 2
144, 94, 219, 255: 1
0, 32, 211, 255: 1
36, 255, 29, 255: 1
189, 148, 255, 255: 16
0, 33, 191, 255: 44
172, 164, 213, 255: 1
5, 110, 127, 255: 1
246, 179, 192, 255: 1
230, 94, 82, 255: 46
23, 35, 139, 255: 16
33, 255, 117, 255: 1
187, 65, 73, 255: 2
142, 188, 47, 255: 14
153, 48, 255, 255: 2
80, 252, 107, 255: 2
201, 46, 155, 255: 1
77, 13, 5, 255: 3
132, 101, 255, 255: 20
91, 238, 105, 255: 30
235, 218, 105, 255: 52
0, 189, 137, 255: 1
195, 144, 255, 255: 1
233, 67, 101, 255: 8
134, 42, 57, 255: 1
145, 247, 93, 255: 1
254, 92, 140, 255: 3
37, 151, 77, 255: 2
0, 15, 105, 255: 6
91, 255, 227, 255: 6
192, 238, 20, 255: 5
29, 163, 181, 255: 1
186, 182, 90, 255: 1
31, 153, 92, 255: 2
136, 235, 205, 255: 1
241, 255, 168, 255: 1
148, 178, 106, 255: 1
128, 111, 178, 255: 6
43, 218, 166, 255: 6
137, 161, 130, 255: 11
95, 225, 255, 255: 7
120, 165, 178, 255: 1
247, 182, 110, 255: 17
46, 200, 240, 255: 19
143, 214, 97, 255: 3
40, 22, 208, 255: 1
0, 4, 199, 255: 19
191, 255, 215, 255: 1
185, 186, 179, 255: 5
86, 220, 244, 255: 1
0, 88, 219, 255: 43
10, 255, 61, 255: 5
176, 12, 38, 255: 2
187, 18, 139, 255: 34
197, 222, 215, 255: 12
0, 54, 132, 255: 6
222, 175, 133, 255: 3
45, 41, 205, 255: 1
69, 5, 255, 255: 1
134, 171, 17, 255: 2
240, 81, 218, 255: 23
0, 160, 243, 255: 2
200, 59, 121, 255: 10
146, 149, 237, 255: 3
178, 245, 190, 255: 1
194, 164, 167, 255: 1
164, 222, 223, 255: 1
54, 68, 125, 255: 2
133, 255, 59, 255: 2
220, 123, 208, 255: 50
60, 60, 10, 255: 2
36, 40, 115, 255: 22
150, 233, 5, 255: 1
133, 41, 56, 255: 1
185, 239, 51, 255: 5
232, 61, 51, 255: 4
144, 111, 210, 255: 1
34, 214, 128, 255: 5
133, 64, 158, 255: 36
1, 109, 135, 255: 1
139, 141, 92, 255: 7
90, 129, 71, 255: 2
37, 120, 164, 255: 6
213, 237, 89, 255: 1853
0, 142, 195, 255: 1
36, 62, 17, 255: 5
205, 177, 95, 255: 3
89, 128, 105, 255: 19
28, 120, 166, 255: 1
51, 54, 39, 255: 2
129, 21, 19, 255: 6
97, 68, 250, 255: 2
194, 72, 80, 255: 3
253, 108, 79, 255: 2
156, 198, 6, 255: 3
89, 92, 138, 255: 1
90, 85, 9, 255: 1
135, 109, 111, 255: 9
130, 255, 72, 255: 5
95, 82, 87, 255: 6
176, 254, 173, 255: 15
162, 118, 169, 255: 24
233, 21, 47, 255: 49
76, 159, 199, 255: 2
34, 46, 150, 255: 2
41, 241, 177, 255: 1
226, 30, 134, 255: 6
242, 190, 217, 255: 8
84, 186, 145, 255: 30
38, 51, 46, 255: 7
0, 215, 216, 255: 7
0, 23, 5, 255: 1959
88, 177, 131, 255: 1
231, 228, 248, 255: 1
0, 47, 214, 255: 2
198, 122, 119, 255: 1
149, 75, 83, 255: 9
82, 86, 65, 255: 5
2, 61, 173, 255: 8
131, 255, 255, 255: 4
130, 242, 181, 255: 6
237, 39, 81, 255: 25
150, 32, 131, 255: 5
45, 78, 248, 255: 1
36, 102, 69, 255: 1
177, 49, 134, 255: 3
231, 98, 185, 255: 26
186, 77, 184, 255: 1
133, 215, 225, 255: 76
0, 63, 151, 255: 1
246, 81, 114, 255: 5
198, 21, 86, 255: 9
135, 182, 213, 255: 2
235, 81, 184, 255: 3
96, 133, 122, 255: 46
0, 145, 249, 255: 6
231, 178, 170, 255: 4
129, 249, 125, 255: 2
237, 199, 206, 255: 2
38, 232, 99, 255: 2
245, 113, 218, 255: 15
167, 110, 27, 255: 1
163, 47, 206, 255: 2806
140, 114, 116, 255: 11
32, 81, 218, 255: 48
68, 16, 43, 255: 2
178, 143, 104, 255: 33
176, 100, 97, 255: 1
187, 152, 215, 255: 7
222, 71, 237, 255: 1
174, 56, 115, 255: 7
0, 148, 108, 255: 1
30, 236, 146, 255: 1
137, 96, 157, 255: 2
240, 8, 217, 255: 8
0, 145, 193, 255: 871
141, 135, 57, 255: 8
84, 203, 239, 255: 21
32, 248, 160, 255: 32
102, 167, 243, 255: 4
183, 104, 38, 255: 4
149, 72, 110, 255: 4
227, 158, 72, 255: 1
142, 95, 190, 255: 6
191, 245, 57, 255: 4
91, 3, 109, 255: 3
144, 223, 110, 255: 1
138, 142, 38, 255: 2
0, 117, 45, 255: 30
241, 91, 19, 255: 3
192, 121, 186, 255: 6
96, 5, 13, 255: 1
243, 171, 243, 255: 11
177, 104, 224, 255: 1
173, 5, 87, 255: 1
81, 136, 53, 255: 1
94, 96, 190, 255: 1
88, 255, 62, 255: 9
0, 3, 6, 255: 1
114, 49, 49, 255: 2
44, 66, 227, 255: 13
79, 19, 17, 255: 15
138, 181, 70, 255: 3
183, 237, 13, 255: 2
238, 205, 255, 255: 21
0, 233, 252, 255: 78
240, 9, 254, 255: 16
0, 91, 153, 255: 1
107, 215, 98, 255: 1
0, 250, 248, 255: 2
145, 6, 50, 255: 5
183, 214, 254, 255: 1
236, 214, 196, 255: 18
195, 154, 148, 255: 7
243, 32, 76, 255: 6
31, 202, 217, 255: 2
33, 71, 54, 255: 3
53, 92, 35, 255: 6
41, 172, 211, 255: 2
59, 128, 0, 255: 2
148, 194, 89, 255: 4
131, 189, 127, 255: 1
90, 79, 255, 255: 4
40, 4, 252, 255: 5
239, 217, 255, 255: 13
131, 172, 218, 255: 15
42, 5, 14, 255: 1
98, 30, 228, 255: 10
0, 209, 176, 255: 1
195, 1, 236, 255: 2
247, 209, 224, 255: 9
39, 255, 41, 255: 3
0, 112, 163, 255: 70
190, 197, 3, 255: 5
137, 15, 100, 255: 19
155, 147, 235, 255: 2
244, 103, 22, 255: 1
47, 22, 176, 255: 2
141, 255, 191, 255: 4
70, 249, 134, 255: 7
135, 137, 124, 255: 30
2, 253, 167, 255: 3
42, 72, 144, 255: 34
184, 218, 75, 255: 6
0, 8, 80, 255: 2289
152, 169, 245, 255: 17
195, 211, 38, 255: 9
0, 223, 165, 255: 49
1, 225, 52, 255: 2
196, 129, 55, 255: 4
87, 187, 150, 255: 2
0, 37, 162, 255: 8
32, 19, 238, 255: 41
8, 173, 73, 255: 3
199, 17, 142, 255: 3
39, 142, 59, 255: 2
24, 3, 208, 255: 4
232, 215, 102, 255: 20
243, 68, 8, 255: 12
70, 109, 51, 255: 3
8, 155, 237, 255: 64
10, 184, 97, 255: 3
247, 8, 86, 255: 6
230, 233, 204, 255: 1
231, 79, 91, 255: 5
37, 121, 255, 255: 1
25, 187, 27, 255: 2
0, 169, 206, 255: 1
249, 59, 206, 255: 1
29, 221, 210, 255: 4
87, 25, 35, 255: 7
76, 189, 30, 255: 3
142, 152, 50, 255: 5
0, 112, 78, 255: 1
184, 122, 133, 255: 12
40, 236, 239, 255: 97
33, 217, 211, 255: 3
139, 7, 128, 255: 2
145, 189, 250, 255: 3
1, 181, 202, 255: 1
231, 33, 193, 255: 1
59, 45, 15, 255: 1
65, 51, 175, 255: 1
110, 208, 42, 255: 6
43, 216, 73, 255: 1
135, 101, 157, 255: 16
125, 133, 188, 255: 2
146, 207, 192, 255: 1
54, 252, 58, 255: 40
29, 49, 65, 255: 7
52, 10, 190, 255: 7
85, 134, 85, 255: 121
86, 74, 214, 255: 3
0, 44, 14, 255: 4
187, 157, 160, 255: 1
188, 204, 185, 255: 2
22, 230, 195, 255: 28
160, 64, 142, 255: 5245
40, 158, 200, 255: 24
32, 141, 254, 255: 1
25, 235, 42, 255: 19
76, 228, 61, 255: 1
239, 158, 217, 255: 1
96, 47, 54, 255: 1
84, 221, 215, 255: 1
36, 240, 154, 255: 19
30, 255, 117, 255: 1
220, 38, 251, 255: 1
238, 128, 140, 255: 23
238, 243, 148, 255: 1
239, 252, 94, 255: 1
30, 164, 182, 255: 1
88, 74, 43, 255: 10
146, 94, 18, 255: 1
248, 116, 84, 255: 2
185, 242, 187, 255: 1
0, 24, 208, 255: 2
20, 128, 114, 255: 3
87, 156, 180, 255: 1
28, 192, 94, 255: 8
93, 56, 55, 255: 2
207, 179, 98, 255: 2
82, 60, 118, 255: 33
234, 132, 147, 255: 1
40, 161, 46, 255: 1
40, 84, 136, 255: 10
255, 95, 143, 255: 2
0, 156, 238, 255: 56
193, 81, 255, 255: 25
91, 126, 17, 255: 13
137, 38, 58, 255: 8
36, 236, 34, 255: 8
127, 142, 73, 255: 1
73, 206, 222, 255: 1
36, 248, 73, 255: 6
192, 249, 40, 255: 43
48, 186, 148, 255: 19
190, 185, 75, 255: 9
40, 255, 158, 255: 1
108, 143, 251, 255: 1
134, 20, 52, 255: 12
35, 190, 182, 255: 21
52, 69, 8, 255: 1
0, 59, 236, 255: 1
33, 106, 68, 255: 4
98, 237, 193, 255: 1
255, 198, 37, 255: 5
95, 77, 251, 255: 4
142, 174, 54, 255: 11
190, 107, 210, 255: 3
211, 210, 176, 255: 9
220, 126, 53, 255: 29
176, 234, 234, 255: 5
239, 224, 129, 255: 3
90, 53, 52, 255: 2
133, 41, 209, 255: 8
247, 231, 34, 255: 1
138, 201, 182, 255: 1
197, 13, 120, 255: 1
34, 51, 96, 255: 1
224, 204, 249, 255: 4
183, 129, 205, 255: 2
168, 210, 131, 255: 1
183, 57, 205, 255: 12
40, 246, 156, 255: 1
236, 157, 97, 255: 8
28, 130, 223, 255: 1
249, 252, 231, 255: 4
25, 227, 123, 255: 6
183, 38, 240, 255: 1
27, 89, 42, 255: 9
89, 238, 168, 255: 14
247, 234, 237, 255: 33
238, 212, 6, 255: 1
54, 211, 53, 255: 1
0, 194, 249, 255: 1
201, 198, 105, 255: 28
0, 69, 191, 255: 10
0, 153, 87, 255: 1
10, 231, 150, 255: 2
101, 252, 98, 255: 1
37, 157, 151, 255: 4
116, 206, 127, 255: 2
100, 181, 233, 255: 3
230, 164, 202, 255: 7
36, 230, 215, 255: 7
186, 235, 115, 255: 7
186, 82, 27, 255: 2
186, 219, 21, 255: 4
95, 166, 208, 255: 31
98, 253, 31, 255: 1
140, 23, 49, 255: 7
255, 69, 131, 255: 1
40, 255, 123, 255: 5
25, 2, 109, 255: 1
123, 97, 217, 255: 10
90, 255, 239, 255: 1
235, 154, 213, 255: 1
41, 235, 102, 255: 1
180, 29, 71, 255: 4
171, 178, 204, 255: 1
239, 195, 255, 255: 1
212, 71, 248, 255: 18
165, 119, 71, 255: 883
90, 255, 226, 255: 12
0, 125, 244, 255: 1
126, 166, 213, 255: 1
232, 218, 75, 255: 1
189, 143, 232, 255: 8
34, 205, 220, 255: 4
69, 83, 36, 255: 1
92, 179, 43, 255: 39
88, 160, 37, 255: 7
14, 59, 63, 255: 1
240, 255, 242, 255: 4
166, 194, 239, 255: 2
155, 174, 53, 255: 2
141, 12, 103, 255: 1
247, 170, 173, 255: 2
166, 142, 112, 255: 6
69, 118, 70, 255: 1
42, 61, 124, 255: 104
37, 28, 5, 255: 22
32, 135, 88, 255: 6
38, 49, 201, 255: 36
3, 196, 69, 255: 2
48, 6, 186, 255: 40
227, 83, 160, 255: 18
214, 133, 193, 255: 1
65, 191, 1, 255: 1
20, 153, 25, 255: 1
194, 240, 22, 255: 3
131, 97, 50, 255: 13
147, 45, 86, 255: 4
190, 78, 215, 255: 3
244, 227, 252, 255: 1
141, 123, 48, 255: 1
133, 28, 125, 255: 14
231, 148, 211, 255: 9
84, 79, 148, 255: 2
46, 147, 112, 255: 8
42, 255, 147, 255: 3
81, 30, 194, 255: 20
149, 67, 164, 255: 8
15, 96, 226, 255: 1
106, 226, 117, 255: 1
141, 47, 255, 255: 5
69, 204, 180, 255: 1
125, 11, 161, 255: 18
25, 43, 252, 255: 2
238, 117, 255, 255: 1
135, 189, 251, 255: 11
135, 55, 140, 255: 17
143, 200, 69, 255: 4
41, 3, 233, 255: 4
139, 152, 147, 255: 4
127, 240, 87, 255: 2
75, 200, 13, 255: 6
113, 134, 6, 255: 96
74, 239, 145, 255: 2
162, 30, 110, 255: 4
253, 22, 121, 255: 1
33, 51, 198, 255: 22
88, 188, 151, 255: 1
255, 8, 29, 255: 1
136, 79, 62, 255: 4
214, 123, 20, 255: 1
0, 189, 113, 255: 1
79, 115, 86, 255: 1
248, 122, 166, 255: 11
247, 198, 204, 255: 57
67, 255, 51, 255: 1
36, 203, 239, 255: 4
91, 134, 89, 255: 12
245, 53, 171, 255: 1
94, 47, 117, 255: 1
191, 56, 84, 255: 19
21, 14, 199, 255: 3
0, 168, 4, 255: 291
132, 73, 176, 255: 2
84, 153, 177, 255: 1
233, 10, 63, 255: 4
96, 158, 136, 255: 4
143, 129, 21, 255: 4
99, 54, 142, 255: 2
240, 234, 2, 255: 1
192, 117, 132, 255: 3
95, 255, 79, 255: 1
64, 226, 34, 255: 1
88, 112, 75, 255: 9
213, 149, 30, 255: 1149
30, 7, 216, 255: 5
82, 165, 169, 255: 18
240, 122, 69, 255: 1
246, 139, 95, 255: 1
229, 48, 167, 255: 1
7, 82, 16, 255: 1
92, 85, 166, 255: 15
83, 200, 138, 255: 39
136, 209, 53, 255: 11
192, 255, 242, 255: 1
5, 223, 238, 255: 1
182, 249, 194, 255: 8
236, 102, 6, 255: 1
140, 181, 227, 255: 21
113, 144, 25, 255: 1106
0, 201, 0, 255: 261
0, 128, 64, 255: 1
51, 21, 209, 255: 16
159, 233, 183, 255: 3
77, 165, 238, 255: 2
144, 107, 193, 255: 2
186, 182, 243, 255: 3
141, 109, 80, 255: 2
159, 195, 192, 255: 1
184, 33, 193, 255: 2
38, 21, 86, 255: 17
88, 87, 237, 255: 31
75, 158, 162, 255: 30
53, 42, 8, 255: 1
247, 116, 118, 255: 1
235, 64, 192, 255: 22
140, 255, 64, 255: 2
196, 223, 59, 255: 1
184, 160, 129, 255: 26
180, 124, 213, 255: 1
248, 212, 61, 255: 2
85, 181, 138, 255: 1
133, 140, 160, 255: 3
225, 187, 91, 255: 1
193, 255, 134, 255: 1
56, 23, 113, 255: 1
25, 219, 112, 255: 1
218, 201, 89, 255: 91
176, 116, 88, 255: 1
33, 180, 108, 255: 1
102, 155, 223, 255: 7
92, 131, 73, 255: 2
254, 239, 144, 255: 1
98, 45, 222, 255: 12
197, 169, 87, 255: 43
186, 130, 210, 255: 4
175, 165, 150, 255: 1
237, 194, 12, 255: 2
0, 84, 48, 255: 8
141, 36, 243, 255: 2
169, 151, 189, 255: 2
80, 223, 146, 255: 1
255, 6, 185, 255: 15
228, 137, 33, 255: 4
185, 71, 74, 255: 3
225, 230, 7, 255: 1
157, 69, 58, 255: 165
41, 192, 31, 255: 10
160, 207, 212, 255: 2
226, 14, 40, 255: 2
193, 31, 156, 255: 2
80, 202, 218, 255: 5
0, 240, 156, 255: 1
238, 81, 197, 255: 7
186, 55, 134, 255: 6
72, 117, 127, 255: 1
246, 101, 72, 255: 1
157, 124, 70, 255: 2
73, 219, 205, 255: 2
107, 64, 250, 255: 2
138, 185, 216, 255: 2
42, 234, 140, 255: 1
239, 223, 26, 255: 6
0, 29, 208, 255: 1
0, 255, 95, 255: 56
25, 139, 65, 255: 6
60, 125, 53, 255: 39
186, 140, 229, 255: 1
102, 249, 227, 255: 1
0, 181, 60, 255: 141
143, 72, 178, 255: 20
66, 138, 132, 255: 1
0, 226, 235, 255: 80
27, 28, 98, 255: 1
236, 158, 59, 255: 1
129, 176, 224, 255: 1
33, 62, 23, 255: 11
137, 64, 25, 255: 1
84, 62, 18, 255: 2
208, 180, 59, 255: 1235
28, 28, 171, 255: 1
188, 76, 177, 255: 6
191, 159, 99, 255: 4
228, 57, 150, 255: 5
206, 180, 43, 255: 1
25, 2, 211, 255: 5
206, 84, 180, 255: 2
225, 37, 53, 255: 5
189, 249, 138, 255: 5
189, 121, 64, 255: 4
223, 27, 131, 255: 1
0, 0, 62, 255: 2073
40, 169, 221, 255: 1
198, 170, 88, 255: 45
248, 239, 37, 255: 1
193, 138, 72, 255: 1
36, 164, 105, 255: 31
0, 31, 214, 255: 1
143, 194, 250, 255: 1
34, 21, 240, 255: 30
131, 230, 200, 255: 1
37, 129, 175, 255: 12
140, 90, 206, 255: 1
59, 53, 88, 255: 2150
236, 75, 75, 255: 8
96, 27, 53, 255: 1
40, 72, 234, 255: 2
198, 31, 250, 255: 1
93, 11, 221, 255: 8
188, 7, 212, 255: 3
83, 109, 243, 255: 1
34, 170, 243, 255: 7
6, 3, 130, 255: 4
95, 121, 102, 255: 45
174, 189, 24, 255: 2
30, 255, 213, 255: 1
83, 26, 122, 255: 9
248, 23, 88, 255: 41
119, 217, 50, 255: 1
0, 26, 17, 255: 31
123, 201, 89, 255: 1
52, 190, 152, 255: 5
41, 84, 255, 255: 1
35, 1, 73, 255: 3
207, 74, 47, 255: 2
8, 67, 179, 255: 65
95, 128, 1, 255: 1
147, 251, 126, 255: 7
38, 10, 67, 255: 1
0, 193, 150, 255: 3
235, 185, 81, 255: 8
10, 52, 87, 255: 154
186, 63, 89, 255: 4
36, 30, 96, 255: 1
97, 187, 149, 255: 30
144, 251, 29, 255: 5
128, 193, 126, 255: 12
70, 166, 150, 255: 2
25, 4, 56, 255: 26
37, 44, 218, 255: 13
85, 107, 7, 255: 24
141, 107, 163, 255: 2
144, 81, 98, 255: 21
149, 22, 74, 255: 1
135, 109, 229, 255: 8
42, 4, 234, 255: 1
44, 244, 180, 255: 1
29, 165, 238, 255: 30
88, 49, 30, 255: 26
181, 130, 151, 255: 1
63, 36, 26, 255: 10
236, 224, 78, 255: 2
200, 98, 26, 255: 4
140, 60, 0, 255: 7
0, 199, 97, 255: 2
41, 85, 137, 255: 11
179, 78, 250, 255: 2
143, 51, 66, 255: 2
192, 53, 103, 255: 11
90, 192, 218, 255: 1
95, 121, 255, 255: 1
89, 181, 233, 255: 2
30, 202, 15, 255: 10
45, 64, 127, 255: 37
253, 33, 167, 255: 2
139, 164, 49, 255: 1
0, 143, 217, 255: 1
87, 48, 29, 255: 86
0, 121, 240, 255: 109
176, 78, 92, 255: 2
197, 22, 74, 255: 1
185, 224, 22, 255: 6
133, 119, 27, 255: 1
134, 100, 53, 255: 3
133, 90, 133, 255: 5
86, 77, 243, 255: 1
241, 243, 50, 255: 14
77, 160, 200, 255: 1
62, 156, 170, 255: 26
0, 47, 172, 255: 2
235, 6, 211, 255: 6
20, 203, 179, 255: 6
139, 57, 154, 255: 12
180, 36, 145, 255: 1
186, 17, 138, 255: 38
169, 92, 90, 255: 39
60, 2, 64, 255: 88
122, 107, 237, 255: 2
141, 124, 129, 255: 1
156, 238, 99, 255: 1
97, 255, 207, 255: 1
0, 187, 41, 255: 4
177, 214, 67, 255: 4
170, 55, 212, 255: 1
232, 20, 82, 255: 1
229, 143, 236, 255: 2
212, 33, 216, 255: 3
107, 227, 79, 255: 23
131, 43, 98, 255: 1
163, 14, 17, 255: 1
0, 243, 108, 255: 1
209, 156, 189, 255: 2
0, 100, 52, 255: 24
144, 156, 117, 255: 2
201, 66, 94, 255: 8
51, 37, 47, 255: 8
56, 61, 247, 255: 1
144, 125, 204, 255: 72
68, 219, 18, 255: 4
83, 84, 76, 255: 1
61, 67, 213, 255: 1
142, 32, 42, 255: 34
228, 125, 12, 255: 1
91, 255, 17, 255: 3
203, 181, 168, 255: 3
132, 138, 103, 255: 1
30, 144, 70, 255: 22
132, 167, 53, 255: 15
36, 152, 96, 255: 22
148, 126, 107, 255: 4
228, 252, 103, 255: 18
0, 137, 241, 255: 1
237, 146, 42, 255: 16
71, 118, 227, 255: 2
36, 238, 134, 255: 10
0, 197, 252, 255: 11
143, 230, 28, 255: 1
81, 255, 255, 255: 17
137, 221, 176, 255: 2
45, 151, 255, 255: 12
0, 0, 229, 255: 14
243, 33, 158, 255: 3
194, 18, 36, 255: 7
0, 229, 239, 255: 1
35, 245, 88, 255: 1
49, 11, 32, 255: 8
99, 156, 65, 255: 9
186, 147, 57, 255: 11
0, 19, 99, 255: 4
77, 251, 169, 255: 4
26, 83, 12, 255: 1
129, 151, 57, 255: 1
249, 98, 154, 255: 2
104, 136, 57, 255: 1
137, 60, 123, 255: 1
175, 222, 84, 255: 1
34, 143, 164, 255: 6
84, 70, 39, 255: 25
0, 190, 138, 255: 1
78, 106, 75, 255: 9
36, 255, 166, 255: 5
246, 183, 209, 255: 1
83, 230, 234, 255: 3
75, 81, 226, 255: 2
88, 94, 239, 255: 9
123, 211, 70, 255: 3
128, 253, 70, 255: 4
140, 255, 248, 255: 1
139, 221, 113, 255: 4
188, 158, 161, 255: 1
71, 193, 36, 255: 1
15, 217, 114, 255: 2
98, 97, 247, 255: 6
185, 253, 53, 255: 1
19, 155, 228, 255: 2
77, 50, 39, 255: 1
236, 55, 182, 255: 1
35, 6, 182, 255: 5
249, 243, 139, 255: 1
188, 122, 128, 255: 2
180, 205, 49, 255: 3
43, 110, 168, 255: 10
242, 215, 111, 255: 1
84, 188, 57, 255: 1
93, 78, 95, 255: 1
29, 44, 247, 255: 30
236, 25, 224, 255: 1
236, 73, 10, 255: 1
241, 152, 146, 255: 36
233, 7, 218, 255: 4
0, 228, 12, 255: 1
138, 216, 176, 255: 15
84, 81, 213, 255: 6
249, 227, 147, 255: 4
101, 12, 192, 255: 1
181, 251, 3, 255: 52
130, 181, 7, 255: 1
24, 196, 163, 255: 14
178, 16, 141, 255: 1
89, 224, 83, 255: 32
106, 53, 190, 255: 1
115, 243, 5, 255: 22
88, 113, 177, 255: 1
120, 91, 89, 255: 1
64, 154, 70, 255: 1
141, 146, 77, 255: 1
12, 79, 102, 255: 4
95, 191, 222, 255: 11
232, 168, 151, 255: 8
142, 75, 11, 255: 7
236, 114, 209, 255: 6
213, 249, 212, 255: 1
237, 133, 68, 255: 2
186, 231, 255, 255: 1
242, 241, 103, 255: 1
129, 149, 94, 255: 1
31, 214, 226, 255: 1
95, 160, 236, 255: 4
25, 175, 99, 255: 3
204, 27, 92, 255: 5
136, 210, 72, 255: 3
179, 186, 212, 255: 3
249, 93, 208, 255: 18
171, 241, 249, 255: 4
0, 42, 77, 255: 175
228, 194, 3, 255: 1
208, 163, 221, 255: 141
233, 247, 124, 255: 7
234, 24, 149, 255: 3
66, 149, 153, 255: 4
38, 240, 239, 255: 1
240, 116, 215, 255: 3
233, 35, 77, 255: 27
110, 202, 223, 255: 89
0, 94, 170, 255: 3
1, 236, 33, 255: 4
82, 198, 101, 255: 12
44, 230, 150, 255: 2
139, 149, 11, 255: 6
199, 119, 218, 255: 1
255, 113, 238, 255: 1
205, 80, 221, 255: 2
208, 172, 140, 255: 2210
248, 91, 70, 255: 1
29, 28, 255, 255: 17
0, 160, 218, 255: 188
199, 207, 123, 255: 39
150, 213, 194, 255: 3
239, 135, 224, 255: 6
0, 182, 91, 255: 1
238, 221, 108, 255: 67
135, 209, 71, 255: 2
109, 254, 248, 255: 2
91, 82, 65, 255: 74
38, 17, 69, 255: 12
79, 27, 90, 255: 2
198, 24, 213, 255: 1
0, 170, 75, 255: 3
87, 46, 220, 255: 76
135, 217, 227, 255: 33
186, 135, 17, 255: 1
178, 115, 91, 255: 6
33, 10, 219, 255: 2
97, 248, 93, 255: 12
91, 111, 133, 255: 1
190, 235, 255, 255: 4
195, 229, 122, 255: 3
14, 188, 101, 255: 1
41, 32, 92, 255: 8
38, 72, 77, 255: 2
38, 160, 253, 255: 6
126, 196, 198, 255: 23
193, 144, 227, 255: 10
18, 148, 153, 255: 19
156, 157, 116, 255: 70
84, 219, 42, 255: 32
190, 12, 223, 255: 21
62, 48, 172, 255: 4
224, 78, 57, 255: 3
148, 214, 28, 255: 2
0, 185, 74, 255: 29
52, 162, 37, 255: 3
253, 97, 212, 255: 4
211, 218, 95, 255: 3
248, 235, 238, 255: 36
233, 92, 114, 255: 4
143, 219, 7, 255: 3
98, 136, 23, 255: 1
222, 76, 90, 255: 1
37, 77, 12, 255: 2
194, 211, 26, 255: 13
240, 55, 168, 255: 61
252, 140, 164, 255: 14
27, 158, 197, 255: 2
77, 91, 44, 255: 34
137, 241, 186, 255: 1
0, 121, 181, 255: 3
237, 37, 244, 255: 6
110, 70, 58, 255: 3
57, 46, 12, 255: 1
152, 140, 214, 255: 1
95, 183, 229, 255: 2
80, 80, 182, 255: 2
188, 94, 189, 255: 1
111, 239, 1, 255: 43
41, 210, 53, 255: 5
109, 242, 113, 255: 1
137, 249, 189, 255: 20
39, 97, 0, 255: 5
156, 60, 177, 255: 1
0, 29, 11, 255: 1
192, 21, 154, 255: 20
135, 26, 219, 255: 1
105, 164, 30, 255: 1
138, 224, 248, 255: 2
138, 38, 255, 255: 4
95, 178, 72, 255: 1
138, 111, 23, 255: 7
36, 72, 212, 255: 10
251, 224, 239, 255: 1
45, 125, 173, 255: 1
81, 255, 141, 255: 1
59, 177, 180, 255: 44
139, 100, 123, 255: 5
36, 7, 183, 255: 16
36, 80, 132, 255: 2
118, 78, 66, 255: 15
223, 34, 242, 255: 1
223, 203, 248, 255: 2
154, 137, 59, 255: 1
141, 59, 54, 255: 1
218, 24, 228, 255: 42
89, 113, 251, 255: 2
230, 68, 106, 255: 1
75, 4, 249, 255: 1
59, 208, 139, 255: 3
0, 111, 162, 255: 67
193, 76, 25, 255: 8
247, 129, 84, 255: 18
184, 2, 24, 255: 3
236, 175, 255, 255: 1
61, 118, 135, 255: 1
11, 152, 166, 255: 18
231, 246, 187, 255: 20
0, 195, 118, 255: 76
135, 51, 233, 255: 1
93, 42, 215, 255: 1
41, 163, 102, 255: 2
0, 44, 147, 255: 1
197, 93, 105, 255: 4
60, 164, 34, 255: 1
0, 96, 5, 255: 181
146, 89, 72, 255: 1
179, 37, 209, 255: 8
18, 3, 21, 255: 2
28, 167, 81, 255: 88
250, 14, 70, 255: 17
36, 52, 17, 255: 5
126, 1, 142, 255: 5
85, 241, 155, 255: 8
251, 238, 241, 255: 49
61, 126, 54, 255: 2
241, 203, 107, 255: 12
243, 188, 125, 255: 1
231, 134, 217, 255: 11
37, 11, 250, 255: 12
0, 33, 255, 255: 1
23, 113, 214, 255: 2
75, 133, 149, 255: 2
90, 139, 163, 255: 1
238, 32, 17, 255: 1
0, 93, 101, 255: 1
131, 9, 94, 255: 10
243, 163, 170, 255: 1
237, 156, 62, 255: 64
141, 66, 158, 255: 1
157, 152, 185, 255: 1
238, 76, 114, 255: 18
37, 78, 150, 255: 3
72, 72, 174, 255: 7
233, 62, 88, 255: 1
84, 49, 36, 255: 9
62, 216, 113, 255: 1
80, 226, 212, 255: 3
243, 127, 35, 255: 2
0, 175, 11, 255: 28
71, 11, 9, 255: 1
115, 139, 134, 255: 1
146, 99, 211, 255: 1
113, 132, 161, 255: 1
49, 208, 61, 255: 1
228, 14, 233, 255: 3
133, 72, 41, 255: 14
0, 108, 70, 255: 19
199, 33, 107, 255: 1
173, 243, 251, 255: 8
96, 1, 214, 255: 1
132, 255, 58, 255: 3
0, 32, 147, 255: 28
236, 82, 185, 255: 7
137, 139, 90, 255: 24
243, 190, 255, 255: 5
251, 128, 143, 255: 3
0, 245, 239, 255: 6
35, 16, 239, 255: 3
73, 236, 146, 255: 1
6, 163, 255, 255: 4
38, 56, 203, 255: 12
184, 151, 210, 255: 14
198, 139, 129, 255: 4
213, 171, 70, 255: 1
249, 106, 73, 255: 2
242, 2, 44, 255: 8
151, 255, 231, 255: 1
188, 125, 255, 255: 1
47, 12, 3, 255: 1
95, 126, 192, 255: 1
132, 255, 36, 255: 2
38, 97, 208, 255: 26
254, 120, 253, 255: 1
140, 198, 238, 255: 24
244, 165, 242, 255: 9
125, 172, 67, 255: 2
5, 82, 12, 255: 4
165, 124, 120, 255: 11
0, 238, 158, 255: 1
138, 134, 16, 255: 10
0, 135, 106, 255: 22
248, 37, 81, 255: 5
91, 153, 29, 255: 25
81, 13, 203, 255: 1
144, 135, 51, 255: 1
145, 255, 170, 255: 1
228, 156, 228, 255: 5
55, 121, 150, 255: 3
180, 32, 34, 255: 3
245, 71, 194, 255: 3
244, 173, 24, 255: 13
81, 255, 12, 255: 1
187, 240, 171, 255: 16
190, 100, 246, 255: 1
196, 209, 91, 255: 4
233, 226, 195, 255: 1
148, 33, 231, 255: 15
150, 19, 241, 255: 10
0, 150, 110, 255: 3
88, 223, 82, 255: 61
95, 94, 244, 255: 22
152, 230, 190, 255: 4
40, 164, 19, 255: 18
25, 87, 40, 255: 5
235, 162, 132, 255: 4
212, 206, 103, 255: 1
180, 79, 215, 255: 1
232, 221, 255, 255: 2
112, 61, 41, 255: 31
66, 102, 100, 255: 1
0, 77, 76, 255: 18
190, 176, 228, 255: 1
231, 87, 164, 255: 32
79, 161, 11, 255: 1
23, 176, 3, 255: 1
225, 91, 251, 255: 1
255, 126, 255, 255: 20
61, 188, 101, 255: 3
180, 225, 245, 255: 22
236, 96, 33, 255: 3
217, 23, 227, 255: 15
37, 132, 20, 255: 12
55, 239, 65, 255: 1
245, 150, 251, 255: 4
100, 190, 152, 255: 11
182, 131, 116, 255: 21
81, 145, 8, 255: 3
224, 169, 216, 255: 8
0, 25, 204, 255: 1
101, 243, 178, 255: 2
33, 145, 110, 255: 3
95, 124, 194, 255: 1
47, 195, 166, 255: 3
185, 238, 205, 255: 3
143, 124, 203, 255: 61
0, 228, 237, 255: 44
0, 28, 242, 255: 5
246, 235, 226, 255: 8
190, 210, 255, 255: 1132
85, 156, 198, 255: 12
78, 127, 151, 255: 1
234, 107, 5, 255: 30
0, 200, 132, 255: 15
187, 114, 81, 255: 1
41, 227, 183, 255: 2
120, 130, 248, 255: 2
146, 66, 6, 255: 67
230, 92, 17, 255: 2
233, 82, 130, 255: 3
109, 191, 203, 255: 1209
0, 109, 96, 255: 21
0, 221, 163, 255: 19
17, 15, 243, 255: 1
146, 134, 208, 255: 3
11, 221, 29, 255: 1047
0, 71, 26, 255: 136
33, 48, 255, 255: 3
22, 112, 213, 255: 1
24, 28, 221, 255: 25
136, 119, 186, 255: 4
37, 79, 148, 255: 3
0, 128, 226, 255: 1
91, 215, 255, 255: 53
205, 232, 68, 255: 4
28, 40, 180, 255: 5
87, 246, 186, 255: 2
250, 156, 82, 255: 2
136, 240, 185, 255: 1
147, 45, 223, 255: 9
199, 182, 110, 255: 6
85, 152, 97, 255: 6
195, 255, 172, 255: 1
77, 21, 180, 255: 5
51, 81, 153, 255: 8
166, 183, 220, 255: 1
91, 201, 36, 255: 3
138, 154, 129, 255: 2
241, 164, 167, 255: 16
143, 225, 117, 255: 2
53, 108, 168, 255: 2
42, 43, 113, 255: 2
89, 193, 135, 255: 11
54, 76, 83, 255: 2
130, 226, 252, 255: 11
43, 237, 69, 255: 1
179, 204, 48, 255: 5
22, 215, 201, 255: 1
86, 218, 71, 255: 5
47, 80, 250, 255: 1
225, 35, 106, 255: 1
236, 90, 207, 255: 2
233, 148, 148, 255: 2
230, 86, 163, 255: 25
34, 58, 190, 255: 1
27, 39, 143, 255: 20
127, 154, 129, 255: 1
1, 16, 106, 255: 2
191, 192, 149, 255: 7
0, 67, 179, 255: 151
187, 152, 148, 255: 1
128, 85, 128, 255: 10
68, 203, 179, 255: 1
182, 45, 55, 255: 1
190, 71, 178, 255: 35
233, 203, 18, 255: 28
136, 177, 140, 255: 8
41, 95, 54, 255: 3
30, 142, 5, 255: 2
145, 88, 71, 255: 3
247, 80, 50, 255: 1
101, 113, 114, 255: 6
141, 97, 188, 255: 2
180, 150, 215, 255: 7
117, 236, 88, 255: 5
78, 142, 5, 255: 3
247, 22, 87, 255: 33
196, 84, 185, 255: 4
0, 154, 237, 255: 2
16, 232, 108, 255: 1
81, 148, 212, 255: 3
0, 4, 165, 255: 46
150, 24, 59, 255: 2
144, 114, 184, 255: 37
183, 32, 255, 255: 1
39, 214, 126, 255: 5
91, 166, 3, 255: 1
43, 47, 123, 255: 3
135, 112, 177, 255: 18
0, 123, 209, 255: 27
130, 157, 96, 255: 9
0, 158, 216, 255: 791
152, 119, 65, 255: 3
82, 220, 255, 255: 1051
248, 99, 210, 255: 1
242, 161, 220, 255: 2
183, 126, 42, 255: 1
130, 118, 192, 255: 1
146, 188, 252, 255: 7
110, 97, 70, 255: 91
231, 74, 18, 255: 2
194, 122, 235, 255: 14
180, 62, 157, 255: 2
76, 96, 154, 255: 5
30, 114, 249, 255: 3
109, 157, 156, 255: 2
65, 122, 139, 255: 1
248, 238, 237, 255: 1
222, 131, 180, 255: 1
134, 81, 217, 255: 3
249, 113, 250, 255: 1
248, 56, 255, 255: 2
202, 92, 109, 255: 6
233, 112, 114, 255: 1
152, 235, 136, 255: 1
154, 47, 156, 255: 2
135, 191, 133, 255: 3
181, 160, 135, 255: 8
0, 77, 134, 255: 1
1, 8, 187, 255: 6
124, 222, 55, 255: 8
135, 228, 93, 255: 1
182, 15, 234, 255: 6
161, 197, 51, 255: 3
139, 18, 255, 255: 1
220, 219, 185, 255: 42
0, 87, 30, 255: 1
0, 17, 34, 255: 4
79, 140, 126, 255: 1
192, 70, 78, 255: 4
243, 178, 208, 255: 2
202, 132, 87, 255: 3
39, 198, 204, 255: 31
239, 29, 0, 255: 1
227, 23, 216, 255: 14
100, 47, 224, 255: 7
106, 100, 141, 255: 3215
241, 230, 221, 255: 25
186, 20, 120, 255: 2
188, 225, 180, 255: 35
206, 43, 87, 255: 2
228, 16, 42, 255: 12
24, 142, 74, 255: 2
0, 7, 203, 255: 76
98, 91, 172, 255: 12
80, 192, 125, 255: 7
39, 186, 47, 255: 32
80, 232, 132, 255: 2
30, 125, 13, 255: 1
23, 229, 131, 255: 3
168, 99, 8, 255: 18
74, 57, 82, 255: 12
232, 251, 33, 255: 4
28, 200, 203, 255: 2
96, 251, 29, 255: 2
90, 43, 113, 255: 15
219, 243, 95, 255: 1
38, 26, 23, 255: 49
58, 123, 51, 255: 2
82, 33, 40, 255: 15
194, 248, 60, 255: 18
141, 209, 122, 255: 1
241, 202, 71, 255: 3
185, 83, 11, 255: 1
82, 8, 93, 255: 3
186, 233, 95, 255: 2
23, 110, 52, 255: 2
89, 163, 102, 255: 9
72, 155, 159, 255: 9
222, 205, 93, 255: 1
238, 215, 162, 255: 1
0, 75, 64, 255: 169
29, 6, 215, 255: 12
180, 230, 216, 255: 1
230, 9, 125, 255: 18
30, 18, 15, 255: 8
49, 142, 196, 255: 1
139, 202, 72, 255: 2
218, 149, 64, 255: 5
29, 179, 103, 255: 25
239, 207, 34, 255: 8
0, 138, 45, 255: 1
174, 64, 34, 255: 1
146, 119, 134, 255: 2
0, 184, 195, 255: 985
88, 135, 244, 255: 10
193, 248, 21, 255: 1
90, 151, 111, 255: 7
91, 77, 46, 255: 6
240, 179, 4, 255: 21
198, 255, 66, 255: 1
127, 51, 41, 255: 10
159, 170, 138, 255: 1144
7, 46, 238, 255: 79
67, 108, 149, 255: 3
89, 124, 15, 255: 6
243, 3, 45, 255: 7
102, 46, 252, 255: 1
48, 86, 69, 255: 37
32, 240, 205, 255: 41
184, 118, 124, 255: 3
234, 169, 97, 255: 1
135, 19, 209, 255: 1
4, 21, 209, 255: 1
87, 255, 5, 255: 1
85, 72, 77, 255: 14
43, 122, 69, 255: 12
246, 243, 145, 255: 9
29, 94, 17, 255: 5
242, 0, 235, 255: 6
0, 135, 175, 255: 20
34, 214, 92, 255: 2
233, 238, 205, 255: 4
115, 134, 163, 255: 1
160, 19, 189, 255: 5
27, 180, 74, 255: 2
190, 90, 116, 255: 19
231, 120, 96, 255: 15
191, 255, 156, 255: 2
4, 65, 19, 255: 1
22, 175, 222, 255: 1
138, 104, 195, 255: 23
249, 126, 141, 255: 4
139, 23, 213, 255: 3
236, 18, 78, 255: 2
93, 64, 127, 255: 13
247, 102, 73, 255: 1
214, 158, 207, 255: 113
237, 188, 194, 255: 2
140, 58, 155, 255: 22
253, 0, 81, 255: 6
30, 255, 255, 255: 1
2, 36, 160, 255: 4
38, 169, 208, 255: 25
249, 29, 26, 255: 1
33, 148, 246, 255: 1
90, 67, 173, 255: 1
100, 83, 155, 255: 1
139, 141, 230, 255: 5
22, 35, 175, 255: 1
223, 124, 109, 255: 1
193, 134, 124, 255: 33
0, 158, 147, 255: 1
152, 150, 50, 255: 7
0, 215, 113, 255: 2
0, 46, 213, 255: 1
86, 12, 133, 255: 3
133, 180, 211, 255: 1
86, 85, 59, 255: 1
184, 130, 16, 255: 6
137, 229, 249, 255: 29
97, 163, 191, 255: 1
39, 81, 150, 255: 76
138, 35, 195, 255: 4
192, 99, 18, 255: 4
83, 199, 102, 255: 6
236, 112, 144, 255: 1
126, 118, 95, 255: 2
139, 67, 1, 255: 1
227, 72, 140, 255: 9
0, 167, 135, 255: 55
82, 22, 20, 255: 25
232, 53, 14, 255: 7
102, 114, 76, 255: 1
185, 118, 197, 255: 3
191, 241, 47, 255: 3
123, 42, 91, 255: 4
192, 231, 29, 255: 15
27, 84, 96, 255: 19
133, 107, 227, 255: 13
138, 145, 37, 255: 1
26, 121, 127, 255: 17
97, 255, 255, 255: 1
136, 46, 232, 255: 6
237, 183, 111, 255: 4
198, 173, 190, 255: 1
107, 172, 248, 255: 1
189, 197, 11, 255: 1
15, 24, 159, 255: 1
129, 116, 88, 255: 2
92, 184, 236, 255: 2
185, 180, 70, 255: 14
178, 124, 200, 255: 1
138, 27, 19, 255: 1
35, 172, 126, 255: 1
76, 43, 246, 255: 5
183, 209, 190, 255: 11
194, 231, 222, 255: 15
151, 209, 249, 255: 3
245, 201, 103, 255: 2
36, 109, 71, 255: 1
241, 38, 249, 255: 3
253, 63, 210, 255: 1
195, 255, 134, 255: 2
95, 103, 90, 255: 3
41, 172, 22, 255: 2
243, 111, 255, 255: 1
52, 55, 143, 255: 1
243, 150, 94, 255: 3
30, 34, 227, 255: 9
243, 246, 88, 255: 1
128, 108, 77, 255: 3
69, 64, 98, 255: 1
91, 34, 130, 255: 5
189, 223, 115, 255: 14
239, 197, 198, 255: 2
251, 246, 160, 255: 19
210, 52, 151, 255: 1
94, 59, 156, 255: 9
130, 102, 160, 255: 2
136, 253, 41, 255: 19
132, 71, 40, 255: 18
78, 246, 122, 255: 6
248, 70, 39, 255: 1
232, 255, 162, 255: 3
79, 250, 224, 255: 50
82, 178, 135, 255: 1
76, 164, 16, 255: 3
210, 6, 201, 255: 575
42, 66, 61, 255: 3
115, 75, 63, 255: 3
186, 225, 176, 255: 1
103, 102, 252, 255: 1
133, 60, 21, 255: 1
141, 176, 62, 255: 6
95, 120, 184, 255: 2
99, 89, 174, 255: 1
195, 140, 74, 255: 1
45, 136, 194, 255: 2
132, 170, 154, 255: 7
35, 104, 41, 255: 1
93, 84, 67, 255: 60
252, 255, 164, 255: 1
242, 118, 253, 255: 5
130, 182, 43, 255: 5
234, 178, 72, 255: 4
173, 71, 81, 255: 1
149, 182, 234, 255: 3
80, 223, 111, 255: 6
42, 41, 48, 255: 1
137, 177, 122, 255: 1
183, 53, 150, 255: 2
246, 70, 130, 255: 3
231, 176, 3, 255: 1
255, 207, 59, 255: 1
195, 173, 87, 255: 2
90, 166, 21, 255: 3
191, 169, 83, 255: 2
135, 7, 178, 255: 2
4, 57, 100, 255: 1
36, 110, 244, 255: 2
197, 87, 31, 255: 1
34, 214, 195, 255: 1
0, 35, 253, 255: 1
136, 255, 96, 255: 3
4, 236, 231, 255: 1
137, 183, 180, 255: 1
157, 165, 75, 255: 4
233, 214, 38, 255: 6
141, 69, 255, 255: 2
46, 82, 223, 255: 10
24, 129, 145, 255: 1
123, 144, 15, 255: 1
49, 214, 7, 255: 2
86, 186, 11, 255: 4
0, 239, 159, 255: 1
141, 255, 169, 255: 4
84, 159, 252, 255: 7
202, 17, 171, 255: 5
128, 67, 36, 255: 22
120, 28, 69, 255: 1
190, 151, 61, 255: 49
238, 172, 210, 255: 1
18, 74, 241, 255: 1
134, 28, 89, 255: 14
65, 161, 145, 255: 1
0, 220, 195, 255: 1302
0, 199, 19, 255: 1
125, 105, 74, 255: 2
138, 214, 2, 255: 5
238, 224, 209, 255: 3
72, 254, 237, 255: 4
62, 78, 131, 255: 1
238, 215, 34, 255: 2
65, 84, 82, 255: 1
115, 232, 241, 255: 5
45, 247, 246, 255: 2
178, 193, 28, 255: 2
43, 202, 55, 255: 1
72, 39, 88, 255: 1
106, 179, 166, 255: 2
127, 209, 219, 255: 37
235, 232, 98, 255: 24
173, 223, 56, 255: 6
241, 29, 55, 255: 7
243, 223, 12, 255: 8
213, 114, 100, 255: 5
24, 144, 138, 255: 45
145, 35, 45, 255: 21
0, 215, 229, 255: 1
0, 17, 156, 255: 10
136, 105, 3, 255: 46
244, 181, 207, 255: 1
139, 34, 131, 255: 2
144, 118, 121, 255: 8
227, 67, 168, 255: 1
40, 166, 203, 255: 1
135, 11, 34, 255: 6
127, 101, 221, 255: 29
36, 23, 242, 255: 16
161, 109, 249, 255: 27
80, 102, 222, 255: 110
250, 198, 106, 255: 10
196, 61, 89, 255: 26
179, 12, 196, 255: 52
210, 53, 254, 255: 1055
228, 234, 46, 255: 1
37, 41, 81, 255: 3
94, 79, 249, 255: 11
186, 60, 208, 255: 2
160, 242, 103, 255: 4
93, 154, 149, 255: 1
156, 49, 158, 255: 1
74, 19, 50, 255: 1
149, 23, 58, 255: 4
191, 18, 236, 255: 2
25, 221, 177, 255: 9
188, 21, 205, 255: 57
0, 135, 51, 255: 1
73, 198, 11, 255: 3
17, 178, 136, 255: 2
0, 221, 230, 255: 8
31, 170, 120, 255: 4
77, 255, 114, 255: 1
146, 144, 44, 255: 44
193, 93, 119, 255: 42
80, 47, 96, 255: 17
96, 85, 188, 255: 2
15, 2, 118, 255: 2
0, 52, 155, 255: 1
184, 103, 194, 255: 26
128, 240, 179, 255: 2
31, 96, 55, 255: 21
31, 10, 62, 255: 73
33, 255, 166, 255: 1
89, 112, 113, 255: 1
148, 217, 11, 255: 36
137, 178, 224, 255: 40
144, 32, 200, 255: 1
114, 176, 114, 255: 1
164, 24, 40, 255: 22
0, 134, 139, 255: 2151
131, 99, 70, 255: 1
127, 129, 116, 255: 1
178, 148, 213, 255: 3
90, 151, 146, 255: 1
157, 239, 100, 255: 1
182, 133, 216, 255: 1
174, 161, 11, 255: 1
248, 75, 113, 255: 2
79, 164, 10, 255: 10
96, 255, 45, 255: 1
184, 63, 152, 255: 6
0, 74, 63, 255: 141
243, 255, 228, 255: 1
188, 99, 23, 255: 38
18, 243, 29, 255: 3
94, 13, 205, 255: 1
242, 255, 63, 255: 4
77, 173, 28, 255: 1
195, 36, 167, 255: 8
90, 36, 77, 255: 1
181, 148, 207, 255: 5
165, 41, 32, 255: 24
238, 216, 198, 255: 17
241, 199, 97, 255: 2
134, 254, 105, 255: 24
247, 94, 52, 255: 10
40, 225, 255, 255: 52
255, 98, 180, 255: 1
180, 10, 250, 255: 1
38, 255, 28, 255: 1
137, 86, 100, 255: 12
52, 248, 251, 255: 1
45, 69, 64, 255: 2
91, 248, 89, 255: 13
188, 66, 193, 255: 7
184, 47, 160, 255: 7
134, 212, 172, 255: 2
176, 185, 89, 255: 1
190, 191, 31, 255: 1
98, 47, 66, 255: 62
141, 61, 84, 255: 1
224, 114, 90, 255: 4
55, 193, 155, 255: 1
0, 235, 220, 255: 780
171, 221, 54, 255: 1
91, 27, 19, 255: 6
185, 54, 133, 255: 10
31, 165, 10, 255: 4
34, 232, 77, 255: 1
186, 143, 255, 255: 1
201, 214, 199, 255: 5
41, 7, 79, 255: 1
55, 126, 8, 255: 1
119, 129, 247, 255: 1
24, 102, 31, 255: 1
38, 64, 19, 255: 2
235, 224, 179, 255: 51
34, 181, 42, 255: 25
124, 21, 180, 255: 4
149, 97, 123, 255: 62
140, 109, 43, 255: 16
199, 146, 76, 255: 1
146, 128, 6, 255: 1
0, 2, 196, 255: 1864
202, 16, 17, 255: 1
89, 19, 118, 255: 33
48, 124, 101, 255: 1
144, 85, 188, 255: 4
47, 91, 143, 255: 3
129, 197, 136, 255: 2
0, 219, 96, 255: 99
93, 144, 113, 255: 2
246, 190, 237, 255: 1
52, 137, 126, 255: 3
179, 158, 97, 255: 5
16, 88, 52, 255: 1
196, 36, 76, 255: 1
145, 2, 113, 255: 3
229, 69, 170, 255: 2
48, 174, 127, 255: 42
42, 229, 66, 255: 112
75, 191, 94, 255: 12
131, 23, 242, 255: 1
0, 148, 29, 255: 46
83, 182, 110, 255: 1
46, 238, 144, 255: 1
89, 2, 24, 255: 19
193, 191, 51, 255: 1
152, 195, 186, 255: 1
50, 6, 87, 255: 2
61, 138, 74, 255: 1
138, 196, 236, 255: 28
37, 202, 21, 255: 1
198, 79, 186, 255: 28
29, 187, 255, 255: 824
87, 39, 183, 255: 5
85, 234, 164, 255: 9
143, 255, 54, 255: 2
31, 80, 98, 255: 1
238, 210, 191, 255: 1
2, 228, 154, 255: 4
193, 227, 119, 255: 9
5, 240, 37, 255: 9
178, 21, 31, 255: 1
55, 146, 102, 255: 1
174, 7, 191, 255: 4
54, 181, 94, 255: 48
127, 109, 140, 255: 22
164, 109, 151, 255: 17
223, 17, 112, 255: 3
244, 197, 1, 255: 1
239, 90, 98, 255: 3
29, 209, 225, 255: 1
235, 13, 168, 255: 2
81, 67, 36, 255: 7
166, 197, 85, 255: 12
33, 161, 67, 255: 19
238, 175, 255, 255: 3
144, 144, 143, 255: 19
141, 255, 90, 255: 1
136, 94, 239, 255: 29
192, 170, 157, 255: 30
196, 21, 73, 255: 1
7, 16, 254, 255: 1
209, 24, 138, 255: 1179
0, 1, 195, 255: 288
0, 65, 187, 255: 14
95, 146, 115, 255: 5
182, 36, 136, 255: 1
51, 153, 220, 255: 1
0, 52, 211, 255: 2
67, 147, 53, 255: 2
75, 255, 112, 255: 1
150, 205, 19, 255: 1
240, 0, 196, 255: 3
158, 167, 37, 255: 7
188, 2, 46, 255: 19
0, 219, 62, 255: 46
195, 83, 184, 255: 3
92, 81, 148, 255: 7
51, 164, 138, 255: 2
20, 214, 107, 255: 1
0, 206, 207, 255: 1
0, 125, 220, 255: 5
152, 240, 209, 255: 10
0, 191, 178, 255: 1
8, 163, 156, 255: 2
36, 107, 6, 255: 3
103, 160, 69, 255: 6
0, 255, 151, 255: 1
12, 203, 193, 255: 1
212, 106, 24, 255: 112
142, 83, 186, 255: 11
2, 50, 193, 255: 1
2, 185, 48, 255: 4
135, 42, 130, 255: 2
85, 3, 177, 255: 10
97, 88, 71, 255: 20
245, 127, 74, 255: 1
131, 20, 115, 255: 8
35, 127, 70, 255: 2
142, 153, 161, 255: 1
175, 44, 123, 255: 5
45, 114, 51, 255: 1
235, 171, 51, 255: 13
41, 20, 107, 255: 13
131, 33, 5, 255: 21
0, 26, 39, 255: 1
94, 233, 70, 255: 5
0, 104, 22, 255: 1479
185, 24, 21, 255: 2
131, 255, 105, 255: 1
191, 81, 25, 255: 3
183, 94, 18, 255: 26
0, 185, 99, 255: 1
187, 186, 81, 255: 41
181, 63, 158, 255: 9
175, 173, 187, 255: 1
4, 142, 98, 255: 2
134, 128, 168, 255: 44
0, 17, 54, 255: 1
0, 238, 35, 255: 10
146, 175, 248, 255: 2
140, 93, 205, 255: 1
235, 240, 207, 255: 2
134, 208, 87, 255: 3
239, 246, 19, 255: 2
0, 96, 172, 255: 34
178, 250, 101, 255: 11
192, 65, 5, 255: 53
76, 241, 147, 255: 2
157, 28, 92, 255: 1
134, 251, 157, 255: 2
85, 17, 207, 255: 1
131, 9, 130, 255: 2
50, 138, 251, 255: 2
212, 110, 126, 255: 1
39, 195, 222, 255: 24
24, 237, 143, 255: 1
0, 87, 51, 255: 3
74, 111, 246, 255: 1
89, 70, 226, 255: 9
73, 27, 97, 255: 1
244, 122, 99, 255: 1
94, 230, 199, 255: 7
128, 67, 72, 255: 4
139, 20, 239, 255: 3
0, 236, 34, 255: 1
110, 18, 187, 255: 45
237, 255, 105, 255: 4
246, 232, 255, 255: 28
144, 0, 255, 255: 1
81, 52, 234, 255: 1
29, 55, 255, 255: 17
240, 98, 193, 255: 1
173, 179, 104, 255: 1
199, 148, 23, 255: 1
44, 178, 196, 255: 2
167, 123, 20, 255: 1
240, 20, 154, 255: 12
16, 157, 171, 255: 19
130, 184, 210, 255: 5
0, 115, 234, 255: 91
0, 100, 107, 255: 8
37, 94, 106, 255: 2
9, 51, 86, 255: 90
143, 185, 249, 255: 5
197, 34, 232, 255: 4
28, 93, 170, 255: 1
132, 167, 17, 255: 1
190, 211, 5, 255: 24
0, 242, 172, 255: 57
91, 255, 88, 255: 2
141, 147, 112, 255: 1
31, 247, 159, 255: 28
35, 255, 3, 255: 5
90, 184, 255, 255: 1
35, 118, 162, 255: 8
226, 118, 193, 255: 9
97, 101, 191, 255: 3
142, 246, 18, 255: 1
195, 81, 119, 255: 4
247, 145, 255, 255: 11
129, 164, 50, 255: 1
144, 33, 164, 255: 9
0, 53, 89, 255: 1
230, 43, 93, 255: 3
89, 212, 73, 255: 5
243, 140, 74, 255: 9
237, 226, 217, 255: 38
93, 139, 193, 255: 3
76, 131, 151, 255: 4
23, 63, 254, 255: 29
45, 82, 255, 255: 12
88, 33, 38, 255: 1
109, 146, 96, 255: 8
0, 63, 142, 255: 1
216, 248, 11, 255: 13
90, 72, 246, 255: 1
104, 28, 59, 255: 1
235, 81, 251, 255: 1
80, 205, 54, 255: 14
83, 185, 109, 255: 72
133, 97, 227, 255: 1
0, 28, 232, 255: 1
194, 228, 121, 255: 6
234, 50, 79, 255: 2
65, 51, 21, 255: 2
0, 62, 16, 255: 15
192, 248, 255, 255: 26
74, 154, 60, 255: 8
98, 206, 88, 255: 26
248, 220, 134, 255: 1
15, 219, 61, 255: 714
106, 143, 132, 255: 3
0, 4, 7, 255: 1
99, 29, 128, 255: 31
82, 94, 121, 255: 1
35, 167, 86, 255: 2
202, 149, 182, 255: 4
40, 110, 230, 255: 9
83, 2, 246, 255: 1
197, 38, 169, 255: 4
75, 144, 15, 255: 1
191, 13, 224, 255: 12
233, 48, 161, 255: 51
187, 73, 111, 255: 3
218, 116, 132, 255: 1
30, 210, 191, 255: 3
83, 134, 1, 255: 7
238, 115, 130, 255: 3
72, 135, 219, 255: 4
34, 239, 80, 255: 1
0, 21, 160, 255: 3
149, 147, 47, 255: 23
30, 255, 176, 255: 1
84, 176, 228, 255: 3
187, 152, 113, 255: 14
9, 93, 193, 255: 1
12, 71, 183, 255: 5
181, 207, 188, 255: 2
176, 177, 134, 255: 10
222, 26, 130, 255: 2
142, 203, 188, 255: 1
32, 202, 209, 255: 3
148, 98, 111, 255: 1
79, 76, 55, 255: 2
132, 71, 76, 255: 17
172, 87, 174, 255: 13
145, 236, 39, 255: 1
89, 55, 50, 255: 7
41, 227, 147, 255: 6
174, 166, 213, 255: 5
39, 176, 27, 255: 10
88, 247, 187, 255: 1
32, 96, 148, 255: 1
236, 13, 66, 255: 7
244, 252, 127, 255: 7
81, 15, 165, 255: 86
129, 43, 59, 255: 1
0, 20, 224, 255: 63
135, 172, 121, 255: 48
0, 23, 138, 255: 2233
39, 252, 158, 255: 1
193, 96, 93, 255: 1
152, 152, 253, 255: 1
121, 81, 69, 255: 1
6, 81, 15, 255: 3
200, 250, 56, 255: 1
84, 123, 100, 255: 26
16, 165, 90, 255: 27
65, 177, 111, 255: 4
0, 225, 167, 255: 29
163, 6, 201, 255: 52
239, 232, 48, 255: 1
39, 239, 175, 255: 3
225, 142, 103, 255: 6
0, 181, 218, 255: 1
37, 26, 160, 255: 2
190, 94, 17, 255: 3
26, 36, 42, 255: 1
82, 186, 55, 255: 1
29, 204, 116, 255: 10
68, 162, 176, 255: 10
139, 100, 4, 255: 38
134, 1, 113, 255: 15
9, 48, 240, 255: 63
100, 60, 88, 255: 1
33, 19, 183, 255: 1
155, 92, 109, 255: 1
236, 26, 253, 255: 1
88, 61, 50, 255: 10
228, 164, 147, 255: 1
186, 135, 120, 255: 36
32, 116, 215, 255: 3
239, 32, 127, 255: 4
112, 8, 15, 255: 1
33, 59, 14, 255: 11
138, 124, 135, 255: 4
185, 148, 147, 255: 1
41, 138, 89, 255: 2
240, 141, 126, 255: 12
37, 141, 160, 255: 5
103, 129, 110, 255: 2
124, 71, 105, 255: 2
79, 217, 36, 255: 1
86, 145, 179, 255: 10
127, 82, 27, 255: 7
190, 90, 14, 255: 1
37, 255, 27, 255: 9
173, 245, 97, 255: 1
221, 163, 112, 255: 1
136, 126, 69, 255: 4
238, 69, 4, 255: 70
235, 179, 226, 255: 18
130, 255, 198, 255: 1
36, 53, 98, 255: 4
224, 194, 230, 255: 5
135, 240, 176, 255: 5
2, 91, 171, 255: 1
232, 132, 15, 255: 1
19, 6, 122, 255: 1
99, 221, 237, 255: 1
83, 210, 122, 255: 48
72, 142, 83, 255: 1
195, 226, 113, 255: 3
162, 55, 124, 255: 34
106, 218, 198, 255: 1
235, 129, 46, 255: 47
42, 214, 63, 255: 5
10, 71, 25, 255: 51
47, 255, 46, 255: 2
211, 230, 13, 255: 1
192, 24, 0, 255: 5
28, 244, 120, 255: 44
244, 208, 211, 255: 1
255, 199, 137, 255: 1
43, 19, 255, 255: 4
91, 109, 179, 255: 57
23, 231, 196, 255: 23
199, 82, 31, 255: 32
189, 167, 81, 255: 2
115, 197, 209, 255: 100
241, 153, 183, 255: 7
93, 255, 135, 255: 1
39, 235, 238, 255: 55
147, 255, 68, 255: 1
134, 243, 120, 255: 4
133, 102, 0, 255: 18
200, 153, 254, 255: 5
218, 137, 44, 255: 1
103, 203, 174, 255: 1
180, 115, 29, 255: 3
198, 166, 106, 255: 1
96, 247, 92, 255: 14
235, 240, 17, 255: 2
92, 255, 89, 255: 1
179, 183, 239, 255: 3
249, 49, 103, 255: 43
83, 144, 104, 255: 12
182, 219, 72, 255: 10
0, 187, 110, 255: 25
81, 164, 168, 255: 32
206, 12, 216, 255: 11
139, 2, 182, 255: 9
162, 151, 101, 255: 4
114, 168, 93, 255: 31
71, 159, 11, 255: 1
186, 237, 207, 255: 2
177, 255, 174, 255: 19
78, 155, 90, 255: 2
17, 92, 178, 255: 2
0, 7, 202, 255: 316
232, 171, 252, 255: 2
38, 197, 50, 255: 2
33, 208, 17, 255: 5
39, 36, 81, 255: 2
250, 255, 230, 255: 4
88, 190, 216, 255: 2
183, 24, 119, 255: 44
231, 5, 180, 255: 3
108, 16, 71, 255: 1
188, 134, 21, 255: 1
0, 158, 182, 255: 2
252, 54, 206, 255: 50
195, 23, 255, 255: 7
28, 200, 13, 255: 4
11, 166, 159, 255: 1
235, 64, 157, 255: 15
171, 73, 52, 255: 3
81, 46, 150, 255: 1
250, 9, 252, 255: 2
8, 66, 218, 255: 1
118, 166, 125, 255: 2
233, 197, 164, 255: 71
231, 173, 224, 255: 1
163, 59, 226, 255: 79
145, 254, 131, 255: 3
126, 214, 73, 255: 3
198, 219, 13, 255: 3
231, 247, 33, 255: 5
181, 214, 225, 255: 12
86, 133, 255, 255: 1
91, 131, 245, 255: 1
44, 228, 86, 255: 5
0, 175, 127, 255: 9
235, 111, 108, 255: 68
27, 123, 45, 255: 1
32, 0, 197, 255: 1
213, 44, 236, 255: 2
132, 222, 246, 255: 1
255, 107, 133, 255: 1
242, 123, 188, 255: 1
248, 81, 51, 255: 2
0, 119, 213, 255: 3
190, 1, 39, 255: 3
68, 87, 110, 255: 3
140, 81, 184, 255: 10
40, 226, 146, 255: 3
244, 52, 17, 255: 14
235, 99, 87, 255: 22
67, 207, 228, 255: 1
0, 54, 34, 255: 5
35, 166, 205, 255: 19
244, 5, 83, 255: 20
73, 85, 196, 255: 32
200, 123, 39, 255: 1
98, 212, 163, 255: 22
56, 17, 255, 255: 824
59, 147, 194, 255: 1
35, 50, 99, 255: 12
148, 205, 74, 255: 2
203, 167, 21, 255: 3
140, 255, 87, 255: 3
189, 251, 92, 255: 7
189, 240, 210, 255: 6
0, 35, 227, 255: 1
126, 95, 147, 255: 1
141, 183, 247, 255: 2
83, 235, 171, 255: 7
0, 149, 40, 255: 2
144, 151, 43, 255: 1
42, 137, 246, 255: 2
242, 50, 255, 255: 18
144, 19, 237, 255: 1
133, 40, 128, 255: 1
232, 174, 159, 255: 6
6, 116, 202, 255: 2603
19, 100, 255, 255: 3
37, 61, 56, 255: 6
216, 171, 229, 255: 5
0, 211, 178, 255: 1
108, 85, 49, 255: 35
44, 206, 55, 255: 6
230, 122, 197, 255: 54
88, 174, 255, 255: 44
172, 54, 113, 255: 1
52, 151, 18, 255: 1
138, 224, 95, 255: 8
53, 83, 155, 255: 2
42, 9, 99, 255: 37
110, 175, 109, 255: 13
132, 161, 199, 255: 82
187, 183, 91, 255: 2
99, 142, 200, 255: 5
226, 38, 54, 255: 8
97, 226, 236, 255: 1
24, 230, 132, 255: 3
78, 90, 201, 255: 61
25, 65, 0, 255: 53
194, 198, 170, 255: 6
102, 71, 10, 255: 3
53, 188, 51, 255: 3
184, 78, 248, 255: 1
213, 229, 16, 255: 2
240, 108, 212, 255: 9
168, 140, 13, 255: 1
98, 69, 132, 255: 2
86, 174, 220, 255: 1
197, 125, 136, 255: 2
64, 193, 205, 255: 39
95, 11, 123, 255: 2
92, 133, 173, 255: 6
46, 21, 175, 255: 2
9, 202, 189, 255: 16
21, 61, 252, 255: 11
