92, 132, 246, 255: 1
126, 123, 169, 255: 1
156, 88, 36, 255: 1
238, 177, 255, 255: 10
188, 4, 213, 255: 4
0, 114, 110, 255: 16
0, 229, 205, 255: 9
116, 167, 249, 255: 1
37, 243, 0, 255: 6
0, 100, 73, 255: 1
137, 210, 54, 255: 8
80, 129, 153, 255: 1
240, 243, 222, 255: 8
198, 119, 53, 255: 2
130, 85, 30, 255: 4
0, 139, 110, 255: 6
90, 102, 248, 255: 6
138, 53, 52, 255: 1
41, 165, 173, 255: 1
34, 35, 105, 255: 10
190, 156, 135, 255: 2
184, 103, 159, 255: 4
54, 13, 152, 255: 4
33, 133, 243, 255: 8
254, 81, 222, 255: 7
245, 162, 5, 255: 5
135, 221, 92, 255: 6
31, 110, 140, 255: 47
61, 201, 222, 255: 1
39, 160, 172, 255: 1
0, 98, 239, 255: 4
150, 136, 28, 255: 2
250, 164, 1, 255: 1
89, 115, 215, 255: 1
179, 86, 169, 255: 2
189, 91, 43, 255: 1
0, 157, 48, 255: 7
149, 99, 112, 255: 1
23, 104, 39, 255: 1
195, 54, 143, 255: 2
90, 25, 56, 255: 3
144, 29, 73, 255: 2
26, 132, 55, 255: 1
49, 146, 144, 255: 1
252, 231, 67, 255: 46
238, 255, 48, 255: 1
133, 11, 96, 255: 14
77, 212, 35, 255: 13
86, 120, 165, 255: 2
147, 7, 63, 255: 13
188, 132, 221, 255: 6
191, 154, 162, 255: 2
98, 243, 122, 255: 5
174, 241, 186, 255: 1
0, 53, 186, 255: 4
42, 182, 13, 255: 2
80, 255, 68, 255: 2
158, 194, 191, 255: 1
239, 187, 178, 255: 21
1, 158, 250, 255: 1
76, 194, 196, 255: 32
178, 129, 239, 255: 1
59, 12, 83, 255: 98
92, 156, 122, 255: 7
127, 242, 85, 255: 2
44, 164, 41, 255: 1
0, 199, 131, 255: 7
0, 232, 50, 255: 9
157, 160, 217, 255: 1
252, 187, 115, 255: 2
133, 123, 66, 255: 10
150, 255, 149, 255: 2
137, 198, 80, 255: 12
31, 210, 136, 255: 1
37, 247, 54, 255: 10
44, 6, 27, 255: 5
33, 84, 28, 255: 74
92, 18, 255, 255: 1
132, 43, 181, 255: 11
193, 54, 241, 255: 20
0, 108, 219, 255: 1
251, 27, 194, 255: 2
197, 255, 182, 255: 2
141, 127, 255, 255: 1
5, 154, 79, 255: 60
39, 80, 152, 255: 1
87, 68, 224, 255: 17
232, 207, 91, 255: 1
245, 61, 90, 255: 6
235, 33, 142, 255: 2
87, 255, 214, 255: 1
160, 119, 12, 255: 2
135, 208, 52, 255: 23
0, 227, 113, 255: 3
197, 224, 60, 255: 1
247, 197, 31, 255: 1
0, 243, 173, 255: 9
242, 58, 87, 255: 7
0, 78, 8, 255: 2
39, 241, 240, 255: 1
246, 90, 205, 255: 37
247, 166, 72, 255: 2
0, 198, 253, 255: 50
42, 204, 53, 255: 7
191, 32, 163, 255: 27
162, 96, 231, 255: 1
110, 86, 152, 255: 2
23, 46, 160, 255: 22
100, 188, 234, 255: 1
138, 71, 7, 255: 7
227, 204, 151, 255: 2
115, 183, 61, 255: 1
86, 190, 29, 255: 1
242, 220, 210, 255: 1
56, 7, 235, 255: 32
0, 218, 227, 255: 1
146, 129, 51, 255: 9
223, 80, 157, 255: 8
242, 255, 65, 255: 1
0, 59, 171, 255: 5
28, 140, 223, 255: 74
58, 88, 121, 255: 93
0, 23, 69, 255: 2
35, 35, 178, 255: 15
78, 142, 72, 255: 1
248, 87, 236, 255: 5
240, 20, 17, 255: 3
156, 175, 54, 255: 1
137, 43, 215, 255: 1
191, 198, 4, 255: 11
32, 6, 245, 255: 28
161, 230, 239, 255: 4
204, 162, 230, 255: 1
126, 95, 249, 255: 2
190, 13, 69, 255: 3
31, 54, 168, 255: 36
33, 137, 72, 255: 1
254, 208, 56, 255: 5
170, 156, 136, 255: 1
249, 252, 255, 255: 1
246, 18, 104, 255: 3
73, 120, 229, 255: 5
85, 8, 251, 255: 1
189, 87, 168, 255: 1
195, 37, 22, 255: 1
5, 44, 236, 255: 13
197, 234, 225, 255: 9
136, 143, 163, 255: 1
204, 217, 202, 255: 1
249, 54, 49, 255: 1
195, 244, 124, 255: 94
212, 214, 22, 255: 4
127, 94, 83, 255: 1
90, 28, 38, 255: 27
82, 149, 255, 255: 16
183, 255, 46, 255: 1
88, 222, 246, 255: 3
218, 250, 13, 255: 1
71, 239, 115, 255: 5
146, 202, 144, 255: 1
229, 68, 68, 255: 6
184, 58, 206, 255: 5
196, 86, 103, 255: 40
155, 252, 92, 255: 2
134, 236, 82, 255: 2
239, 25, 91, 255: 7
0, 96, 237, 255: 2
180, 192, 159, 255: 7
23, 55, 79, 255: 34
239, 225, 210, 255: 3
0, 56, 36, 255: 25
66, 78, 189, 255: 1
30, 23, 54, 255: 1
0, 60, 53, 255: 1
90, 255, 87, 255: 10
188, 133, 174, 255: 1
29, 255, 139, 255: 2
67, 28, 10, 255: 1
8, 251, 215, 255: 1
122, 132, 250, 255: 3
0, 112, 9, 255: 10
151, 121, 191, 255: 1
190, 172, 245, 255: 3
234, 145, 212, 255: 1
36, 255, 62, 255: 4
250, 118, 86, 255: 2
33, 249, 125, 255: 24
244, 12, 221, 255: 2
31, 208, 218, 255: 1
134, 71, 233, 255: 3
250, 6, 253, 255: 1
0, 54, 153, 255: 1
39, 250, 194, 255: 3
230, 12, 98, 255: 2
97, 109, 110, 255: 5
174, 197, 199, 255: 2
249, 24, 89, 255: 33
30, 109, 139, 255: 31
90, 243, 187, 255: 4
243, 200, 18, 255: 7
33, 34, 104, 255: 4
246, 240, 136, 255: 2
235, 91, 168, 255: 26
129, 147, 255, 255: 751
82, 159, 197, 255: 11
31, 47, 131, 255: 1
42, 255, 170, 255: 3
192, 92, 118, 255: 34
171, 18, 79, 255: 2
108, 128, 40, 255: 2
0, 44, 15, 255: 2
204, 129, 144, 255: 1
0, 224, 111, 255: 2
34, 179, 162, 255: 5
229, 44, 157, 255: 5
12, 95, 94, 255: 1
139, 107, 78, 255: 1
191, 41, 82, 255: 53
0, 115, 68, 255: 5
83, 246, 53, 255: 11
183, 228, 130, 255: 3
239, 125, 131, 255: 16
245, 31, 97, 255: 3
237, 27, 152, 255: 6
190, 170, 0, 255: 9
240, 71, 160, 255: 1
53, 210, 91, 255: 5
187, 121, 127, 255: 2
33, 139, 255, 255: 10
198, 26, 141, 255: 1
145, 34, 129, 255: 1
134, 65, 159, 255: 25
60, 192, 174, 255: 1
244, 82, 121, 255: 4
62, 24, 45, 255: 1
113, 2, 252, 255: 23
0, 47, 48, 255: 15
72, 45, 96, 255: 1
185, 130, 145, 255: 1
141, 217, 5, 255: 9
243, 78, 27, 255: 15
55, 8, 119, 255: 1
207, 154, 187, 255: 5
34, 146, 229, 255: 16
236, 194, 92, 255: 3
81, 120, 97, 255: 9
81, 75, 211, 255: 7
139, 109, 179, 255: 30
238, 238, 238, 255: 8
149, 161, 168, 255: 3
116, 131, 190, 255: 2
251, 199, 107, 255: 6
31, 31, 174, 255: 5
144, 109, 110, 255: 17
77, 26, 190, 255: 6
192, 150, 218, 255: 10
220, 2, 90, 255: 1
64, 237, 55, 255: 2
47, 201, 241, 255: 30
180, 82, 61, 255: 51
76, 205, 215, 255: 11
36, 209, 169, 255: 1
80, 8, 9, 255: 1
136, 178, 242, 255: 2
255, 10, 88, 255: 1
0, 154, 236, 255: 75
240, 255, 119, 255: 8
199, 216, 31, 255: 1
87, 83, 254, 255: 11
208, 191, 119, 255: 1
0, 17, 221, 255: 243
242, 226, 29, 255: 4
236, 228, 61, 255: 1
191, 135, 224, 255: 11
0, 200, 89, 255: 55
134, 31, 191, 255: 11
60, 214, 111, 255: 19
38, 48, 63, 255: 1
0, 151, 33, 255: 1
131, 141, 3, 255: 72
88, 207, 208, 255: 10
137, 211, 227, 255: 2
126, 59, 215, 255: 8
0, 36, 96, 255: 30
157, 86, 152, 255: 4
79, 104, 195, 255: 1
247, 3, 250, 255: 2
237, 3, 149, 255: 3
91, 193, 117, 255: 1
131, 18, 204, 255: 3
153, 208, 124, 255: 4
196, 6, 146, 255: 1
38, 17, 104, 255: 30
195, 199, 255, 255: 17
86, 135, 86, 255: 72
165, 80, 167, 255: 5
242, 109, 196, 255: 5
33, 172, 86, 255: 91
85, 72, 195, 255: 3
170, 64, 131, 255: 1
198, 239, 208, 255: 22
189, 114, 129, 255: 3
247, 10, 150, 255: 3
123, 34, 172, 255: 4
235, 4, 249, 255: 12
92, 154, 30, 255: 19
2, 146, 170, 255: 2
196, 57, 107, 255: 8
132, 126, 48, 255: 1
27, 199, 12, 255: 4
125, 61, 188, 255: 1
4, 195, 226, 255: 4
31, 46, 95, 255: 6
180, 52, 101, 255: 1
19, 122, 39, 255: 4
85, 197, 203, 255: 1
115, 12, 173, 255: 1
183, 73, 90, 255: 1
135, 114, 175, 255: 1
140, 173, 71, 255: 1
76, 178, 102, 255: 29
0, 94, 67, 255: 3
154, 91, 108, 255: 10
180, 217, 70, 255: 10
3, 12, 33, 255: 1
87, 3, 114, 255: 11
112, 36, 27, 255: 150
137, 106, 4, 255: 28
146, 31, 75, 255: 4
178, 19, 11, 255: 2
242, 212, 138, 255: 6
134, 130, 255, 255: 51
34, 70, 210, 255: 7
86, 236, 82, 255: 6
80, 149, 20, 255: 3
21, 86, 163, 255: 1
0, 33, 197, 255: 2
40, 220, 236, 255: 5
0, 179, 123, 255: 3
0, 140, 124, 255: 1
140, 33, 142, 255: 31
140, 249, 90, 255: 34
239, 171, 1, 255: 11
94, 45, 16, 255: 2
86, 75, 142, 255: 24
149, 135, 27, 255: 1
73, 236, 43, 255: 13
92, 86, 222, 255: 1
9, 175, 177, 255: 3
32, 166, 184, 255: 1
41, 24, 192, 255: 3
129, 51, 234, 255: 2
158, 175, 251, 255: 3
242, 207, 192, 255: 3
0, 81, 169, 255: 30
35, 235, 171, 255: 2
245, 122, 137, 255: 6
201, 84, 33, 255: 15
51, 222, 237, 255: 1
3, 43, 19, 255: 1
0, 205, 74, 255: 1
0, 107, 247, 255: 7
59, 23, 103, 255: 1
194, 188, 151, 255: 1
0, 140, 111, 255: 3
139, 11, 182, 255: 1
33, 134, 99, 255: 1
183, 198, 171, 255: 4
190, 127, 103, 255: 6
77, 255, 254, 255: 1
137, 73, 72, 255: 9
56, 158, 83, 255: 2440
0, 35, 159, 255: 1
35, 237, 236, 255: 2
42, 180, 142, 255: 8
233, 126, 235, 255: 7
231, 195, 8, 255: 1
187, 20, 204, 255: 61
192, 228, 0, 255: 1
186, 194, 110, 255: 1
54, 5, 233, 255: 4
133, 155, 198, 255: 2
182, 246, 32, 255: 1
137, 0, 180, 255: 12
238, 42, 146, 255: 64
87, 248, 103, 255: 1
78, 255, 219, 255: 1
85, 119, 27, 255: 15
171, 116, 157, 255: 1
39, 73, 42, 255: 3
80, 147, 211, 255: 3
201, 79, 87, 255: 2
138, 46, 214, 255: 4
0, 197, 17, 255: 2
94, 159, 235, 255: 1
80, 221, 148, 255: 1
125, 127, 78, 255: 26
144, 226, 83, 255: 1
129, 72, 55, 255: 1
197, 163, 5, 255: 7
197, 130, 209, 255: 6
238, 7, 149, 255: 2
184, 130, 206, 255: 2
208, 40, 16, 255: 4
138, 132, 172, 255: 10
145, 32, 175, 255: 1
46, 121, 101, 255: 21
0, 160, 183, 255: 2
184, 133, 15, 255: 7
90, 255, 109, 255: 5
153, 181, 11, 255: 11
84, 139, 56, 255: 1
184, 133, 118, 255: 38
135, 255, 200, 255: 3
34, 86, 202, 255: 1
198, 134, 56, 255: 2
77, 250, 67, 255: 9
238, 194, 96, 255: 6
127, 117, 60, 255: 21
124, 220, 246, 255: 2
68, 19, 246, 255: 1
133, 17, 69, 255: 1
181, 190, 94, 255: 2
138, 129, 209, 255: 1
131, 180, 35, 255: 2
180, 84, 161, 255: 36
0, 55, 133, 255: 20
236, 172, 155, 255: 10
149, 18, 240, 255: 19
142, 128, 139, 255: 5
94, 133, 110, 255: 5
185, 235, 68, 255: 4
191, 216, 255, 255: 1
190, 96, 191, 255: 5
0, 48, 118, 255: 78
218, 82, 71, 255: 7
93, 39, 114, 255: 6
43, 56, 134, 255: 1
185, 0, 180, 255: 1
90, 155, 129, 255: 3
90, 227, 148, 255: 24
241, 155, 248, 255: 12
235, 232, 134, 255: 32
88, 22, 18, 255: 1
0, 58, 161, 255: 25
127, 126, 235, 255: 16
244, 250, 71, 255: 1
251, 197, 236, 255: 2
0, 125, 121, 255: 21
138, 209, 92, 255: 2
0, 249, 187, 255: 1
31, 104, 230, 255: 5
0, 216, 114, 255: 1
162, 244, 105, 255: 1
32, 144, 227, 255: 26
188, 226, 97, 255: 12
0, 226, 137, 255: 1
192, 255, 202, 255: 15
10, 220, 170, 255: 1
36, 5, 83, 255: 28
233, 102, 104, 255: 1
86, 255, 121, 255: 1
94, 164, 53, 255: 1
0, 80, 202, 255: 3559
30, 252, 231, 255: 2
231, 138, 227, 255: 4
249, 65, 94, 255: 1
41, 108, 166, 255: 13
74, 190, 247, 255: 1
55, 104, 56, 255: 15
130, 49, 227, 255: 2
83, 32, 196, 255: 26
255, 127, 73, 255: 6
197, 202, 20, 255: 17
205, 150, 238, 255: 1
105, 238, 109, 255: 1
241, 255, 73, 255: 1
0, 171, 41, 255: 5
86, 249, 56, 255: 5
33, 235, 234, 255: 3
241, 255, 32, 255: 1
81, 95, 48, 255: 60
255, 255, 166, 255: 1
84, 255, 60, 255: 7
66, 132, 161, 255: 1
242, 85, 29, 255: 21
0, 72, 160, 255: 78
234, 59, 255, 255: 1
47, 110, 81, 255: 14
26, 99, 87, 255: 2
140, 243, 191, 255: 2
124, 24, 189, 255: 2
95, 4, 12, 255: 1
238, 182, 76, 255: 2
0, 210, 231, 255: 1
73, 216, 104, 255: 4
59, 124, 52, 255: 6
101, 117, 88, 255: 1
181, 193, 160, 255: 17
246, 211, 196, 255: 5
33, 184, 23, 255: 3
190, 136, 255, 255: 2
0, 212, 212, 255: 3
242, 255, 182, 255: 2
108, 102, 143, 255: 5460
233, 119, 125, 255: 11
0, 47, 184, 255: 2
98, 178, 57, 255: 1
44, 192, 163, 255: 2
41, 147, 44, 255: 3
28, 35, 209, 255: 2
170, 248, 65, 255: 1
53, 64, 216, 255: 1
4, 234, 104, 255: 1
139, 62, 91, 255: 2
44, 6, 236, 255: 1
22, 202, 218, 255: 1
175, 64, 226, 255: 1
235, 18, 251, 255: 1
88, 116, 49, 255: 1
86, 192, 95, 255: 1
109, 105, 130, 255: 1
86, 108, 8, 255: 8
200, 136, 58, 255: 1
77, 80, 60, 255: 4
157, 36, 12, 255: 2
135, 255, 106, 255: 44
46, 78, 240, 255: 1
226, 168, 117, 255: 12
38, 122, 1, 255: 15
191, 46, 248, 255: 9
234, 255, 199, 255: 1
236, 165, 16, 255: 9
128, 145, 110, 255: 4
246, 75, 203, 255: 5
134, 238, 10, 255: 8
127, 237, 114, 255: 7
167, 30, 169, 255: 1
36, 29, 188, 255: 3
13, 242, 251, 255: 1
34, 234, 134, 255: 1
216, 252, 215, 255: 2
180, 213, 224, 255: 15
36, 250, 1, 255: 1
140, 126, 171, 255: 1
98, 171, 56, 255: 4
172, 212, 35, 255: 1
246, 91, 133, 255: 1
200, 208, 124, 255: 41
242, 31, 75, 255: 4
202, 69, 196, 255: 2
63, 184, 28, 255: 9
178, 42, 62, 255: 1
243, 119, 255, 255: 2
30, 17, 133, 255: 1
235, 207, 121, 255: 6
0, 156, 214, 255: 6
0, 178, 92, 255: 16
15, 176, 134, 255: 2
129, 23, 187, 255: 1
105, 41, 41, 255: 1
144, 9, 31, 255: 15
0, 206, 172, 255: 4
231, 68, 72, 255: 6
252, 189, 62, 255: 1
238, 157, 63, 255: 81
235, 109, 43, 255: 15
88, 28, 26, 255: 8
225, 205, 250, 255: 4
39, 32, 191, 255: 9
134, 41, 129, 255: 1
133, 173, 255, 255: 7
227, 128, 148, 255: 1
243, 125, 72, 255: 1
195, 124, 225, 255: 15
220, 131, 127, 255: 2
185, 184, 79, 255: 39
233, 43, 87, 255: 2
223, 168, 215, 255: 6
139, 112, 24, 255: 17
31, 255, 128, 255: 1
198, 224, 214, 255: 1
252, 159, 103, 255: 34
191, 105, 9, 255: 2
59, 125, 154, 255: 2
153, 93, 208, 255: 10
247, 45, 183, 255: 3
36, 30, 60, 255: 1
196, 8, 64, 255: 130
30, 226, 182, 255: 7
10, 228, 204, 255: 252
199, 99, 125, 255: 88
229, 22, 117, 255: 28
32, 83, 62, 255: 1
216, 28, 45, 255: 7
147, 76, 182, 255: 118
0, 29, 243, 255: 9
133, 198, 131, 255: 21
142, 255, 112, 255: 1
139, 133, 55, 255: 2
36, 244, 209, 255: 8
107, 180, 25, 255: 358
138, 205, 237, 255: 1
140, 202, 175, 255: 12
241, 255, 109, 255: 3
0, 134, 208, 255: 4
228, 183, 240, 255: 14
67, 204, 127, 255: 2
221, 19, 158, 255: 1
234, 141, 230, 255: 1
44, 182, 144, 255: 10
38, 9, 32, 255: 1
148, 249, 179, 255: 1
195, 128, 54, 255: 3
82, 162, 103, 255: 7
139, 248, 125, 255: 10
25, 130, 146, 255: 1
51, 238, 75, 255: 5
187, 64, 54, 255: 9
202, 165, 173, 255: 10
32, 76, 25, 255: 4
73, 148, 241, 255: 9
0, 217, 26, 255: 23
0, 148, 9, 255: 1
125, 255, 240, 255: 1
190, 223, 25, 255: 20
136, 73, 243, 255: 2
148, 17, 239, 255: 14
244, 206, 213, 255: 1
185, 106, 40, 255: 19
119, 49, 5, 255: 1
185, 63, 71, 255: 3
151, 91, 206, 255: 8
245, 199, 73, 255: 1
91, 215, 157, 255: 2
127, 239, 178, 255: 1
240, 67, 105, 255: 9
4, 222, 237, 255: 1
83, 191, 219, 255: 29
0, 43, 44, 255: 5
141, 99, 244, 255: 9
88, 14, 99, 255: 5
239, 168, 255, 255: 17
106, 223, 16, 255: 3
30, 12, 162, 255: 24
226, 108, 255, 255: 1
85, 25, 244, 255: 3
84, 156, 253, 255: 1
234, 168, 52, 255: 1
179, 149, 214, 255: 2
31, 161, 165, 255: 102
0, 204, 136, 255: 1247
46, 8, 29, 255: 7
143, 167, 136, 255: 1
49, 112, 83, 255: 5
29, 201, 168, 255: 8
97, 211, 162, 255: 18
22, 79, 127, 255: 1
126, 10, 62, 255: 2
193, 202, 106, 255: 13
175, 24, 183, 255: 2
37, 19, 205, 255: 1
0, 122, 152, 255: 8
146, 27, 246, 255: 1
210, 165, 223, 255: 142
0, 206, 138, 255: 2969
92, 223, 149, 255: 4
83, 139, 193, 255: 28
184, 23, 55, 255: 23
96, 255, 229, 255: 1
24, 36, 140, 255: 20
247, 217, 135, 255: 2
27, 199, 48, 255: 2
0, 141, 181, 255: 5
45, 213, 232, 255: 2
40, 141, 97, 255: 3
148, 160, 167, 255: 3
95, 99, 181, 255: 2
29, 233, 45, 255: 1
35, 59, 18, 255: 2
85, 15, 114, 255: 3
85, 36, 7, 255: 35
0, 255, 105, 255: 1
159, 223, 164, 255: 43
0, 135, 71, 255: 2
39, 228, 163, 255: 8
240, 114, 150, 255: 1
123, 191, 94, 255: 2
41, 74, 244, 255: 2
82, 228, 60, 255: 40
90, 90, 166, 255: 4
199, 70, 94, 255: 1
236, 109, 7, 255: 16
123, 130, 47, 255: 1
0, 111, 196, 255: 2241
245, 137, 212, 255: 3
138, 89, 239, 255: 3
153, 233, 35, 255: 6
30, 131, 87, 255: 2
82, 154, 251, 255: 1
223, 44, 226, 255: 1
203, 40, 84, 255: 4
33, 173, 4, 255: 3
71, 21, 147, 255: 1
234, 203, 239, 255: 15
186, 193, 219, 255: 1
0, 31, 180, 255: 17
228, 47, 166, 255: 2
202, 176, 39, 255: 1
126, 81, 128, 255: 1
82, 53, 116, 255: 3
0, 134, 50, 255: 1
130, 52, 235, 255: 3
249, 164, 19, 255: 13
252, 60, 25, 255: 9
198, 176, 163, 255: 9
135, 137, 88, 255: 50
133, 108, 8, 255: 9
85, 170, 16, 255: 11
156, 148, 82, 255: 2
61, 12, 240, 255: 4
95, 55, 83, 255: 3
62, 219, 61, 255: 25
146, 163, 239, 255: 58
0, 3, 75, 255: 91
90, 186, 216, 255: 27
247, 149, 24, 255: 1
0, 248, 144, 255: 13
90, 238, 67, 255: 2
185, 219, 9, 255: 23
66, 178, 112, 255: 52
206, 123, 227, 255: 2
216, 0, 186, 255: 2
193, 210, 25, 255: 39
174, 40, 21, 255: 7
0, 39, 133, 255: 1
92, 249, 90, 255: 5
2, 132, 176, 255: 4
187, 69, 128, 255: 1
0, 33, 157, 255: 1
35, 251, 127, 255: 6
47, 50, 138, 255: 6
94, 76, 250, 255: 3
204, 237, 39, 255: 2
236, 230, 126, 255: 6
217, 200, 88, 255: 25
39, 105, 72, 255: 2
44, 255, 113, 255: 1
152, 196, 1, 255: 1
31, 155, 10, 255: 2
146, 95, 109, 255: 7
65, 167, 92, 255: 42
193, 248, 68, 255: 1
139, 90, 240, 255: 4
8, 89, 219, 255: 1
145, 181, 75, 255: 2
0, 128, 158, 255: 3
228, 79, 190, 255: 1
242, 112, 142, 255: 5
135, 180, 194, 255: 4
242, 116, 152, 255: 3
233, 136, 219, 255: 45
36, 255, 201, 255: 7
187, 232, 255, 255: 1
190, 229, 27, 255: 17
148, 211, 183, 255: 1
48, 178, 75, 255: 1
0, 150, 233, 255: 3
148, 140, 228, 255: 20
127, 244, 252, 255: 18
179, 97, 51, 255: 1
196, 198, 72, 255: 1
4, 99, 248, 255: 4
142, 100, 245, 255: 2
88, 245, 86, 255: 19
189, 255, 139, 255: 1
30, 201, 216, 255: 1
143, 215, 106, 255: 2
92, 68, 72, 255: 2
70, 57, 179, 255: 1
194, 77, 26, 255: 23
87, 234, 101, 255: 19
36, 3, 93, 255: 3
143, 33, 43, 255: 25
188, 54, 137, 255: 3
88, 42, 28, 255: 7
193, 201, 117, 255: 10
148, 205, 109, 255: 2
135, 230, 92, 255: 1
151, 253, 73, 255: 1
42, 255, 89, 255: 2
141, 73, 21, 255: 1
4, 242, 176, 255: 1
206, 134, 247, 255: 5
77, 160, 164, 255: 49
236, 87, 95, 255: 1
74, 199, 12, 255: 3
251, 255, 114, 255: 1
92, 8, 119, 255: 2
185, 238, 169, 255: 30
0, 97, 75, 255: 2
194, 233, 31, 255: 6
47, 88, 169, 255: 3
22, 255, 208, 255: 5
238, 69, 158, 255: 2
46, 213, 249, 255: 3
138, 5, 117, 255: 18
178, 146, 77, 255: 2
71, 3, 55, 255: 8
88, 49, 103, 255: 1
242, 166, 187, 255: 1
37, 182, 200, 255: 14
140, 205, 241, 255: 17
8, 215, 181, 255: 25
183, 222, 20, 255: 2
5, 231, 157, 255: 1
0, 27, 176, 255: 78
125, 240, 150, 255: 5
186, 77, 82, 255: 9
138, 255, 64, 255: 1
255, 248, 26, 255: 1
14, 204, 93, 255: 28
230, 4, 179, 255: 6
121, 158, 108, 255: 1
144, 97, 89, 255: 19
191, 94, 244, 255: 1
34, 34, 177, 255: 27
245, 10, 249, 255: 2
0, 106, 182, 255: 3
71, 66, 100, 255: 3
179, 212, 223, 255: 13
28, 35, 173, 255: 3
0, 42, 136, 255: 2
176, 231, 4, 255: 1
22, 203, 117, 255: 1
39, 2, 11, 255: 4
230, 202, 80, 255: 59
200, 149, 170, 255: 3
182, 15, 199, 255: 103
39, 255, 191, 255: 1
148, 130, 55, 255: 1
0, 90, 123, 255: 1161
235, 149, 242, 255: 5
153, 49, 102, 255: 1
136, 13, 253, 255: 2
85, 39, 25, 255: 4
236, 130, 120, 255: 1
91, 73, 247, 255: 2
186, 164, 151, 255: 2
242, 218, 110, 255: 3
122, 77, 22, 255: 1
0, 251, 181, 255: 59
39, 167, 108, 255: 11
227, 249, 37, 255: 1
49, 238, 173, 255: 6
80, 14, 46, 255: 1
19, 47, 205, 255: 909
246, 72, 195, 255: 7
235, 152, 215, 255: 7
141, 217, 159, 255: 1
148, 173, 160, 255: 23
87, 207, 124, 255: 1
194, 2, 198, 255: 1
42, 88, 255, 255: 4
0, 128, 99, 255: 2
79, 38, 176, 255: 44
69, 38, 187, 255: 1
54, 24, 212, 255: 5
69, 36, 239, 255: 1
47, 122, 102, 255: 12
184, 88, 201, 255: 1
136, 136, 135, 255: 1
131, 68, 230, 255: 8
0, 20, 101, 255: 4
240, 61, 22, 255: 69
8, 4, 134, 255: 1
141, 34, 143, 255: 43
0, 225, 43, 255: 6
7, 231, 18, 255: 3
164, 192, 237, 255: 7
192, 48, 166, 255: 13
234, 105, 196, 255: 5
193, 184, 23, 255: 5
149, 165, 255, 255: 22
33, 200, 201, 255: 57
16, 85, 207, 255: 4
87, 44, 230, 255: 1
0, 119, 51, 255: 1
179, 210, 123, 255: 2
228, 67, 67, 255: 2
25, 10, 28, 255: 2
28, 180, 202, 255: 1
37, 194, 102, 255: 5
89, 54, 151, 255: 3
113, 186, 31, 255: 24
198, 98, 124, 255: 124
175, 162, 12, 255: 2
238, 28, 153, 255: 3
249, 168, 74, 255: 1
102, 244, 25, 255: 5
226, 5, 121, 255: 4
0, 200, 222, 255: 2
46, 2, 83, 255: 5
237, 244, 17, 255: 2
175, 85, 128, 255: 1
234, 242, 117, 255: 39
108, 250, 31, 255: 1
146, 107, 11, 255: 12
106, 14, 183, 255: 3
103, 132, 210, 255: 9
34, 16, 166, 255: 40
16, 207, 95, 255: 1
33, 246, 59, 255: 13
38, 42, 82, 255: 1
48, 147, 116, 255: 2
93, 28, 59, 255: 2
150, 158, 68, 255: 59
79, 15, 7, 255: 5
86, 114, 83, 255: 27
0, 25, 229, 255: 2
39, 89, 80, 255: 5
0, 223, 66, 255: 4
238, 97, 119, 255: 16
42, 255, 66, 255: 2
245, 215, 141, 255: 11
255, 24, 145, 255: 2
97, 84, 89, 255: 2
0, 9, 81, 255: 2048
27, 94, 13, 255: 1
82, 85, 131, 255: 2
136, 56, 141, 255: 11
141, 51, 237, 255: 42
81, 244, 87, 255: 1
115, 89, 209, 255: 1
245, 135, 2, 255: 18
186, 64, 191, 255: 3
189, 200, 240, 255: 1
165, 53, 53, 255: 6
238, 103, 127, 255: 11
151, 3, 148, 255: 6
90, 252, 162, 255: 5
234, 3, 248, 255: 4
40, 212, 61, 255: 11
32, 43, 195, 255: 2
106, 116, 235, 255: 56
128, 83, 130, 255: 1
248, 251, 76, 255: 7
169, 247, 166, 255: 1
151, 46, 253, 255: 4
245, 207, 222, 255: 3
244, 191, 255, 255: 1
72, 169, 187, 255: 1
190, 19, 152, 255: 4
173, 215, 136, 255: 6
33, 87, 46, 255: 3
151, 38, 181, 255: 2
120, 85, 39, 255: 2
255, 8, 153, 255: 1
143, 135, 223, 255: 7
79, 63, 123, 255: 3
157, 6, 52, 255: 2
232, 133, 118, 255: 45
204, 125, 126, 255: 1
139, 255, 5, 255: 6
34, 156, 28, 255: 15
2, 130, 76, 255: 4
188, 170, 243, 255: 16
180, 8, 123, 255: 5
232, 99, 186, 255: 25
21, 157, 230, 255: 5
7, 148, 162, 255: 3
0, 4, 100, 255: 1
126, 229, 130, 255: 1
119, 21, 249, 255: 2
238, 180, 11, 255: 1
142, 192, 65, 255: 89
83, 255, 26, 255: 1
188, 238, 106, 255: 9
42, 148, 9, 255: 2
255, 80, 50, 255: 1
17, 37, 53, 255: 1
139, 0, 44, 255: 20
49, 203, 141, 255: 1
85, 39, 144, 255: 1
196, 171, 188, 255: 3
179, 7, 122, 255: 5
0, 218, 6, 255: 1
33, 130, 81, 255: 4
141, 23, 122, 255: 55
216, 6, 234, 255: 1
86, 209, 70, 255: 6
246, 37, 255, 255: 23
101, 33, 231, 255: 10
191, 71, 41, 255: 1
0, 5, 234, 255: 84
140, 21, 205, 255: 22
30, 248, 222, 255: 80
52, 85, 255, 255: 1
236, 253, 75, 255: 26
246, 34, 163, 255: 1
248, 53, 48, 255: 1
182, 84, 63, 255: 52
5, 31, 244, 255: 2
77, 218, 145, 255: 2
229, 35, 238, 255: 6
255, 192, 87, 255: 2
0, 212, 144, 255: 140
84, 255, 118, 255: 2
9, 219, 27, 255: 143
122, 225, 24, 255: 1
30, 67, 32, 255: 2
242, 85, 64, 255: 1
194, 11, 255, 255: 3
156, 192, 148, 255: 1
238, 255, 3, 255: 2
145, 245, 223, 255: 2
46, 234, 172, 255: 1
47, 75, 48, 255: 14
28, 216, 41, 255: 12
0, 132, 137, 255: 183
58, 127, 152, 255: 1
87, 145, 6, 255: 39
0, 126, 33, 255: 16
38, 148, 23, 255: 12
34, 23, 157, 255: 1
34, 99, 23, 255: 1
237, 234, 100, 255: 15
128, 191, 61, 255: 3
133, 190, 59, 255: 17
24, 23, 148, 255: 6
0, 200, 157, 255: 4
252, 239, 242, 255: 35
24, 249, 71, 255: 4
254, 236, 170, 255: 1
114, 13, 16, 255: 3
147, 201, 7, 255: 3
0, 50, 252, 255: 1129
91, 65, 227, 255: 27
158, 230, 82, 255: 317
246, 32, 98, 255: 2
88, 135, 23, 255: 37
141, 78, 95, 255: 3
0, 111, 73, 255: 22
143, 106, 192, 255: 2
199, 152, 253, 255: 4
95, 154, 51, 255: 2
138, 242, 187, 255: 1
127, 176, 133, 255: 1
81, 124, 79, 255: 2
237, 206, 242, 255: 6
38, 246, 246, 255: 1
100, 32, 76, 255: 1
165, 137, 10, 255: 9
145, 248, 196, 255: 5
236, 87, 198, 255: 19
217, 191, 169, 255: 3
182, 10, 125, 255: 8
27, 43, 127, 255: 1
136, 77, 247, 255: 1
0, 41, 11, 255: 2
78, 163, 9, 255: 12
217, 89, 245, 255: 38
244, 6, 220, 255: 2
50, 108, 11, 255: 16
32, 149, 20, 255: 1
0, 115, 43, 255: 15
135, 6, 97, 255: 1
42, 66, 198, 255: 2
94, 211, 4, 255: 30
238, 123, 168, 255: 1
32, 193, 151, 255: 1
123, 175, 138, 255: 1
141, 245, 190, 255: 2
86, 248, 158, 255: 3
125, 91, 44, 255: 10
177, 65, 64, 255: 4
168, 226, 98, 255: 2
179, 53, 47, 255: 1
185, 152, 211, 255: 7
38, 122, 255, 255: 1
42, 219, 229, 255: 6
84, 188, 210, 255: 7
135, 138, 107, 255: 1
83, 105, 225, 255: 80
164, 23, 193, 255: 1
187, 199, 202, 255: 2
83, 248, 154, 255: 5
136, 22, 54, 255: 5
154, 39, 83, 255: 2
232, 55, 79, 255: 36
129, 250, 8, 255: 1
255, 200, 6, 255: 2
190, 15, 170, 255: 1
0, 131, 38, 255: 105
193, 41, 95, 255: 5
60, 252, 246, 255: 3
135, 226, 29, 255: 3
40, 205, 24, 255: 1
244, 150, 76, 255: 2
244, 142, 157, 255: 1
100, 14, 138, 255: 2
109, 31, 180, 255: 25
226, 141, 3, 255: 1
19, 78, 189, 255: 1
188, 74, 147, 255: 1
99, 76, 182, 255: 11
156, 16, 72, 255: 3
176, 25, 185, 255: 4
78, 131, 241, 255: 2
255, 85, 68, 255: 9
185, 64, 255, 255: 4
157, 105, 131, 255: 2
194, 244, 50, 255: 2
29, 30, 126, 255: 1
90, 162, 39, 255: 6
88, 82, 218, 255: 1
215, 55, 157, 255: 3
237, 121, 64, 255: 25
185, 213, 156, 255: 1
81, 46, 33, 255: 6
32, 124, 32, 255: 5
92, 216, 158, 255: 1
144, 4, 213, 255: 2
72, 105, 4, 255: 1
209, 236, 72, 255: 1
94, 38, 117, 255: 1
138, 203, 255, 255: 2
153, 73, 13, 255: 11
159, 206, 69, 255: 32
134, 103, 155, 255: 4
140, 197, 66, 255: 18
207, 47, 149, 255: 1
149, 17, 138, 255: 2
0, 83, 171, 255: 22
231, 240, 151, 255: 1
233, 29, 222, 255: 88
28, 109, 238, 255: 1
231, 19, 45, 255: 31
47, 245, 193, 255: 1
84, 225, 152, 255: 1
59, 180, 24, 255: 68
176, 191, 164, 255: 2
124, 79, 24, 255: 5
135, 110, 10, 255: 5
180, 209, 253, 255: 14
156, 43, 186, 255: 1
247, 18, 70, 255: 3
128, 45, 32, 255: 1
112, 210, 44, 255: 8
0, 132, 171, 255: 55
81, 87, 232, 255: 2
24, 9, 165, 255: 1
88, 142, 107, 255: 6
31, 159, 218, 255: 1
21, 51, 12, 255: 2
234, 55, 16, 255: 21
187, 188, 181, 255: 12
28, 13, 169, 255: 5
0, 192, 81, 255: 415
56, 183, 96, 255: 9
194, 22, 54, 255: 2
94, 125, 191, 255: 4
243, 91, 103, 255: 2
187, 94, 115, 255: 1
83, 97, 50, 255: 48
248, 149, 170, 255: 3
124, 118, 158, 255: 8
31, 63, 123, 255: 15
216, 139, 143, 255: 3
149, 223, 85, 255: 3
137, 120, 42, 255: 1
94, 216, 232, 255: 4
143, 201, 241, 255: 34
26, 5, 57, 255: 27
242, 75, 45, 255: 17
144, 172, 155, 255: 1
114, 171, 194, 255: 2
26, 181, 173, 255: 16
97, 60, 59, 255: 2
93, 146, 213, 255: 8
51, 114, 85, 255: 2
149, 9, 65, 255: 24
190, 214, 106, 255: 8
53, 14, 252, 255: 24
252, 24, 247, 255: 4
12, 214, 111, 255: 9
44, 228, 223, 255: 4
248, 221, 236, 255: 4
41, 161, 38, 255: 1
209, 156, 47, 255: 37
91, 148, 57, 255: 1
146, 72, 80, 255: 18
132, 16, 103, 255: 2
64, 130, 159, 255: 4
183, 237, 49, 255: 2
135, 212, 70, 255: 1
1, 87, 70, 255: 4
162, 5, 199, 255: 54
189, 17, 132, 255: 13
46, 150, 204, 255: 2
240, 0, 42, 255: 15
126, 226, 157, 255: 14
182, 88, 80, 255: 1
217, 76, 253, 255: 2
136, 168, 84, 255: 1
228, 29, 35, 255: 6
235, 201, 113, 255: 2
83, 54, 117, 255: 6
229, 52, 76, 255: 9
136, 155, 183, 255: 10
247, 111, 227, 255: 1
8, 5, 132, 255: 3
78, 4, 89, 255: 1
190, 237, 99, 255: 2
126, 34, 202, 255: 1
141, 55, 174, 255: 1
191, 83, 198, 255: 6
91, 19, 20, 255: 11
91, 175, 197, 255: 3
179, 53, 236, 255: 1
237, 20, 255, 255: 1
106, 251, 245, 255: 10
234, 199, 82, 255: 3
80, 64, 124, 255: 5
186, 236, 104, 255: 5
80, 220, 240, 255: 2
47, 209, 58, 255: 3
148, 60, 88, 255: 33
189, 92, 208, 255: 1
89, 218, 45, 255: 2
246, 210, 59, 255: 2
211, 89, 185, 255: 17
146, 33, 73, 255: 3
18, 58, 249, 255: 5
245, 188, 130, 255: 1
125, 41, 120, 255: 1
11, 199, 245, 255: 1
219, 202, 90, 255: 1
88, 249, 104, 255: 5
90, 192, 255, 255: 23
87, 109, 229, 255: 16
188, 57, 18, 255: 14
188, 255, 165, 255: 5
143, 49, 119, 255: 1
155, 139, 20, 255: 56
191, 178, 255, 255: 12
150, 238, 207, 255: 31
196, 12, 119, 255: 1
188, 255, 142, 255: 5
0, 146, 96, 255: 34
60, 57, 190, 255: 3
49, 71, 232, 255: 6
240, 151, 145, 255: 55
9, 158, 83, 255: 48
133, 111, 92, 255: 1
177, 122, 163, 255: 13
235, 171, 154, 255: 9
144, 231, 255, 255: 17
246, 120, 156, 255: 1
184, 218, 110, 255: 4
87, 30, 126, 255: 11
85, 23, 153, 255: 1
84, 164, 208, 255: 5
187, 99, 87, 255: 84
154, 129, 242, 255: 5
193, 129, 153, 255: 6
82, 6, 146, 255: 24
5, 242, 35, 255: 1
200, 95, 53, 255: 3
177, 222, 88, 255: 1
97, 189, 249, 255: 6
187, 93, 85, 255: 1
251, 86, 35, 255: 1
29, 61, 121, 255: 7
133, 201, 78, 255: 1
150, 255, 94, 255: 1
238, 187, 175, 255: 1
21, 231, 38, 255: 2
240, 147, 91, 255: 1
214, 227, 44, 255: 1
241, 12, 64, 255: 17
84, 219, 78, 255: 51
128, 243, 188, 255: 2
90, 124, 169, 255: 3
137, 191, 115, 255: 2
178, 22, 241, 255: 1
83, 107, 70, 255: 12
230, 227, 129, 255: 2
0, 89, 130, 255: 1123
50, 72, 233, 255: 9
16, 234, 210, 255: 751
154, 33, 162, 255: 1
177, 192, 27, 255: 2
44, 250, 7, 255: 160
226, 173, 63, 255: 3
32, 78, 228, 255: 2
29, 149, 143, 255: 71
136, 243, 242, 255: 10
182, 103, 1, 255: 77
130, 93, 205, 255: 3
0, 104, 210, 255: 3
9, 4, 32, 255: 13
190, 255, 255, 255: 1
184, 20, 46, 255: 31
82, 88, 166, 255: 1
130, 162, 42, 255: 8
218, 212, 109, 255: 27
239, 32, 102, 255: 1
106, 138, 59, 255: 1
208, 50, 149, 255: 1
196, 96, 122, 255: 109
140, 247, 25, 255: 31
178, 77, 146, 255: 1
47, 190, 221, 255: 11
183, 184, 177, 255: 4
138, 124, 16, 255: 5
149, 132, 54, 255: 4
28, 145, 77, 255: 7
93, 179, 127, 255: 5
51, 40, 148, 255: 1
0, 171, 174, 255: 10
0, 122, 186, 255: 1
43, 101, 4, 255: 13
172, 166, 57, 255: 1
192, 128, 50, 255: 9
206, 163, 205, 255: 1
103, 113, 16, 255: 2
125, 14, 6, 255: 1
86, 143, 78, 255: 1
219, 191, 70, 255: 1
192, 25, 209, 255: 8
255, 75, 104, 255: 1
39, 165, 118, 255: 27
194, 120, 215, 255: 1
192, 42, 83, 255: 34
24, 152, 93, 255: 1
94, 81, 86, 255: 7
187, 179, 6, 255: 6
83, 169, 153, 255: 1
96, 70, 232, 255: 9
232, 36, 176, 255: 4
1, 253, 127, 255: 1
21, 63, 97, 255: 1
85, 245, 245, 255: 1
182, 237, 10, 255: 9
130, 97, 86, 255: 1
4, 54, 39, 255: 1
0, 21, 4, 255: 9
36, 62, 156, 255: 1
144, 101, 37, 255: 2
185, 101, 187, 255: 16
140, 1, 45, 255: 20
98, 106, 93, 255: 1
91, 188, 215, 255: 1
242, 203, 200, 255: 1
34, 108, 233, 255: 13
171, 163, 212, 255: 19
197, 161, 41, 255: 1
125, 248, 104, 255: 1
124, 85, 72, 255: 1
40, 211, 226, 255: 20
83, 222, 178, 255: 2
0, 201, 98, 255: 2
56, 125, 253, 255: 2
241, 255, 201, 255: 5
138, 140, 91, 255: 8
184, 125, 115, 255: 2
198, 71, 11, 255: 22
189, 36, 235, 255: 5
190, 216, 197, 255: 35
42, 25, 90, 255: 17
145, 148, 117, 255: 1
192, 99, 120, 255: 1
52, 250, 95, 255: 3
181, 110, 73, 255: 3
236, 67, 156, 255: 3
132, 255, 197, 255: 6
107, 128, 0, 255: 50
129, 189, 217, 255: 8
172, 46, 194, 255: 3
13, 19, 56, 255: 1
84, 26, 87, 255: 98
192, 183, 13, 255: 1
182, 92, 238, 255: 15
199, 55, 173, 255: 7
9, 103, 110, 255: 20
217, 216, 182, 255: 8
73, 145, 139, 255: 13
138, 128, 117, 255: 32
53, 3, 16, 255: 5
23, 49, 4, 255: 3
192, 238, 139, 255: 9
253, 250, 116, 255: 1
90, 79, 146, 255: 12
143, 65, 248, 255: 3
183, 190, 252, 255: 19
241, 87, 37, 255: 9
246, 122, 1, 255: 2
85, 149, 79, 255: 4
70, 241, 215, 255: 5
0, 10, 17, 255: 2
196, 130, 136, 255: 1
173, 194, 133, 255: 1
184, 166, 204, 255: 41
0, 146, 250, 255: 3
78, 116, 212, 255: 1
138, 87, 66, 255: 35
96, 62, 57, 255: 1
182, 144, 6, 255: 6
131, 103, 161, 255: 5
0, 193, 239, 255: 4
195, 186, 16, 255: 1
160, 61, 41, 255: 50
249, 79, 215, 255: 2
88, 172, 57, 255: 9
250, 105, 230, 255: 16
191, 43, 147, 255: 25
8, 78, 239, 255: 1
130, 177, 225, 255: 1
136, 228, 248, 255: 31
92, 117, 181, 255: 2
235, 255, 58, 255: 5
63, 145, 150, 255: 63
69, 229, 194, 255: 5
127, 22, 119, 255: 4
200, 75, 215, 255: 3
160, 234, 184, 255: 3
131, 67, 66, 255: 2
152, 191, 29, 255: 7
216, 69, 23, 255: 7
32, 250, 224, 255: 114
178, 107, 70, 255: 2
82, 206, 148, 255: 1
177, 109, 17, 255: 4
192, 168, 240, 255: 1
99, 70, 236, 255: 1
34, 140, 1, 255: 8
244, 142, 73, 255: 4
87, 224, 145, 255: 69
149, 255, 255, 255: 1
40, 26, 36, 255: 5
64, 185, 29, 255: 113
207, 170, 178, 255: 3
141, 255, 74, 255: 1
114, 11, 172, 255: 21
88, 173, 19, 255: 2
96, 190, 85, 255: 6
239, 214, 36, 255: 2
210, 119, 16, 255: 1
78, 86, 99, 255: 1
31, 225, 57, 255: 5
117, 102, 233, 255: 1
236, 106, 136, 255: 1
183, 208, 88, 255: 1
133, 119, 94, 255: 4
145, 38, 249, 255: 2
0, 143, 247, 255: 10
112, 143, 24, 255: 97
229, 25, 100, 255: 1
189, 139, 39, 255: 7
242, 153, 147, 255: 38
142, 148, 215, 255: 25
242, 193, 199, 255: 23
0, 178, 181, 255: 11
92, 20, 101, 255: 1
237, 20, 253, 255: 2
237, 135, 66, 255: 1
43, 56, 51, 255: 10
30, 34, 74, 255: 5
161, 243, 104, 255: 2
0, 210, 44, 255: 5
249, 228, 64, 255: 39
248, 3, 149, 255: 21
241, 117, 114, 255: 10
212, 46, 234, 255: 1
41, 112, 250, 255: 2
141, 124, 46, 255: 3
66, 154, 202, 255: 2
129, 26, 186, 255: 34
218, 192, 170, 255: 17
26, 179, 6, 255: 1
78, 59, 113, 255: 1
142, 146, 196, 255: 3
247, 134, 255, 255: 1
248, 20, 106, 255: 2
200, 226, 216, 255: 1
92, 245, 189, 255: 5
174, 244, 32, 255: 1
0, 111, 29, 255: 48
208, 210, 18, 255: 1
36, 106, 226, 255: 41
0, 29, 20, 255: 82
234, 195, 64, 255: 21
143, 129, 255, 255: 1
250, 152, 27, 255: 2
144, 99, 17, 255: 1
205, 31, 194, 255: 1
187, 56, 238, 255: 25
34, 255, 2, 255: 7
38, 210, 59, 255: 15
172, 35, 174, 255: 1
50, 110, 111, 255: 1
178, 25, 122, 255: 1
34, 8, 247, 255: 27
221, 97, 95, 255: 17
138, 112, 232, 255: 1
202, 166, 20, 255: 1
96, 116, 28, 255: 12
248, 232, 35, 255: 2
44, 248, 60, 255: 1
19, 189, 93, 255: 1
47, 146, 13, 255: 14
137, 92, 10, 255: 1
134, 13, 15, 255: 1
0, 8, 114, 255: 23
59, 251, 245, 255: 7
150, 222, 113, 255: 9
138, 60, 243, 255: 24
252, 27, 92, 255: 15
235, 84, 132, 255: 3
229, 209, 254, 255: 45
0, 42, 102, 255: 1
253, 143, 10, 255: 45
26, 108, 109, 255: 1
133, 149, 207, 255: 2
31, 96, 20, 255: 2
234, 245, 218, 255: 5
192, 90, 171, 255: 1
32, 175, 103, 255: 1
93, 166, 51, 255: 9
193, 67, 97, 255: 3
32, 60, 33, 255: 1
199, 228, 16, 255: 2
0, 248, 212, 255: 11
79, 126, 235, 255: 37
0, 234, 154, 255: 6
154, 8, 251, 255: 1
224, 72, 84, 255: 1
183, 230, 195, 255: 2
242, 178, 161, 255: 4
188, 39, 216, 255: 2
151, 212, 197, 255: 1
67, 238, 212, 255: 2
104, 227, 88, 255: 1
117, 185, 63, 255: 1
91, 185, 44, 255: 3
139, 103, 233, 255: 1
87, 107, 19, 255: 2
100, 167, 85, 255: 1
175, 173, 161, 255: 1
131, 81, 255, 255: 1
237, 25, 154, 255: 4
147, 113, 204, 255: 3
0, 119, 248, 255: 3
244, 101, 60, 255: 9
3, 213, 163, 255: 1
228, 129, 150, 255: 2
26, 110, 209, 255: 3
244, 15, 67, 255: 11
146, 10, 117, 255: 1
91, 113, 13, 255: 3
239, 0, 255, 255: 12
243, 57, 244, 255: 1
142, 123, 202, 255: 52
194, 138, 227, 255: 29
0, 90, 156, 255: 3
192, 91, 255, 255: 10
86, 10, 150, 255: 4
241, 49, 255, 255: 39
245, 55, 99, 255: 1
157, 88, 253, 255: 1
0, 195, 50, 255: 3
48, 133, 122, 255: 3
137, 164, 103, 255: 3
184, 32, 86, 255: 1
42, 166, 21, 255: 18
0, 223, 75, 255: 91
86, 22, 87, 255: 1
186, 211, 158, 255: 16
230, 99, 101, 255: 1
0, 141, 245, 255: 4
145, 204, 171, 255: 3
137, 10, 199, 255: 9
153, 145, 233, 255: 6
78, 223, 129, 255: 1
39, 173, 18, 255: 2
39, 114, 94, 255: 1
98, 185, 49, 255: 4
187, 18, 103, 255: 6
131, 125, 201, 255: 3
150, 51, 71, 255: 11
152, 34, 133, 255: 3
104, 114, 17, 255: 5
186, 27, 19, 255: 1
137, 255, 39, 255: 1
188, 82, 149, 255: 11
42, 45, 30, 255: 25
0, 79, 78, 255: 19
137, 45, 213, 255: 4
44, 76, 238, 255: 3
79, 132, 89, 255: 3
162, 146, 27, 255: 211
199, 178, 255, 255: 13
125, 193, 132, 255: 2
136, 138, 227, 255: 1
185, 192, 218, 255: 4
4, 54, 0, 255: 98
194, 255, 31, 255: 1
179, 133, 120, 255: 5
137, 123, 15, 255: 4
74, 118, 0, 255: 1
248, 183, 111, 255: 11
111, 16, 88, 255: 2544
86, 125, 67, 255: 26
193, 126, 68, 255: 9
221, 240, 126, 255: 16
56, 168, 102, 255: 24
244, 141, 75, 255: 13
243, 255, 30, 255: 1
192, 178, 76, 255: 3
83, 50, 135, 255: 30
131, 210, 122, 255: 14
86, 196, 31, 255: 37
155, 136, 215, 255: 2
114, 162, 121, 255: 2
139, 255, 108, 255: 2
93, 255, 165, 255: 1
238, 0, 213, 255: 3
0, 215, 57, 255: 92
112, 63, 141, 255: 70
93, 105, 106, 255: 5
35, 243, 208, 255: 16
125, 58, 214, 255: 4
249, 8, 251, 255: 7
0, 198, 130, 255: 1
190, 4, 12, 255: 6
214, 108, 26, 255: 130
70, 10, 229, 255: 2
150, 237, 35, 255: 2
163, 194, 82, 255: 15
252, 179, 42, 255: 6
201, 255, 231, 255: 1
151, 154, 251, 255: 1
142, 164, 207, 255: 2
40, 55, 2, 255: 1
83, 67, 194, 255: 1
182, 127, 168, 255: 8
14, 191, 203, 255: 867
98, 223, 183, 255: 44
181, 30, 36, 255: 19
80, 71, 54, 255: 1
199, 47, 254, 255: 5
31, 30, 1, 255: 35
145, 255, 8, 255: 1
188, 124, 148, 255: 1
223, 148, 20, 255: 5
178, 226, 252, 255: 1
0, 9, 238, 255: 26
126, 183, 205, 255: 1
130, 130, 18, 255: 12
23, 162, 76, 255: 11
209, 219, 92, 255: 1
42, 100, 3, 255: 8
0, 215, 181, 255: 30
242, 177, 105, 255: 8
40, 132, 40, 255: 1
144, 130, 22, 255: 6
20, 121, 231, 255: 2
135, 255, 3, 255: 1
34, 118, 150, 255: 1
231, 130, 52, 255: 7
185, 169, 152, 255: 1
39, 71, 95, 255: 1
117, 5, 101, 255: 1
233, 210, 29, 255: 1
78, 183, 112, 255: 3
214, 197, 85, 255: 100
250, 215, 200, 255: 1
89, 165, 20, 255: 6
130, 137, 157, 255: 3
233, 179, 107, 255: 2
0, 73, 151, 255: 9
161, 84, 82, 255: 64
19, 182, 239, 255: 3
181, 255, 57, 255: 1
183, 220, 211, 255: 1
84, 6, 194, 255: 2
32, 240, 87, 255: 1
241, 197, 135, 255: 3
8, 12, 53, 255: 1
175, 192, 228, 255: 1
30, 15, 33, 255: 1
43, 36, 195, 255: 2
194, 241, 206, 255: 15
29, 104, 191, 255: 4
136, 227, 166, 255: 1
42, 254, 79, 255: 7
88, 96, 237, 255: 1
108, 22, 4, 255: 321
216, 147, 62, 255: 1
2, 141, 56, 255: 107
79, 242, 49, 255: 36
48, 202, 140, 255: 1
110, 120, 239, 255: 94
65, 192, 105, 255: 2
51, 232, 0, 255: 1
136, 218, 145, 255: 1
34, 223, 149, 255: 2
84, 228, 253, 255: 18
179, 243, 29, 255: 1
224, 201, 123, 255: 1104
242, 164, 66, 255: 1
183, 208, 52, 255: 5
43, 46, 134, 255: 2
200, 45, 0, 255: 2
82, 174, 226, 255: 1
130, 44, 60, 255: 2
46, 21, 22, 255: 13
29, 250, 195, 255: 1
238, 207, 243, 255: 3
38, 152, 255, 255: 10
83, 255, 4, 255: 1
33, 62, 218, 255: 2
181, 255, 163, 255: 1
222, 247, 98, 255: 1
238, 9, 61, 255: 18
215, 226, 201, 255: 40
94, 8, 132, 255: 2
86, 221, 44, 255: 4
196, 122, 217, 255: 1
254, 173, 125, 255: 15
179, 146, 205, 255: 2
39, 5, 249, 255: 1
242, 81, 230, 255: 2
59, 166, 159, 255: 4
235, 131, 220, 255: 2
124, 73, 205, 255: 2
188, 78, 95, 255: 10
134, 1, 78, 255: 3
217, 7, 133, 255: 1
31, 255, 2, 255: 1
226, 151, 23, 255: 4
205, 142, 165, 255: 5
194, 123, 224, 255: 12
233, 242, 153, 255: 1
181, 11, 97, 255: 9
195, 177, 97, 255: 1
128, 105, 170, 255: 1
99, 216, 9, 255: 51
33, 40, 255, 255: 1
0, 208, 105, 255: 38
124, 143, 171, 255: 7
183, 52, 131, 255: 12
190, 172, 210, 255: 3
231, 240, 31, 255: 1
63, 192, 204, 255: 42
114, 239, 159, 255: 1
43, 189, 62, 255: 8
83, 75, 46, 255: 5
232, 248, 34, 255: 11
0, 109, 71, 255: 1
135, 117, 251, 255: 1
50, 231, 102, 255: 4
33, 71, 207, 255: 1
151, 229, 189, 255: 20
147, 191, 252, 255: 7
184, 255, 255, 255: 1
35, 106, 5, 255: 2
146, 132, 24, 255: 4
42, 198, 225, 255: 7
195, 146, 9, 255: 2
179, 255, 55, 255: 1
197, 111, 244, 255: 1
147, 25, 146, 255: 4
54, 254, 159, 255: 15
209, 236, 186, 255: 5
140, 15, 130, 255: 4
244, 128, 71, 255: 10
58, 105, 215, 255: 1
0, 155, 135, 255: 1
40, 198, 33, 255: 11
93, 99, 23, 255: 5
88, 71, 143, 255: 20
151, 110, 145, 255: 2
255, 166, 54, 255: 1
40, 56, 140, 255: 7
238, 222, 25, 255: 1
237, 117, 230, 255: 2
114, 80, 34, 255: 3
73, 128, 45, 255: 1
188, 217, 5, 255: 58
140, 190, 63, 255: 26
91, 56, 255, 255: 1
116, 198, 210, 255: 36
0, 92, 189, 255: 1
193, 46, 185, 255: 4
245, 58, 73, 255: 1
241, 248, 21, 255: 2
193, 126, 205, 255: 12
33, 158, 221, 255: 1
151, 168, 244, 255: 34
201, 206, 177, 255: 2
33, 213, 91, 255: 3
158, 125, 71, 255: 1
7, 24, 70, 255: 37
78, 94, 146, 255: 1
82, 155, 40, 255: 1
163, 147, 28, 255: 204
25, 145, 139, 255: 65
33, 117, 149, 255: 2
233, 27, 158, 255: 14
111, 173, 9, 255: 46
232, 89, 202, 255: 3
229, 60, 251, 255: 12
245, 113, 45, 255: 1
137, 31, 92, 255: 5
129, 28, 30, 255: 1
229, 99, 27, 255: 1
231, 238, 114, 255: 11
194, 211, 247, 255: 3
39, 255, 146, 255: 3
142, 148, 113, 255: 1
178, 201, 49, 255: 1
76, 43, 92, 255: 8
54, 227, 187, 255: 13
255, 160, 2, 255: 3
181, 223, 247, 255: 1
109, 86, 50, 255: 22
110, 167, 190, 255: 4
138, 132, 54, 255: 4
0, 223, 41, 255: 3
190, 34, 227, 255: 33
93, 250, 245, 255: 1
141, 30, 161, 255: 14
73, 208, 67, 255: 1
228, 186, 213, 255: 1
0, 137, 10, 255: 12
185, 22, 220, 255: 2
255, 108, 66, 255: 1
186, 67, 71, 255: 1
66, 215, 171, 255: 1
253, 221, 48, 255: 12
231, 238, 11, 255: 4
0, 13, 20, 255: 1
242, 47, 33, 255: 1
78, 64, 33, 255: 4
92, 251, 191, 255: 1
34, 138, 157, 255: 8
241, 101, 38, 255: 22
236, 92, 15, 255: 4
91, 255, 182, 255: 2
91, 147, 210, 255: 2
47, 27, 225, 255: 1
183, 241, 241, 255: 3
197, 251, 63, 255: 2
95, 17, 52, 255: 1
37, 30, 189, 255: 6
75, 83, 96, 255: 2
189, 85, 97, 255: 2
0, 251, 215, 255: 5
253, 163, 205, 255: 8
45, 82, 149, 255: 1
92, 21, 255, 255: 7
224, 94, 151, 255: 4
181, 30, 72, 255: 6
252, 69, 200, 255: 5
195, 158, 166, 255: 14
134, 235, 165, 255: 85
241, 241, 87, 255: 1
134, 210, 152, 255: 4
120, 110, 53, 255: 1
194, 137, 53, 255: 8
82, 145, 229, 255: 2
144, 197, 168, 255: 20
183, 240, 185, 255: 1
21, 133, 216, 255: 14
121, 43, 191, 255: 1
239, 213, 190, 255: 19
195, 181, 79, 255: 8
145, 60, 59, 255: 1
137, 7, 217, 255: 29
179, 141, 3, 255: 19
77, 242, 250, 255: 1
229, 118, 94, 255: 12
185, 122, 98, 255: 21
142, 255, 212, 255: 5
241, 150, 82, 255: 49
85, 19, 169, 255: 36
0, 96, 138, 255: 163
122, 52, 111, 255: 2
189, 193, 165, 255: 6
14, 83, 205, 255: 1192
133, 211, 171, 255: 2
187, 64, 157, 255: 7
244, 242, 152, 255: 1
128, 65, 227, 255: 4
39, 88, 71, 255: 1
155, 197, 222, 255: 1
190, 55, 83, 255: 16
242, 7, 246, 255: 4
184, 86, 100, 255: 18
214, 150, 134, 255: 1
131, 17, 49, 255: 2
83, 124, 164, 255: 55
77, 97, 155, 255: 11
49, 222, 79, 255: 2
88, 212, 154, 255: 2
0, 50, 183, 255: 1
185, 130, 171, 255: 1
182, 29, 90, 255: 2
30, 117, 59, 255: 30
189, 14, 133, 255: 1
0, 139, 178, 255: 163
81, 32, 3, 255: 91
33, 52, 115, 255: 5
97, 148, 117, 255: 2
79, 130, 253, 255: 1
202, 50, 1, 255: 1
223, 105, 170, 255: 8
186, 2, 109, 255: 66
141, 195, 221, 255: 3
122, 8, 158, 255: 7
137, 22, 220, 255: 3
232, 146, 239, 255: 4
144, 64, 4, 255: 37
187, 253, 137, 255: 1
239, 113, 149, 255: 2
166, 158, 207, 255: 84
237, 107, 35, 255: 2
31, 178, 3, 255: 92
106, 214, 96, 255: 1
5, 190, 10, 255: 2
168, 254, 238, 255: 1
39, 231, 0, 255: 7
174, 125, 235, 255: 1
32, 157, 0, 255: 11
185, 24, 56, 255: 16
99, 86, 201, 255: 1
153, 118, 119, 255: 1
241, 226, 131, 255: 2
36, 176, 7, 255: 1
138, 52, 33, 255: 18
82, 224, 159, 255: 1
191, 177, 75, 255: 13
207, 190, 78, 255: 18
129, 40, 178, 255: 10
228, 118, 130, 255: 3
249, 117, 49, 255: 1
78, 227, 157, 255: 2
145, 62, 22, 255: 2
240, 5, 244, 255: 2
36, 115, 181, 255: 3
235, 39, 143, 255: 94
34, 80, 230, 255: 1
26, 83, 95, 255: 8
85, 164, 15, 255: 2
86, 228, 163, 255: 7
90, 169, 49, 255: 1
189, 52, 62, 255: 1
0, 66, 213, 255: 22
120, 67, 101, 255: 1
226, 97, 188, 255: 2
78, 186, 76, 255: 1
45, 111, 181, 255: 30
88, 110, 10, 255: 9
8, 55, 158, 255: 1
144, 50, 255, 255: 1
251, 244, 213, 255: 1
53, 144, 202, 255: 2
0, 130, 100, 255: 3
239, 186, 76, 255: 6
132, 106, 73, 255: 4
65, 202, 125, 255: 2
235, 254, 138, 255: 13
0, 39, 6, 255: 1
76, 101, 227, 255: 1
131, 246, 191, 255: 11
128, 64, 191, 255: 2
33, 241, 88, 255: 2
40, 168, 74, 255: 2
135, 209, 155, 255: 4
236, 160, 70, 255: 1
14, 251, 146, 255: 33
185, 227, 31, 255: 2
29, 190, 148, 255: 1
127, 74, 210, 255: 2
83, 52, 200, 255: 82
88, 112, 148, 255: 2
81, 193, 199, 255: 3
123, 238, 148, 255: 1
48, 237, 172, 255: 10
0, 81, 114, 255: 130
83, 193, 63, 255: 4
174, 136, 254, 255: 9
145, 153, 146, 255: 1
169, 238, 247, 255: 41
184, 221, 212, 255: 4
88, 83, 255, 255: 1
46, 197, 139, 255: 8
138, 214, 255, 255: 30
45, 40, 216, 255: 5
44, 43, 50, 255: 1
22, 43, 94, 255: 1
231, 112, 177, 255: 23
174, 207, 218, 255: 7
139, 45, 253, 255: 5
155, 246, 17, 255: 1
248, 63, 176, 255: 1
255, 238, 255, 255: 28
234, 196, 100, 255: 13
84, 153, 24, 255: 22
141, 135, 22, 255: 1
143, 20, 153, 255: 4
219, 42, 67, 255: 27
219, 222, 55, 255: 1
160, 39, 129, 255: 18
43, 107, 255, 255: 7
82, 0, 255, 255: 17
36, 205, 48, 255: 9
170, 110, 82, 255: 1
146, 166, 84, 255: 4
186, 220, 10, 255: 4
37, 102, 61, 255: 12
166, 167, 126, 255: 17
136, 69, 5, 255: 4
29, 176, 37, 255: 4
243, 204, 47, 255: 1
191, 247, 122, 255: 6
116, 16, 121, 255: 1
15, 13, 241, 255: 1
51, 126, 106, 255: 6
138, 36, 213, 255: 7
124, 165, 17, 255: 1
188, 244, 119, 255: 3
181, 167, 65, 255: 1
229, 255, 241, 255: 1
184, 255, 128, 255: 1
79, 239, 86, 255: 1
60, 24, 104, 255: 1
44, 150, 255, 255: 14
95, 73, 131, 255: 1
177, 87, 233, 255: 23
31, 71, 42, 255: 24
176, 103, 223, 255: 1
164, 214, 48, 255: 1
240, 197, 15, 255: 8
53, 42, 111, 255: 1
131, 95, 52, 255: 1
244, 176, 6, 255: 61
89, 111, 11, 255: 4
192, 129, 105, 255: 2
130, 17, 203, 255: 2
242, 203, 72, 255: 2
44, 81, 148, 255: 1
131, 196, 129, 255: 18
236, 112, 211, 255: 1
156, 245, 174, 255: 10
217, 82, 70, 255: 1
37, 212, 124, 255: 12
137, 18, 237, 255: 1
34, 38, 78, 255: 5
236, 223, 115, 255: 10
190, 76, 114, 255: 6
249, 72, 96, 255: 1
36, 215, 141, 255: 20
87, 134, 22, 255: 56
24, 234, 41, 255: 11
140, 83, 66, 255: 4
77, 177, 38, 255: 7
133, 255, 49, 255: 1
142, 230, 199, 255: 18
30, 67, 160, 255: 3
228, 134, 188, 255: 1
22, 95, 83, 255: 3
180, 19, 51, 255: 5
255, 113, 182, 255: 2
131, 8, 248, 255: 3
224, 100, 97, 255: 2
0, 236, 33, 255: 2
235, 92, 205, 255: 5
120, 180, 172, 255: 1
139, 3, 110, 255: 29
222, 241, 127, 255: 2
137, 196, 163, 255: 3
127, 190, 60, 255: 1
63, 40, 254, 255: 2
0, 246, 52, 255: 18
129, 241, 180, 255: 1
35, 112, 216, 255: 2
233, 114, 179, 255: 26
192, 17, 69, 255: 8
229, 185, 87, 255: 1
95, 142, 30, 255: 1
0, 131, 204, 255: 1
6, 111, 128, 255: 4
124, 139, 70, 255: 1
182, 61, 150, 255: 7
84, 110, 91, 255: 3
185, 205, 83, 255: 86
148, 255, 160, 255: 1
220, 0, 219, 255: 10
232, 239, 12, 255: 1
33, 172, 122, 255: 8
190, 27, 71, 255: 1
124, 107, 174, 255: 1
5, 198, 185, 255: 2
0, 139, 243, 255: 8
115, 196, 54, 255: 12
113, 195, 207, 255: 1208
244, 167, 86, 255: 16
229, 140, 134, 255: 7
167, 76, 223, 255: 1
170, 91, 246, 255: 1
255, 71, 165, 255: 1
114, 242, 4, 255: 55
206, 65, 25, 255: 1
145, 166, 37, 255: 3
21, 66, 198, 255: 1
58, 182, 253, 255: 1
96, 241, 120, 255: 9
34, 220, 140, 255: 5
44, 216, 65, 255: 1
42, 255, 194, 255: 1
236, 84, 250, 255: 19
0, 122, 84, 255: 619
36, 62, 120, 255: 3
191, 125, 131, 255: 3
232, 161, 12, 255: 1
87, 12, 170, 255: 1
153, 63, 249, 255: 5
249, 101, 127, 255: 39
0, 65, 246, 255: 1
165, 231, 14, 255: 1
21, 91, 211, 255: 1
200, 191, 30, 255: 10
140, 173, 225, 255: 14
187, 119, 27, 255: 64
198, 57, 17, 255: 1
8, 122, 49, 255: 7
30, 144, 172, 255: 1
0, 238, 1, 255: 957
0, 48, 207, 255: 2
181, 157, 229, 255: 2
169, 112, 55, 255: 1
190, 244, 21, 255: 1
54, 145, 203, 255: 1
34, 234, 32, 255: 15
20, 101, 0, 255: 2
139, 63, 53, 255: 21
196, 233, 224, 255: 4
232, 206, 182, 255: 5
41, 154, 128, 255: 1
19, 31, 135, 255: 3
249, 76, 216, 255: 16
25, 128, 45, 255: 20
238, 152, 245, 255: 19
240, 200, 116, 255: 19
108, 236, 38, 255: 2
152, 188, 185, 255: 30
60, 162, 87, 255: 300
0, 91, 167, 255: 1
249, 51, 203, 255: 39
83, 152, 58, 255: 1
26, 184, 19, 255: 10
108, 192, 46, 255: 14
75, 28, 124, 255: 1
235, 216, 40, 255: 13
183, 89, 184, 255: 1
126, 21, 118, 255: 3
185, 32, 196, 255: 1
0, 169, 138, 255: 2190
138, 134, 119, 255: 6
233, 160, 130, 255: 8
29, 255, 25, 255: 1
35, 14, 66, 255: 40
79, 158, 38, 255: 1
29, 41, 248, 255: 1
78, 115, 250, 255: 13
76, 8, 60, 255: 52
0, 247, 211, 255: 2
243, 64, 25, 255: 22
0, 108, 94, 255: 14
84, 150, 178, 255: 44
156, 43, 44, 255: 60
44, 88, 140, 255: 4
141, 207, 21, 255: 6
56, 188, 42, 255: 1
197, 72, 212, 255: 1
138, 204, 53, 255: 1
88, 235, 102, 255: 25
37, 249, 74, 255: 7
33, 62, 126, 255: 1
244, 226, 11, 255: 1
1, 54, 138, 255: 1
153, 5, 150, 255: 9
195, 126, 107, 255: 1
98, 91, 19, 255: 2
71, 204, 82, 255: 2
236, 38, 80, 255: 21
183, 255, 82, 255: 1
139, 50, 70, 255: 1
199, 77, 204, 255: 1
0, 249, 145, 255: 14
195, 108, 95, 255: 1
181, 91, 237, 255: 30
134, 233, 100, 255: 31
86, 49, 48, 255: 1
37, 73, 111, 255: 1
131, 114, 181, 255: 8
121, 203, 213, 255: 4
0, 102, 88, 255: 1
237, 160, 79, 255: 10
49, 79, 151, 255: 20
29, 195, 94, 255: 2
166, 125, 121, 255: 1
10, 8, 236, 255: 2
173, 39, 20, 255: 9
90, 227, 222, 255: 2
140, 194, 0, 255: 29
205, 62, 26, 255: 7
236, 57, 239, 255: 32
181, 228, 193, 255: 2
233, 255, 198, 255: 3
212, 231, 117, 255: 1
77, 55, 11, 255: 5
165, 201, 157, 255: 2
87, 167, 73, 255: 1
243, 203, 119, 255: 43
227, 56, 149, 255: 2
52, 153, 118, 255: 2
210, 247, 207, 255: 1
177, 114, 23, 255: 1
33, 24, 1, 255: 13
227, 218, 16, 255: 3
170, 33, 172, 255: 1
191, 255, 195, 255: 7
240, 167, 137, 255: 2
189, 173, 191, 255: 1
89, 126, 14, 255: 1
45, 3, 10, 255: 1
87, 113, 94, 255: 14
34, 82, 184, 255: 8
104, 212, 94, 255: 6
62, 76, 133, 255: 1
199, 44, 255, 255: 3
0, 129, 99, 255: 2
221, 234, 76, 255: 1
39, 114, 255, 255: 1
228, 139, 31, 255: 2
24, 232, 232, 255: 1
238, 151, 61, 255: 7
35, 65, 137, 255: 6
76, 49, 38, 255: 1
214, 221, 252, 255: 2
187, 236, 116, 255: 11
160, 207, 70, 255: 23
36, 238, 16, 255: 2
95, 228, 99, 255: 25
81, 166, 12, 255: 16
41, 213, 27, 255: 1
0, 207, 238, 255: 2
12, 134, 228, 255: 32
139, 12, 29, 255: 30
11, 78, 101, 255: 6
28, 45, 90, 255: 1
87, 242, 255, 255: 1
42, 151, 111, 255: 1
184, 233, 113, 255: 3
0, 217, 60, 255: 50
135, 160, 147, 255: 1
228, 12, 197, 255: 33
40, 244, 158, 255: 33
92, 55, 207, 255: 10
184, 96, 84, 255: 10516
48, 10, 31, 255: 11
0, 26, 210, 255: 3
148, 224, 12, 255: 1
241, 35, 20, 255: 2
84, 123, 65, 255: 52
255, 74, 47, 255: 18
183, 156, 28, 255: 52
34, 143, 10, 255: 1
78, 83, 126, 255: 19
40, 15, 169, 255: 9
235, 161, 170, 255: 10
235, 196, 65, 255: 16
170, 201, 114, 255: 1
128, 59, 153, 255: 6
226, 120, 37, 255: 1
99, 86, 99, 255: 1
11, 160, 85, 255: 132
26, 3, 212, 255: 8
71, 226, 122, 255: 4
237, 144, 233, 255: 8
86, 59, 48, 255: 11
17, 203, 125, 255: 20
84, 143, 177, 255: 11
26, 62, 100, 255: 1
152, 221, 15, 255: 7
92, 212, 129, 255: 1
126, 63, 225, 255: 1
105, 79, 86, 255: 3
88, 14, 253, 255: 10
140, 232, 255, 255: 3
239, 206, 255, 255: 7
38, 115, 220, 255: 1
14, 34, 50, 255: 1
139, 143, 39, 255: 3
90, 30, 139, 255: 6
200, 96, 108, 255: 9
132, 30, 35, 255: 11
74, 179, 73, 255: 1
185, 79, 182, 255: 13
71, 93, 213, 255: 3
0, 16, 53, 255: 1
129, 166, 115, 255: 23
80, 255, 128, 255: 1
70, 213, 101, 255: 2
154, 190, 187, 255: 14
179, 116, 246, 255: 9
41, 216, 164, 255: 13
94, 172, 244, 255: 1
0, 17, 123, 255: 69
128, 128, 16, 255: 10
131, 70, 39, 255: 22
247, 52, 47, 255: 2
91, 2, 182, 255: 96
204, 247, 59, 255: 5
136, 44, 212, 255: 5
7, 154, 236, 255: 4
161, 178, 215, 255: 2
43, 169, 122, 255: 93
74, 224, 61, 255: 1
149, 65, 247, 255: 1
96, 112, 83, 255: 5
136, 50, 133, 255: 3
204, 47, 248, 255: 1
135, 16, 200, 255: 37
0, 229, 81, 255: 1115
72, 130, 248, 255: 1
140, 30, 40, 255: 42
0, 206, 104, 255: 3
122, 71, 203, 255: 2
27, 125, 137, 255: 2
145, 255, 33, 255: 1
161, 128, 188, 255: 39
90, 64, 71, 255: 4
233, 54, 15, 255: 8
0, 168, 47, 255: 1
0, 152, 112, 255: 37
0, 163, 107, 255: 8
224, 78, 92, 255: 1
166, 249, 109, 255: 7
181, 3, 178, 255: 37
195, 124, 189, 255: 1
23, 82, 193, 255: 5
247, 154, 251, 255: 4
82, 157, 132, 255: 4
142, 195, 166, 255: 20
94, 147, 214, 255: 6
216, 223, 254, 255: 1
79, 116, 215, 255: 2
93, 187, 82, 255: 4
241, 85, 200, 255: 22
28, 95, 117, 255: 36
209, 66, 30, 255: 1
210, 86, 84, 255: 1474
0, 113, 31, 255: 16
0, 195, 186, 255: 2
113, 238, 158, 255: 26
38, 176, 138, 255: 3
53, 174, 59, 255: 1
141, 154, 252, 255: 3
13, 64, 9, 255: 30
243, 139, 255, 255: 1
9, 53, 186, 255: 1
133, 8, 123, 255: 2
196, 229, 134, 255: 2
53, 33, 231, 255: 1
0, 160, 184, 255: 3
98, 221, 82, 255: 12
36, 60, 192, 255: 2
250, 174, 195, 255: 8
89, 173, 195, 255: 2
36, 225, 151, 255: 1
39, 140, 105, 255: 4
89, 189, 14, 255: 1
90, 96, 20, 255: 4
83, 240, 255, 255: 16
30, 64, 187, 255: 25
138, 66, 0, 255: 1
133, 100, 89, 255: 1
123, 240, 146, 255: 1
90, 229, 185, 255: 4
43, 59, 24, 255: 2
162, 138, 108, 255: 39
1, 156, 149, 255: 2
0, 102, 247, 255: 1
188, 95, 14, 255: 9
23, 22, 147, 255: 1
37, 239, 238, 255: 1
34, 85, 64, 255: 3
84, 231, 235, 255: 5
0, 118, 204, 255: 195
179, 11, 93, 255: 1
143, 157, 136, 255: 9
92, 17, 175, 255: 1
179, 158, 133, 255: 6
5, 47, 82, 255: 258
37, 40, 25, 255: 23
138, 234, 198, 255: 1
42, 121, 187, 255: 6
35, 67, 91, 255: 16
44, 47, 135, 255: 8
48, 59, 211, 255: 9
116, 139, 109, 255: 2
0, 18, 124, 255: 36
164, 219, 250, 255: 6
0, 251, 63, 255: 1
50, 12, 33, 255: 6
43, 15, 72, 255: 2
234, 138, 1, 255: 3
85, 246, 101, 255: 1
0, 240, 234, 255: 1
155, 86, 251, 255: 1
185, 255, 145, 255: 1
31, 243, 68, 255: 2
83, 255, 95, 255: 2
245, 255, 41, 255: 2
180, 38, 246, 255: 4
0, 24, 41, 255: 43
80, 199, 235, 255: 8
229, 33, 137, 255: 34
51, 20, 169, 255: 1
132, 136, 221, 255: 17
177, 16, 48, 255: 2
32, 232, 65, 255: 8
73, 208, 185, 255: 6
142, 73, 167, 255: 21
92, 116, 254, 255: 3
137, 32, 239, 255: 1
122, 199, 48, 255: 1
168, 11, 206, 255: 28
90, 32, 93, 255: 8
184, 229, 95, 255: 12
6, 155, 80, 255: 3
113, 230, 239, 255: 1
81, 255, 2, 255: 2
100, 38, 48, 255: 20
27, 35, 89, 255: 1
238, 71, 178, 255: 5
179, 136, 32, 255: 1
142, 255, 122, 255: 4
8, 111, 131, 255: 1
188, 96, 33, 255: 4
0, 254, 60, 255: 225
78, 10, 62, 255: 29
92, 182, 246, 255: 1
193, 186, 12, 255: 8
227, 194, 131, 255: 1
143, 80, 250, 255: 3
248, 92, 207, 255: 29
192, 37, 248, 255: 1
38, 59, 48, 255: 1
144, 165, 71, 255: 3
193, 238, 104, 255: 1
199, 61, 247, 255: 1
255, 40, 204, 255: 2
80, 149, 173, 255: 1
221, 105, 13, 255: 1
244, 59, 172, 255: 12
240, 13, 163, 255: 2
192, 180, 177, 255: 24
180, 214, 71, 255: 6
178, 168, 117, 255: 25
43, 7, 153, 255: 1
135, 38, 147, 255: 1
107, 109, 61, 255: 603
246, 117, 255, 255: 9
74, 187, 248, 255: 1
237, 105, 37, 255: 8
232, 226, 122, 255: 2
0, 214, 180, 255: 39
160, 177, 214, 255: 23
37, 59, 220, 255: 3
119, 145, 239, 255: 1
28, 101, 89, 255: 1
37, 245, 210, 255: 3
195, 111, 113, 255: 6
0, 50, 187, 255: 1
192, 71, 160, 255: 1
84, 28, 5, 255: 4
247, 70, 94, 255: 2
32, 88, 229, 255: 1
151, 108, 44, 255: 7
245, 255, 66, 255: 1
151, 255, 208, 255: 1
5, 64, 176, 255: 53
249, 231, 165, 255: 2
164, 140, 110, 255: 56
178, 55, 148, 255: 4
115, 29, 11, 255: 21
26, 195, 65, 255: 1
196, 181, 198, 255: 3
239, 27, 53, 255: 20
6, 221, 98, 255: 22
76, 27, 254, 255: 28
87, 170, 174, 255: 2
127, 164, 10, 255: 1
135, 68, 106, 255: 1
184, 146, 111, 255: 1
35, 127, 137, 255: 3
184, 116, 24, 255: 56
29, 206, 216, 255: 2
255, 152, 86, 255: 2
0, 20, 169, 255: 1
137, 52, 204, 255: 2
128, 227, 94, 255: 2
89, 209, 126, 255: 4
218, 30, 47, 255: 1
252, 132, 245, 255: 19
21, 96, 182, 255: 4
40, 53, 48, 255: 5
136, 66, 125, 255: 21
240, 26, 245, 255: 8
132, 142, 4, 255: 70
32, 17, 173, 255: 10
92, 5, 27, 255: 31
79, 135, 189, 255: 3
142, 103, 7, 255: 37
198, 86, 223, 255: 4
110, 131, 3, 255: 89
75, 139, 69, 255: 3
132, 224, 244, 255: 38
29, 255, 197, 255: 1
189, 83, 33, 255: 3
251, 186, 216, 255: 4
225, 203, 150, 255: 2
34, 24, 239, 255: 1
197, 114, 218, 255: 23
179, 98, 154, 255: 12
172, 148, 118, 255: 1
123, 70, 242, 255: 1
222, 172, 32, 255: 1
232, 191, 253, 255: 8
234, 35, 41, 255: 8
184, 158, 64, 255: 4
182, 62, 252, 255: 3
208, 172, 26, 255: 1
0, 119, 12, 255: 2
191, 123, 31, 255: 28
93, 91, 104, 255: 3
76, 51, 201, 255: 2
243, 142, 175, 255: 7
40, 255, 44, 255: 1
124, 203, 115, 255: 5
103, 107, 43, 255: 1
243, 20, 184, 255: 1
128, 218, 139, 255: 63
40, 242, 138, 255: 2
50, 118, 30, 255: 1
230, 18, 147, 255: 1
96, 249, 193, 255: 3
191, 52, 67, 255: 16
35, 88, 50, 255: 1
46, 101, 161, 255: 24
76, 115, 92, 255: 2
143, 176, 74, 255: 3
82, 129, 255, 255: 1
179, 61, 120, 255: 11
132, 83, 233, 255: 1
153, 79, 87, 255: 1
141, 229, 198, 255: 9
88, 26, 190, 255: 1
201, 36, 165, 255: 1
235, 1, 9, 255: 1
35, 207, 56, 255: 19
145, 227, 119, 255: 4
248, 255, 89, 255: 4
0, 33, 58, 255: 129
203, 144, 134, 255: 1
238, 247, 158, 255: 31
134, 197, 67, 255: 3
81, 187, 124, 255: 1
131, 42, 180, 255: 21
97, 105, 165, 255: 9
74, 14, 233, 255: 10
112, 221, 63, 255: 36
237, 43, 246, 255: 28
75, 34, 172, 255: 13
43, 252, 107, 255: 2
174, 68, 135, 255: 18
149, 42, 151, 255: 18
251, 2, 181, 255: 13
233, 174, 98, 255: 1
141, 41, 180, 255: 1
34, 100, 67, 255: 1
108, 225, 234, 255: 30
54, 43, 9, 255: 1
33, 29, 158, 255: 15
195, 230, 131, 255: 3
186, 255, 203, 255: 1
44, 16, 73, 255: 1
244, 191, 81, 255: 2
89, 142, 209, 255: 1
225, 222, 88, 255: 4
192, 170, 84, 255: 1
188, 250, 229, 255: 3
0, 44, 181, 255: 2
65, 112, 118, 255: 1
197, 193, 255, 255: 1
32, 1, 79, 255: 48
234, 149, 149, 255: 1
147, 47, 150, 255: 1
131, 55, 45, 255: 43
153, 112, 108, 255: 10
91, 255, 171, 255: 1
22, 161, 75, 255: 4
35, 153, 195, 255: 5
41, 156, 254, 255: 1
0, 20, 100, 255: 21
140, 164, 133, 255: 7
236, 65, 193, 255: 24
38, 202, 140, 255: 27
231, 44, 59, 255: 63
193, 70, 255, 255: 3
182, 128, 204, 255: 1
183, 212, 173, 255: 1
80, 28, 158, 255: 7
70, 70, 147, 255: 2
105, 38, 195, 255: 1117
90, 217, 165, 255: 29
0, 26, 86, 255: 1
113, 136, 106, 255: 2
131, 108, 71, 255: 11
188, 212, 95, 255: 4
26, 36, 78, 255: 5
36, 175, 125, 255: 1
181, 245, 185, 255: 20
222, 153, 68, 255: 1
133, 183, 56, 255: 4
0, 24, 173, 255: 27
133, 97, 90, 255: 2
38, 196, 31, 255: 27
192, 217, 210, 255: 1
189, 67, 194, 255: 14
0, 254, 159, 255: 15
86, 255, 154, 255: 1
98, 102, 192, 255: 6
128, 143, 74, 255: 2
33, 178, 161, 255: 4
140, 205, 255, 255: 2
143, 252, 129, 255: 12
73, 10, 2, 255: 1
107, 153, 13, 255: 3
77, 181, 203, 255: 1
136, 60, 50, 255: 62
246, 130, 140, 255: 1
0, 185, 5, 255: 1
69, 171, 95, 255: 1
24, 207, 183, 255: 7
195, 180, 197, 255: 2
26, 22, 151, 255: 7
80, 190, 60, 255: 2
181, 100, 191, 255: 14
241, 191, 25, 255: 5
243, 109, 234, 255: 5
26, 3, 145, 255: 2
145, 32, 72, 255: 1
5, 135, 140, 255: 914
242, 250, 125, 255: 20
130, 88, 233, 255: 24
0, 80, 78, 255: 50
0, 12, 250, 255: 49
89, 17, 98, 255: 2
53, 218, 11, 255: 1
35, 158, 132, 255: 1
194, 155, 65, 255: 99
132, 176, 228, 255: 3
189, 109, 55, 255: 2
106, 182, 125, 255: 2
234, 11, 64, 255: 9
136, 89, 81, 255: 7
198, 142, 231, 255: 16
208, 125, 189, 255: 1
82, 255, 58, 255: 1
116, 189, 34, 255: 4
146, 203, 107, 255: 3
79, 74, 143, 255: 2
39, 160, 70, 255: 1
173, 220, 186, 255: 1
122, 157, 161, 255: 5
92, 166, 105, 255: 3
86, 255, 107, 255: 3
208, 191, 79, 255: 118
106, 198, 219, 255: 9
137, 255, 200, 255: 12
25, 200, 112, 255: 2
88, 234, 66, 255: 26
237, 135, 150, 255: 5
9, 62, 105, 255: 1
187, 226, 24, 255: 17
155, 155, 115, 255: 17
0, 27, 231, 255: 1
171, 229, 229, 255: 2
79, 246, 170, 255: 1
93, 169, 24, 255: 2
252, 91, 240, 255: 15
48, 98, 89, 255: 9
187, 232, 98, 255: 10
121, 175, 99, 255: 6
187, 241, 53, 255: 9
82, 95, 224, 255: 1
226, 17, 49, 255: 4
43, 10, 100, 255: 35
33, 59, 255, 255: 11
235, 97, 243, 255: 1
248, 69, 133, 255: 1
146, 212, 26, 255: 7
118, 2, 54, 255: 1
199, 144, 78, 255: 5
247, 115, 83, 255: 2
93, 242, 172, 255: 3
0, 179, 113, 255: 1
42, 20, 119, 255: 7
29, 118, 158, 255: 1
96, 224, 26, 255: 2
148, 181, 233, 255: 3
247, 60, 110, 255: 2
0, 109, 228, 255: 15
178, 123, 164, 255: 18
0, 144, 125, 255: 1
42, 252, 162, 255: 1
248, 128, 241, 255: 94
86, 93, 154, 255: 10
91, 115, 78, 255: 5
23, 4, 155, 255: 1
64, 242, 129, 255: 11
213, 144, 59, 255: 2
0, 74, 162, 255: 63
237, 124, 166, 255: 2
81, 111, 142, 255: 114
34, 25, 85, 255: 57
35, 197, 46, 255: 2
74, 124, 75, 255: 5
94, 10, 122, 255: 3
53, 154, 119, 255: 1
81, 48, 133, 255: 16
33, 141, 127, 255: 2
128, 183, 142, 255: 2
105, 162, 71, 255: 5
3, 150, 232, 255: 3
141, 85, 251, 255: 11
92, 145, 212, 255: 2
29, 163, 8, 255: 2
139, 176, 125, 255: 29
182, 101, 157, 255: 12
225, 172, 62, 255: 1
178, 223, 89, 255: 1
131, 108, 173, 255: 12
82, 51, 199, 255: 69
85, 255, 189, 255: 1
243, 207, 174, 255: 6
238, 196, 197, 255: 3
145, 219, 81, 255: 4
249, 85, 136, 255: 3
190, 227, 182, 255: 15
188, 104, 190, 255: 25
85, 30, 35, 255: 1
137, 123, 98, 255: 7
29, 41, 145, 255: 17
38, 255, 251, 255: 1
228, 178, 74, 255: 4
0, 203, 101, 255: 3
88, 7, 98, 255: 21
197, 183, 81, 255: 8
194, 118, 150, 255: 1
91, 53, 69, 255: 4
37, 231, 216, 255: 2
189, 48, 137, 255: 1
41, 208, 125, 255: 36
59, 86, 20, 255: 2
148, 54, 6, 255: 1
82, 24, 85, 255: 138
142, 176, 155, 255: 3
0, 31, 56, 255: 1131
0, 201, 35, 255: 17
237, 11, 186, 255: 1
58, 124, 153, 255: 1
255, 225, 151, 255: 18
244, 118, 154, 255: 1
197, 29, 5, 255: 22
113, 203, 126, 255: 21
133, 252, 176, 255: 6
236, 222, 207, 255: 4
233, 213, 156, 255: 1
0, 179, 247, 255: 2
89, 27, 37, 255: 15
0, 102, 187, 255: 1
38, 109, 8, 255: 1
78, 125, 234, 255: 27
0, 150, 165, 255: 97
83, 99, 151, 255: 6
244, 140, 229, 255: 3
29, 121, 167, 255: 1
223, 11, 37, 255: 1
247, 203, 141, 255: 7
48, 4, 85, 255: 5
0, 123, 51, 255: 3
125, 119, 159, 255: 19
189, 255, 132, 255: 1
127, 55, 51, 255: 3
51, 134, 25, 255: 2
31, 156, 91, 255: 1
214, 18, 124, 255: 97
193, 58, 189, 255: 2
93, 164, 206, 255: 39
241, 130, 106, 255: 1
107, 37, 97, 255: 38
26, 77, 21, 255: 31
81, 50, 198, 255: 46
78, 35, 110, 255: 1
247, 209, 216, 255: 1
84, 227, 217, 255: 6
141, 129, 238, 255: 2
88, 110, 230, 255: 16
221, 36, 150, 255: 23
89, 44, 132, 255: 4
0, 36, 219, 255: 1
34, 15, 238, 255: 6
193, 171, 85, 255: 2
235, 253, 210, 255: 2
31, 203, 16, 255: 6
103, 186, 80, 255: 1
95, 226, 152, 255: 4
21, 176, 168, 255: 1
0, 199, 33, 255: 19
138, 119, 198, 255: 27
35, 44, 255, 255: 2
47, 33, 197, 255: 2
32, 241, 224, 255: 1
58, 179, 23, 255: 49
204, 8, 153, 255: 6
240, 239, 101, 255: 1
0, 169, 69, 255: 3
146, 185, 49, 255: 2
0, 138, 11, 255: 1131
132, 175, 126, 255: 2
77, 229, 129, 255: 2
232, 146, 111, 255: 2
86, 84, 97, 255: 3
19, 116, 68, 255: 1
134, 10, 33, 255: 5
146, 15, 237, 255: 7
140, 62, 245, 255: 9
174, 205, 154, 255: 1
196, 212, 193, 255: 1
26, 242, 118, 255: 43
44, 115, 151, 255: 6
150, 230, 32, 255: 21
90, 113, 114, 255: 2
170, 185, 20, 255: 2
205, 105, 131, 255: 5
0, 239, 168, 255: 1
138, 179, 5, 255: 4
192, 94, 108, 255: 9
92, 1, 9, 255: 9
20, 33, 173, 255: 1
129, 60, 154, 255: 4
28, 98, 218, 255: 20
152, 215, 196, 255: 1
9, 120, 205, 255: 184
33, 29, 193, 255: 16
91, 230, 67, 255: 7
101, 88, 203, 255: 1
38, 82, 134, 255: 8
240, 142, 43, 255: 1
33, 196, 253, 255: 2
176, 196, 74, 255: 2
243, 180, 198, 255: 29
244, 129, 174, 255: 1
223, 250, 199, 255: 1
232, 12, 230, 255: 1
90, 129, 209, 255: 1
173, 198, 145, 255: 1
236, 29, 124, 255: 15
59, 3, 164, 255: 19
181, 5, 23, 255: 78
87, 91, 173, 255: 15
136, 193, 62, 255: 40
205, 254, 134, 255: 1
237, 163, 136, 255: 3
131, 72, 175, 255: 3
250, 67, 198, 255: 4
8, 149, 163, 255: 9
39, 65, 20, 255: 2
194, 255, 242, 255: 1
94, 144, 131, 255: 1
99, 10, 190, 255: 1
77, 215, 172, 255: 1
176, 37, 52, 255: 1
190, 31, 162, 255: 28
0, 100, 241, 255: 5
99, 166, 84, 255: 2
239, 4, 243, 255: 2
82, 192, 62, 255: 1
94, 90, 142, 255: 2
220, 162, 111, 255: 1
79, 235, 149, 255: 1
85, 122, 111, 255: 1
32, 39, 75, 255: 7
0, 239, 100, 255: 6
75, 227, 60, 255: 1
82, 113, 179, 255: 5
240, 178, 76, 255: 3
183, 140, 225, 255: 1
241, 254, 70, 255: 1
243, 219, 111, 255: 5
129, 101, 123, 255: 2
194, 99, 57, 255: 1
194, 74, 8, 255: 4
81, 178, 196, 255: 9
208, 188, 234, 255: 4
234, 122, 44, 255: 1
171, 111, 83, 255: 1
0, 2, 129, 255: 2
145, 168, 57, 255: 5
0, 44, 113, 255: 19
133, 234, 164, 255: 66
76, 213, 134, 255: 11
89, 5, 253, 255: 1
153, 32, 8, 255: 1
246, 239, 55, 255: 3
154, 102, 128, 255: 6
157, 196, 34, 255: 5
28, 200, 167, 255: 14
100, 98, 76, 255: 1
35, 131, 155, 255: 5
0, 34, 217, 255: 2
141, 96, 14, 255: 3
164, 189, 34, 255: 24
143, 66, 104, 255: 1
167, 96, 59, 255: 1
0, 138, 19, 255: 59
194, 245, 215, 255: 1
137, 186, 179, 255: 1
167, 149, 187, 255: 2
249, 88, 237, 255: 6
233, 87, 204, 255: 1
0, 16, 131, 255: 861
180, 49, 128, 255: 15
60, 79, 102, 255: 2
201, 71, 168, 255: 3
234, 133, 55, 255: 4
182, 70, 69, 255: 15
72, 6, 156, 255: 5
162, 181, 60, 255: 34
133, 70, 232, 255: 2
133, 255, 176, 255: 2
179, 78, 214, 255: 1
208, 92, 143, 255: 1
89, 208, 244, 255: 15
224, 166, 115, 255: 1
238, 10, 96, 255: 2
187, 182, 72, 255: 12
143, 88, 16, 255: 7
178, 203, 150, 255: 4
236, 181, 8, 255: 3
183, 11, 126, 255: 8
53, 83, 116, 255: 32
231, 90, 9, 255: 7
132, 154, 197, 255: 2
202, 9, 252, 255: 1
0, 135, 42, 255: 5
248, 160, 190, 255: 1
237, 229, 255, 255: 1032
53, 58, 102, 255: 27
61, 105, 245, 255: 1
245, 98, 51, 255: 1
135, 222, 45, 255: 4
94, 108, 164, 255: 2
130, 245, 52, 255: 3
134, 187, 158, 255: 1
82, 168, 116, 255: 7
99, 254, 32, 255: 1
33, 12, 99, 255: 20
117, 11, 73, 255: 1
29, 58, 19, 255: 10
91, 109, 42, 255: 1
36, 48, 188, 255: 3
11, 119, 106, 255: 2
197, 93, 141, 255: 2
128, 253, 172, 255: 15
137, 241, 13, 255: 7
81, 199, 98, 255: 1
30, 196, 95, 255: 2
254, 249, 163, 255: 8
234, 0, 44, 255: 7
137, 88, 238, 255: 7
0, 200, 63, 255: 1
200, 130, 85, 255: 3
228, 208, 151, 255: 1
128, 0, 171, 255: 1
0, 99, 240, 255: 1
248, 241, 210, 255: 4
0, 64, 142, 255: 2616
8, 207, 6, 255: 260
91, 253, 163, 255: 3
90, 66, 26, 255: 3
126, 130, 179, 255: 5
32, 23, 0, 255: 7
79, 83, 165, 255: 1
129, 209, 157, 255: 10
232, 151, 210, 255: 3
191, 162, 72, 255: 2
61, 148, 94, 255: 1
36, 13, 2, 255: 22
59, 20, 2, 255: 1109
234, 38, 142, 255: 143
0, 179, 182, 255: 42
86, 1, 77, 255: 3
21, 139, 71, 255: 2
235, 243, 118, 255: 51
139, 163, 132, 255: 10
117, 66, 46, 255: 1
88, 51, 203, 255: 7
188, 200, 167, 255: 58
243, 224, 48, 255: 19
255, 52, 136, 255: 2
201, 154, 255, 255: 3
218, 121, 206, 255: 121
9, 194, 14, 255: 1
199, 154, 98, 255: 5
241, 97, 21, 255: 5
126, 161, 165, 255: 6
177, 104, 71, 255: 2
190, 6, 113, 255: 22
60, 205, 192, 255: 3
0, 226, 9, 255: 1
209, 129, 75, 255: 2
144, 93, 72, 255: 1
186, 218, 12, 255: 1
215, 109, 27, 255: 149
100, 135, 26, 255: 4
188, 254, 138, 255: 2
113, 64, 142, 255: 24
194, 153, 147, 255: 7
92, 125, 100, 255: 1
17, 48, 73, 255: 2
183, 19, 45, 255: 26
184, 178, 141, 255: 1
147, 150, 247, 255: 1
208, 169, 79, 255: 1
19, 80, 34, 255: 1
203, 51, 105, 255: 9
192, 255, 74, 255: 1
0, 6, 9, 255: 2
168, 122, 73, 255: 1
94, 53, 227, 255: 2
135, 60, 85, 255: 19
110, 15, 87, 255: 1362
193, 142, 127, 255: 9
189, 18, 151, 255: 5
141, 203, 176, 255: 5
232, 81, 129, 255: 2
135, 94, 155, 255: 3
0, 146, 130, 255: 1
28, 173, 156, 255: 10
38, 78, 49, 255: 14
129, 81, 158, 255: 6
73, 7, 157, 255: 17
233, 66, 173, 255: 1
89, 67, 125, 255: 25
178, 68, 38, 255: 4
30, 56, 114, 255: 4
136, 55, 255, 255: 2
214, 56, 155, 255: 1
98, 177, 130, 255: 13
150, 246, 126, 255: 87
143, 227, 182, 255: 3
0, 217, 184, 255: 1
134, 48, 167, 255: 1
237, 23, 242, 255: 15
78, 240, 150, 255: 4
245, 41, 14, 255: 2
124, 126, 77, 255: 21
136, 255, 49, 255: 1
25, 180, 208, 255: 1
189, 135, 57, 255: 19
234, 112, 207, 255: 7
37, 7, 195, 255: 1
92, 137, 37, 255: 15
189, 58, 19, 255: 10
1, 200, 142, 255: 1
52, 223, 238, 255: 2
133, 174, 220, 255: 27
196, 151, 248, 255: 9
37, 214, 224, 255: 11
41, 255, 255, 255: 2
146, 167, 38, 255: 2
244, 34, 5, 255: 5
241, 255, 234, 255: 5
4, 247, 211, 255: 1
28, 246, 220, 255: 69
193, 255, 203, 255: 21
8, 202, 35, 255: 4
233, 158, 65, 255: 3
77, 202, 15, 255: 6
144, 30, 27, 255: 1
176, 61, 218, 255: 12
87, 212, 61, 255: 8
196, 11, 165, 255: 4
134, 95, 255, 255: 2
189, 130, 204, 255: 31
232, 48, 77, 255: 2
15, 139, 178, 255: 1
41, 214, 71, 255: 2
79, 36, 111, 255: 8
134, 21, 207, 255: 5
138, 96, 241, 255: 19
54, 59, 245, 255: 2
194, 68, 98, 255: 3
36, 43, 217, 255: 8
51, 197, 70, 255: 13
128, 204, 146, 255: 3
187, 100, 123, 255: 13
96, 173, 211, 255: 3
186, 165, 233, 255: 1
250, 77, 218, 255: 17
0, 149, 164, 255: 77
13, 248, 45, 255: 4
185, 227, 251, 255: 1
212, 239, 189, 255: 3
94, 119, 183, 255: 1
131, 30, 32, 255: 3
204, 151, 184, 255: 9
191, 1, 141, 255: 2
0, 111, 64, 255: 1159
234, 255, 186, 255: 1
118, 210, 231, 255: 2
40, 68, 41, 255: 61
96, 122, 0, 255: 1
81, 145, 75, 255: 5
241, 93, 119, 255: 20
240, 44, 148, 255: 31
77, 34, 74, 255: 1
0, 144, 124, 255: 3
177, 10, 194, 255: 19
38, 57, 120, 255: 78
88, 180, 130, 255: 4
75, 130, 83, 255: 1
192, 155, 154, 255: 1
194, 27, 93, 255: 1
199, 174, 63, 255: 1
222, 203, 95, 255: 1
141, 26, 224, 255: 24
89, 79, 164, 255: 1
39, 11, 68, 255: 5
0, 67, 214, 255: 7
144, 5, 49, 255: 4
0, 165, 36, 255: 3
34, 83, 101, 255: 1
176, 246, 254, 255: 24
142, 208, 22, 255: 4
226, 158, 133, 255: 1
38, 255, 248, 255: 1
162, 236, 186, 255: 1
126, 244, 32, 255: 2
0, 218, 26, 255: 1501
128, 188, 180, 255: 1
0, 27, 107, 255: 65
90, 209, 210, 255: 2
101, 23, 58, 255: 2
96, 67, 130, 255: 1
33, 43, 187, 255: 1
200, 164, 253, 255: 2
108, 129, 1, 255: 114
251, 213, 228, 255: 19
109, 52, 219, 255: 1
143, 187, 248, 255: 15
17, 59, 94, 255: 26
241, 13, 236, 255: 20
0, 8, 45, 255: 26
82, 234, 170, 255: 7
76, 12, 4, 255: 2
230, 149, 55, 255: 7
54, 101, 250, 255: 1
241, 247, 59, 255: 13
195, 43, 97, 255: 8
50, 193, 224, 255: 7
240, 213, 228, 255: 4
4, 71, 94, 255: 2
107, 232, 192, 255: 1
128, 243, 50, 255: 2
84, 255, 177, 255: 1
0, 107, 248, 255: 4
134, 32, 209, 255: 2
140, 126, 18, 255: 12
195, 73, 81, 255: 1
122, 31, 106, 255: 1
215, 250, 111, 255: 1
136, 103, 255, 255: 1
247, 118, 255, 255: 27
189, 210, 123, 255: 3
245, 251, 63, 255: 1
38, 168, 172, 255: 13
237, 85, 251, 255: 8
241, 188, 255, 255: 1
105, 92, 65, 255: 1
114, 141, 82, 255: 1
88, 18, 117, 255: 24
91, 90, 240, 255: 56
230, 235, 202, 255: 1
16, 17, 113, 255: 1
236, 22, 88, 255: 1
97, 10, 32, 255: 25
230, 53, 77, 255: 15
243, 43, 97, 255: 21
37, 36, 255, 255: 10
68, 8, 227, 255: 1
52, 38, 48, 255: 4
35, 227, 149, 255: 3
194, 63, 24, 255: 16
123, 0, 240, 255: 4
0, 228, 46, 255: 12
137, 98, 121, 255: 1
19, 12, 197, 255: 2
65, 57, 248, 255: 2
90, 76, 45, 255: 3
255, 28, 94, 255: 1
0, 226, 44, 255: 22
44, 60, 108, 255: 1
248, 75, 215, 255: 12
0, 238, 36, 255: 12
191, 239, 238, 255: 1
130, 151, 22, 255: 51
10, 187, 198, 255: 1
231, 192, 61, 255: 34
79, 136, 254, 255: 21
62, 21, 160, 255: 1
186, 162, 131, 255: 22
142, 255, 205, 255: 1
240, 206, 15, 255: 8
79, 166, 111, 255: 1
190, 63, 3, 255: 23
41, 245, 159, 255: 19
0, 194, 181, 255: 1
96, 155, 52, 255: 3
137, 110, 22, 255: 6
133, 119, 130, 255: 1
159, 247, 216, 255: 1
235, 189, 29, 255: 1
199, 171, 192, 255: 1
109, 113, 164, 255: 65
97, 239, 20, 255: 14
103, 193, 155, 255: 1
245, 229, 255, 255: 2
153, 192, 30, 255: 1
86, 136, 123, 255: 5
92, 198, 238, 255: 83
228, 215, 107, 255: 3
6, 76, 237, 255: 1
139, 168, 241, 255: 12
245, 219, 196, 255: 4
4, 249, 55, 255: 1
189, 226, 181, 255: 19
247, 250, 75, 255: 8
39, 55, 139, 255: 7
234, 238, 217, 255: 2
65, 104, 47, 255: 1
227, 62, 157, 255: 1
147, 70, 108, 255: 4
136, 255, 224, 255: 1
33, 73, 44, 255: 24
27, 207, 223, 255: 1
66, 228, 36, 255: 2
230, 4, 215, 255: 3
204, 184, 14, 255: 22
31, 113, 149, 255: 2
248, 204, 106, 255: 1
184, 50, 66, 255: 3
194, 147, 146, 255: 53
146, 160, 139, 255: 8
33, 45, 32, 255: 3
74, 14, 130, 255: 1
97, 149, 199, 255: 1
77, 152, 245, 255: 28
78, 194, 251, 255: 2
231, 2, 207, 255: 5
41, 121, 169, 255: 1
199, 111, 146, 255: 22
0, 102, 109, 255: 5
26, 218, 207, 255: 1
158, 9, 115, 255: 1
35, 117, 153, 255: 3
146, 220, 166, 255: 1
0, 37, 127, 255: 4
158, 89, 254, 255: 5
231, 140, 36, 255: 32
70, 150, 56, 255: 5
131, 6, 183, 255: 2
73, 249, 36, 255: 5
194, 168, 39, 255: 2
81, 148, 93, 255: 2
241, 101, 158, 255: 4
226, 223, 89, 255: 1
44, 223, 149, 255: 28
61, 66, 110, 255: 4
190, 254, 255, 255: 36
25, 150, 213, 255: 1
145, 10, 135, 255: 8
104, 171, 204, 255: 1
184, 47, 186, 255: 1
83, 205, 221, 255: 4
38, 150, 115, 255: 4
186, 65, 255, 255: 41
50, 75, 181, 255: 1
235, 60, 0, 255: 1
234, 38, 178, 255: 4
248, 188, 185, 255: 35
81, 230, 160, 255: 4
204, 112, 49, 255: 14
185, 75, 92, 255: 1
108, 93, 224, 255: 306
191, 104, 127, 255: 10
87, 82, 255, 255: 4
27, 89, 206, 255: 2
0, 7, 99, 255: 1
40, 216, 43, 255: 24
18, 159, 173, 255: 5
1, 106, 9, 255: 1
27, 235, 235, 255: 4
180, 217, 172, 255: 4
107, 12, 84, 255: 2736
183, 198, 68, 255: 2
128, 20, 18, 255: 5
146, 218, 211, 255: 1
81, 131, 236, 255: 1
93, 17, 48, 255: 1
137, 68, 8, 255: 1
40, 36, 165, 255: 1
0, 246, 142, 255: 45
239, 3, 59, 255: 16
30, 240, 47, 255: 57
247, 246, 211, 255: 2
26, 99, 123, 255: 2
202, 29, 247, 255: 1
227, 58, 249, 255: 5
64, 58, 93, 255: 19
253, 55, 207, 255: 22
165, 6, 102, 255: 1
146, 200, 6, 255: 6
83, 7, 30, 255: 3
1, 194, 220, 255: 1
146, 104, 28, 255: 6
22, 180, 15, 255: 4
176, 141, 204, 255: 1
247, 171, 192, 255: 4
227, 101, 35, 255: 1
93, 210, 3, 255: 20
80, 232, 65, 255: 3
31, 109, 38, 255: 2
115, 169, 94, 255: 1
193, 187, 252, 255: 1
164, 68, 146, 255: 2002
74, 19, 178, 255: 2
184, 229, 131, 255: 3
156, 140, 21, 255: 49
194, 71, 164, 255: 1
34, 209, 157, 255: 5
240, 255, 131, 255: 2
135, 247, 187, 255: 12
185, 144, 138, 255: 2
109, 245, 214, 255: 1
76, 57, 240, 255: 1
255, 65, 94, 255: 1
0, 177, 22, 255: 316
120, 50, 109, 255: 1
242, 182, 179, 255: 52
27, 75, 75, 255: 1
90, 9, 100, 255: 60
41, 122, 251, 255: 4
151, 11, 220, 255: 1
197, 7, 147, 255: 2
0, 191, 46, 255: 3
43, 223, 229, 255: 3
138, 36, 77, 255: 6
53, 180, 93, 255: 2
191, 113, 184, 255: 2
119, 64, 255, 255: 1
81, 183, 142, 255: 1
0, 157, 150, 255: 5
86, 213, 125, 255: 23
198, 16, 141, 255: 5
81, 169, 215, 255: 1
31, 211, 89, 255: 8
62, 180, 183, 255: 8
129, 61, 116, 255: 1
238, 183, 10, 255: 6
255, 198, 3, 255: 1
225, 90, 78, 255: 18
99, 161, 37, 255: 1
106, 204, 77, 255: 1
145, 82, 252, 255: 4
141, 77, 76, 255: 3
32, 236, 150, 255: 1
251, 163, 48, 255: 1
81, 197, 100, 255: 4
83, 23, 242, 255: 6
197, 203, 255, 255: 17
97, 55, 139, 255: 1
46, 133, 110, 255: 2
78, 133, 86, 255: 1
5, 171, 213, 255: 2
187, 169, 89, 255: 1
188, 107, 198, 255: 20
190, 64, 94, 255: 5
217, 249, 12, 255: 79
132, 21, 13, 255: 11
230, 136, 190, 255: 1
0, 244, 139, 255: 879
129, 254, 71, 255: 6
240, 153, 63, 255: 9
139, 217, 177, 255: 27
82, 144, 11, 255: 3
77, 132, 85, 255: 1
139, 124, 254, 255: 6
182, 56, 86, 255: 1
86, 219, 200, 255: 1
179, 106, 73, 255: 1
126, 249, 105, 255: 1
239, 17, 172, 255: 5
140, 169, 242, 255: 12
246, 102, 26, 255: 2
179, 216, 69, 255: 6
29, 83, 125, 255: 10
88, 72, 234, 255: 11
64, 188, 131, 255: 1
23, 236, 13, 255: 1
147, 252, 42, 255: 56
31, 126, 132, 255: 13
87, 206, 242, 255: 18
187, 28, 123, 255: 44
176, 125, 110, 255: 1
24, 157, 3, 255: 1
241, 234, 203, 255: 11
144, 68, 58, 255: 2
86, 255, 146, 255: 1
41, 255, 126, 255: 2
126, 230, 64, 255: 1
242, 119, 134, 255: 10
40, 54, 150, 255: 1
37, 52, 255, 255: 2
145, 216, 99, 255: 1
134, 28, 192, 255: 3
246, 212, 124, 255: 3
131, 240, 81, 255: 57
76, 70, 206, 255: 1
120, 31, 169, 255: 1
198, 80, 113, 255: 3
189, 177, 174, 255: 7
14, 192, 228, 255: 2
197, 218, 131, 255: 1
128, 92, 238, 255: 1
232, 169, 85, 255: 2
87, 78, 61, 255: 29
72, 45, 61, 255: 1
250, 102, 128, 255: 22
255, 184, 255, 255: 34
31, 186, 214, 255: 15
137, 253, 206, 255: 1
78, 241, 48, 255: 25
147, 188, 14, 255: 1
45, 196, 138, 255: 8
0, 155, 16, 255: 2
17, 128, 213, 255: 1
235, 182, 255, 255: 21
155, 67, 56, 255: 13
32, 232, 30, 255: 43
196, 40, 233, 255: 3
40, 223, 255, 255: 1
132, 208, 150, 255: 3
181, 122, 196, 255: 26
183, 40, 111, 255: 3
5, 204, 3, 255: 1347
74, 110, 210, 255: 4
0, 203, 169, 255: 1
85, 23, 187, 255: 1
49, 82, 252, 255: 2
194, 2, 80, 255: 1
132, 87, 67, 255: 2
0, 57, 224, 255: 277
237, 126, 102, 255: 5
132, 222, 179, 255: 13
30, 232, 128, 255: 20
137, 186, 41, 255: 2
244, 109, 199, 255: 1
32, 127, 15, 255: 2
38, 103, 62, 255: 4
75, 112, 247, 255: 1
77, 190, 31, 255: 3
247, 19, 105, 255: 2
118, 56, 179, 255: 1
227, 89, 235, 255: 3
37, 124, 101, 255: 13
56, 150, 10, 255: 1
242, 228, 130, 255: 1
0, 55, 1, 255: 2224
40, 255, 89, 255: 2
67, 169, 94, 255: 1
201, 225, 117, 255: 1
0, 204, 4, 255: 215
92, 116, 79, 255: 1
87, 255, 50, 255: 2
196, 109, 234, 255: 2
181, 97, 182, 255: 7
38, 2, 250, 255: 2
29, 78, 215, 255: 20
40, 78, 61, 255: 27
239, 78, 227, 255: 1
47, 248, 192, 255: 2
238, 16, 52, 255: 1
0, 236, 152, 255: 1
22, 194, 161, 255: 11
198, 170, 191, 255: 1
47, 9, 30, 255: 5
83, 185, 247, 255: 1
128, 241, 88, 255: 1
87, 199, 205, 255: 2
149, 163, 142, 255: 4
40, 44, 119, 255: 8
77, 212, 71, 255: 5
55, 110, 170, 255: 1
66, 94, 27, 255: 1
86, 233, 237, 255: 9
132, 224, 23, 255: 22
34, 204, 211, 255: 1
78, 205, 153, 255: 8
132, 2, 212, 255: 2
146, 171, 56, 255: 3
154, 201, 206, 255: 1
241, 76, 109, 255: 20
206, 75, 147, 255: 1
16, 11, 38, 255: 1
0, 48, 215, 255: 7
236, 204, 31, 255: 2
27, 81, 31, 255: 1
167, 18, 124, 255: 1
42, 143, 99, 255: 1
246, 222, 216, 255: 25
213, 83, 12, 255: 7
0, 142, 147, 255: 85
11, 29, 177, 255: 2
230, 37, 147, 255: 1
21, 187, 86, 255: 1
80, 97, 56, 255: 6
154, 41, 184, 255: 2
114, 187, 32, 255: 38
92, 16, 47, 255: 3
29, 198, 41, 255: 1
185, 139, 90, 255: 3
42, 21, 73, 255: 2
187, 85, 13, 255: 3
140, 35, 233, 255: 6
86, 23, 255, 255: 37
186, 90, 167, 255: 60
148, 154, 222, 255: 18
101, 215, 166, 255: 5
91, 36, 195, 255: 8
129, 225, 251, 255: 6
188, 114, 209, 255: 2
196, 246, 52, 255: 2
185, 95, 241, 255: 8
85, 82, 255, 255: 73
54, 219, 12, 255: 3
81, 130, 81, 255: 52
80, 210, 255, 255: 909
38, 20, 170, 255: 25
236, 164, 236, 255: 22
101, 163, 141, 255: 2
231, 250, 134, 255: 2
14, 128, 55, 255: 1
73, 199, 9, 255: 1
250, 89, 238, 255: 9
0, 166, 135, 255: 92
59, 39, 237, 255: 1
130, 64, 137, 255: 1
0, 139, 209, 255: 1
54, 203, 134, 255: 1
41, 255, 169, 255: 7
240, 255, 63, 255: 2
206, 90, 141, 255: 1
4, 134, 139, 255: 83
211, 243, 148, 255: 1
145, 229, 82, 255: 1
190, 144, 233, 255: 8
56, 67, 66, 255: 1
83, 174, 89, 255: 22
38, 92, 51, 255: 3
229, 201, 115, 255: 2
139, 9, 219, 255: 36
14, 186, 1, 255: 1
7, 29, 144, 255: 403
33, 102, 39, 255: 3
241, 21, 239, 255: 8
163, 174, 142, 255: 959
57, 142, 246, 255: 6
134, 89, 136, 255: 1
0, 128, 1, 255: 514
203, 156, 155, 255: 7
160, 116, 167, 255: 16
163, 246, 106, 255: 11
243, 66, 90, 255: 22
36, 236, 69, 255: 7
237, 85, 97, 255: 20
191, 221, 27, 255: 2
241, 117, 149, 255: 3
245, 107, 226, 255: 3
88, 254, 41, 255: 3
43, 50, 224, 255: 3
102, 202, 134, 255: 4
192, 19, 237, 255: 1
104, 213, 55, 255: 5
37, 133, 157, 255: 6
35, 94, 205, 255: 41
82, 184, 143, 255: 4
86, 153, 98, 255: 7
86, 219, 90, 255: 1
97, 35, 45, 255: 52
37, 63, 121, 255: 3
41, 167, 204, 255: 1
98, 173, 156, 255: 1
136, 135, 244, 255: 5
169, 65, 232, 255: 1
56, 45, 153, 255: 1
185, 210, 54, 255: 3
143, 255, 208, 255: 1
83, 132, 83, 255: 94
36, 22, 32, 255: 1
196, 197, 190, 255: 1
188, 255, 131, 255: 1
190, 244, 56, 255: 10
233, 21, 83, 255: 1
197, 81, 132, 255: 1
7, 49, 84, 255: 168
91, 147, 201, 255: 14
208, 216, 132, 255: 1
187, 31, 224, 255: 64
81, 255, 38, 255: 1
0, 198, 121, 255: 40
228, 106, 201, 255: 2
86, 211, 60, 255: 21
168, 182, 249, 255: 1
157, 166, 36, 255: 8
126, 145, 173, 255: 15
31, 49, 196, 255: 2
136, 52, 234, 255: 1
90, 190, 153, 255: 1
74, 3, 248, 255: 2
22, 103, 2, 255: 6
130, 175, 189, 255: 12
244, 170, 188, 255: 3
145, 22, 53, 255: 8
141, 162, 68, 255: 6
183, 132, 14, 255: 5
40, 221, 245, 255: 2
95, 172, 210, 255: 6
106, 146, 194, 255: 1
29, 205, 32, 255: 3
251, 15, 71, 255: 11
187, 255, 118, 255: 8
158, 255, 95, 255: 3
51, 62, 61, 255: 2
94, 222, 24, 255: 1
236, 54, 9, 255: 2
255, 156, 255, 255: 2
85, 185, 10, 255: 4
195, 255, 250, 255: 1
197, 226, 50, 255: 2
23, 124, 234, 255: 2
81, 156, 131, 255: 2
0, 233, 242, 255: 30
165, 207, 130, 255: 1
240, 147, 244, 255: 2
231, 230, 92, 255: 3
85, 207, 223, 255: 3
194, 218, 110, 255: 12
246, 116, 146, 255: 2
85, 214, 224, 255: 70
238, 18, 15, 255: 1
21, 50, 232, 255: 6
111, 226, 137, 255: 1
144, 255, 255, 255: 1
31, 0, 42, 255: 14
250, 57, 105, 255: 1
185, 73, 255, 255: 9
237, 66, 159, 255: 6
180, 132, 20, 255: 2
0, 167, 170, 255: 775
38, 45, 219, 255: 9
218, 104, 111, 255: 4
132, 111, 19, 255: 2
40, 91, 70, 255: 7
139, 120, 199, 255: 31
0, 196, 209, 255: 11
207, 198, 253, 255: 13
95, 76, 12, 255: 2
60, 222, 30, 255: 1591
32, 58, 116, 255: 5
240, 216, 108, 255: 2
195, 152, 48, 255: 2
156, 225, 19, 255: 2
41, 175, 255, 255: 22
253, 39, 215, 255: 2
223, 99, 96, 255: 2
77, 9, 96, 255: 10
246, 204, 205, 255: 6
177, 210, 221, 255: 11
40, 255, 239, 255: 3
233, 95, 20, 255: 5
241, 70, 163, 255: 4
235, 128, 237, 255: 14
29, 193, 131, 255: 7
182, 53, 77, 255: 2
8, 253, 59, 255: 52
164, 158, 49, 255: 3
189, 91, 70, 255: 6
195, 5, 145, 255: 2
194, 148, 237, 255: 3
30, 84, 34, 255: 1
177, 106, 171, 255: 10
0, 5, 243, 255: 11
136, 207, 244, 255: 7
0, 158, 207, 255: 11
43, 79, 220, 255: 22
189, 58, 240, 255: 18
184, 141, 191, 255: 8
250, 218, 45, 255: 52
242, 10, 219, 255: 3
195, 146, 229, 255: 8
61, 206, 193, 255: 1
195, 12, 0, 255: 5
111, 110, 220, 255: 1
94, 116, 83, 255: 4
36, 27, 4, 255: 25
139, 201, 36, 255: 3
114, 198, 52, 255: 23
177, 167, 116, 255: 18
41, 204, 154, 255: 7
239, 238, 203, 255: 69
145, 115, 185, 255: 27
148, 146, 46, 255: 26
18, 253, 49, 255: 1
0, 78, 166, 255: 37
38, 121, 12, 255: 2
135, 63, 59, 255: 10
221, 176, 234, 255: 1
240, 145, 144, 255: 5
88, 116, 85, 255: 15
194, 135, 209, 255: 6
191, 9, 134, 255: 9
34, 179, 197, 255: 33
142, 56, 72, 255: 3
85, 115, 146, 255: 49
141, 164, 53, 255: 1
93, 147, 112, 255: 13
38, 181, 211, 255: 4
154, 83, 189, 255: 7
245, 210, 195, 255: 3
35, 15, 204, 255: 1
121, 115, 155, 255: 2
50, 254, 168, 255: 3
100, 120, 32, 255: 6
90, 106, 77, 255: 8
231, 241, 113, 255: 1
233, 188, 245, 255: 33
141, 225, 78, 255: 2
138, 126, 235, 255: 1
85, 65, 141, 255: 1
49, 19, 207, 255: 19
152, 105, 200, 255: 6
132, 151, 179, 255: 36
236, 255, 198, 255: 6
54, 73, 136, 255: 2
77, 52, 202, 255: 2
0, 251, 147, 255: 7
129, 135, 100, 255: 3
218, 49, 241, 255: 2
66, 39, 55, 255: 1
36, 98, 51, 255: 27
231, 79, 245, 255: 20
89, 76, 81, 255: 18
42, 46, 122, 255: 7
186, 88, 102, 255: 29
48, 76, 49, 255: 9
0, 53, 33, 255: 7
250, 203, 33, 255: 1
4, 247, 250, 255: 1
248, 204, 142, 255: 1
53, 204, 146, 255: 2
182, 197, 67, 255: 3
96, 53, 239, 255: 70
193, 7, 153, 255: 1
136, 114, 95, 255: 11
42, 23, 246, 255: 1
43, 206, 156, 255: 12
90, 5, 255, 255: 1
37, 6, 84, 255: 24
249, 186, 212, 255: 2
85, 35, 161, 255: 1
73, 48, 198, 255: 1
210, 221, 195, 255: 2
198, 239, 135, 255: 1
218, 242, 94, 255: 1
90, 6, 117, 255: 7
82, 94, 240, 255: 23
160, 15, 218, 255: 1
129, 104, 4, 255: 2
65, 18, 89, 255: 12
0, 155, 188, 255: 15
163, 94, 3, 255: 802
255, 70, 164, 255: 1
147, 135, 209, 255: 1
242, 93, 204, 255: 16
90, 255, 255, 255: 1
231, 211, 0, 255: 68
255, 193, 220, 255: 1
86, 128, 204, 255: 1
100, 11, 191, 255: 5
206, 239, 144, 255: 1
39, 153, 217, 255: 1
106, 30, 61, 255: 1
200, 40, 80, 255: 1
128, 179, 5, 255: 1
247, 190, 29, 255: 34
2, 30, 253, 255: 1
182, 116, 122, 255: 1
180, 159, 134, 255: 4
193, 255, 123, 255: 4
197, 144, 74, 255: 4
85, 13, 197, 255: 3
246, 20, 169, 255: 4
191, 20, 153, 255: 14
248, 180, 112, 255: 1
25, 219, 204, 255: 2
135, 125, 114, 255: 2
0, 143, 158, 255: 5
190, 102, 90, 255: 33
42, 252, 255, 255: 1
52, 241, 176, 255: 3
0, 67, 22, 255: 1936
92, 178, 126, 255: 5
220, 227, 104, 255: 1
254, 15, 203, 255: 3
45, 24, 178, 255: 1
91, 42, 49, 255: 15
149, 215, 29, 255: 1
44, 225, 249, 255: 6
231, 205, 181, 255: 11
187, 43, 152, 255: 2
0, 26, 240, 255: 2
188, 82, 185, 255: 13
186, 197, 237, 255: 3
195, 3, 45, 255: 3
88, 39, 148, 255: 1
87, 144, 79, 255: 2
137, 81, 247, 255: 31
131, 92, 79, 255: 15
147, 175, 158, 255: 1
185, 40, 242, 255: 6
37, 100, 225, 255: 8
137, 123, 255, 255: 16
85, 46, 27, 255: 90
228, 182, 175, 255: 2
245, 64, 191, 255: 2
40, 141, 190, 255: 1
174, 241, 151, 255: 1
0, 141, 155, 255: 1
234, 212, 194, 255: 24
92, 90, 68, 255: 6
170, 220, 53, 255: 1
147, 125, 106, 255: 9
47, 203, 230, 255: 1
105, 134, 173, 255: 21
137, 49, 223, 255: 12
82, 10, 11, 255: 3
191, 68, 58, 255: 1
181, 208, 224, 255: 1
227, 197, 130, 255: 1
240, 16, 34, 255: 2
244, 122, 217, 255: 2
34, 185, 127, 255: 1
247, 211, 60, 255: 1
240, 191, 197, 255: 11
84, 143, 40, 255: 10
43, 180, 134, 255: 1
39, 251, 76, 255: 9
236, 16, 150, 255: 3
193, 194, 34, 255: 1
193, 232, 65, 255: 1
214, 141, 112, 255: 4
222, 84, 230, 255: 2
228, 79, 87, 255: 2
83, 11, 92, 255: 3
190, 139, 124, 255: 25
131, 83, 160, 255: 10
65, 255, 150, 255: 23
87, 167, 211, 255: 1
34, 95, 121, 255: 8
213, 85, 241, 255: 3
197, 225, 116, 255: 1
240, 255, 39, 255: 4
134, 183, 140, 255: 29
139, 30, 223, 255: 8
87, 224, 219, 255: 1
85, 31, 225, 255: 1
42, 217, 129, 255: 3
23, 176, 223, 255: 1
146, 64, 161, 255: 30
246, 134, 158, 255: 45
31, 239, 204, 255: 46
75, 17, 78, 255: 33
236, 42, 245, 255: 67
240, 44, 184, 255: 32
53, 110, 229, 255: 1
234, 243, 34, 255: 1
249, 28, 144, 255: 1
143, 189, 84, 255: 16
229, 165, 45, 255: 13
83, 80, 255, 255: 28
28, 195, 196, 255: 14
46, 99, 61, 255: 1
172, 187, 22, 255: 1
45, 38, 43, 255: 1
106, 93, 208, 255: 1
132, 148, 206, 255: 2
245, 146, 167, 255: 8
42, 206, 144, 255: 14
53, 130, 208, 255: 2
170, 140, 169, 255: 1
37, 241, 155, 255: 16
59, 98, 41, 255: 60
169, 172, 229, 255: 9
121, 120, 229, 255: 2
217, 241, 93, 255: 2
28, 2, 241, 255: 7
228, 110, 211, 255: 2
39, 220, 244, 255: 2
15, 84, 206, 255: 38
101, 53, 170, 255: 1
41, 102, 128, 255: 1
226, 45, 164, 255: 2
0, 96, 69, 255: 4
186, 102, 104, 255: 2
194, 86, 201, 255: 37
214, 78, 67, 255: 26
136, 48, 222, 255: 31
191, 7, 149, 255: 3
36, 208, 57, 255: 17
44, 255, 127, 255: 1
207, 30, 55, 255: 49
79, 30, 37, 255: 7
171, 26, 254, 255: 2
184, 205, 255, 255: 2
248, 133, 187, 255: 1
243, 175, 5, 255: 60
89, 224, 47, 255: 6
157, 196, 148, 255: 1
76, 209, 225, 255: 3
86, 229, 90, 255: 1
150, 162, 169, 255: 4
164, 238, 188, 255: 1
175, 96, 250, 255: 5
197, 232, 133, 255: 4
0, 228, 178, 255: 1
112, 47, 47, 255: 2
34, 93, 239, 255: 19
179, 161, 199, 255: 56
224, 253, 148, 255: 9
59, 144, 248, 255: 40
250, 32, 92, 255: 1
15, 24, 6, 255: 25
92, 129, 118, 255: 12
99, 181, 78, 255: 1
124, 255, 66, 255: 1
234, 168, 241, 255: 5
143, 24, 208, 255: 9
0, 226, 79, 255: 8
195, 208, 90, 255: 7
142, 35, 144, 255: 47
145, 224, 111, 255: 1
190, 84, 34, 255: 7
172, 13, 108, 255: 1
155, 241, 112, 255: 1
247, 82, 31, 255: 21
74, 31, 71, 255: 2
235, 31, 224, 255: 88
151, 176, 163, 255: 18
81, 103, 70, 255: 1
237, 48, 0, 255: 18
95, 19, 50, 255: 3
38, 252, 73, 255: 1
84, 90, 235, 255: 4
172, 170, 30, 255: 1
84, 255, 141, 255: 5
157, 190, 88, 255: 1
33, 151, 193, 255: 1
48, 153, 215, 255: 1
253, 213, 129, 255: 16
111, 140, 76, 255: 1
20, 175, 167, 255: 2
34, 66, 126, 255: 17
24, 44, 60, 255: 12
198, 233, 134, 255: 2
244, 96, 122, 255: 102
249, 239, 84, 255: 4
70, 29, 65, 255: 1
136, 188, 151, 255: 2
239, 217, 54, 255: 1
112, 108, 248, 255: 20
176, 36, 205, 255: 4
40, 50, 65, 255: 1
125, 88, 200, 255: 1
22, 238, 150, 255: 1
231, 155, 74, 255: 1
235, 174, 255, 255: 10
179, 178, 73, 255: 1
187, 142, 239, 255: 1
129, 71, 174, 255: 1
74, 39, 179, 255: 2
92, 153, 113, 255: 9
146, 232, 103, 255: 45
2, 8, 147, 255: 1
241, 174, 187, 255: 3
0, 205, 13, 255: 1
239, 173, 93, 255: 3
211, 45, 80, 255: 2
238, 34, 109, 255: 1
0, 243, 237, 255: 1
9, 246, 141, 255: 1795
37, 179, 255, 255: 1
73, 32, 170, 255: 15
50, 135, 124, 255: 2
54, 189, 13, 255: 1
46, 92, 242, 255: 36
69, 226, 68, 255: 1
127, 172, 186, 255: 10
192, 248, 159, 255: 3
165, 66, 46, 255: 4
0, 220, 229, 255: 2
189, 169, 255, 255: 5
214, 117, 202, 255: 133
207, 31, 95, 255: 5
0, 185, 9, 255: 1
86, 2, 113, 255: 12
137, 139, 193, 255: 1
216, 182, 249, 255: 1
244, 139, 55, 255: 12
234, 115, 180, 255: 15
141, 187, 46, 255: 7
185, 131, 17, 255: 3
138, 49, 187, 255: 1
228, 255, 90, 255: 1
39, 170, 209, 255: 4
228, 100, 255, 255: 21
251, 98, 56, 255: 10
196, 30, 104, 255: 2
31, 35, 228, 255: 5
36, 183, 44, 255: 19
0, 74, 196, 255: 1
199, 52, 72, 255: 1
251, 174, 255, 255: 1
221, 220, 186, 255: 20
26, 236, 43, 255: 12
38, 13, 14, 255: 6
161, 20, 190, 255: 1
33, 230, 221, 255: 14
48, 1, 112, 255: 3
190, 70, 4, 255: 18
80, 212, 65, 255: 3
99, 11, 117, 255: 1
131, 146, 77, 255: 2
0, 146, 13, 255: 8
246, 71, 11, 255: 4
99, 36, 130, 255: 19
161, 164, 221, 255: 5
172, 103, 12, 255: 3
231, 237, 49, 255: 4
126, 169, 187, 255: 2
250, 105, 76, 255: 1
197, 177, 7, 255: 97
241, 179, 77, 255: 1
204, 239, 242, 255: 4
182, 136, 190, 255: 1
168, 177, 47, 255: 1
85, 177, 229, 255: 3
218, 254, 217, 255: 1
89, 203, 154, 255: 9
232, 111, 78, 255: 1
166, 238, 90, 255: 84
88, 255, 28, 255: 1
57, 71, 25, 255: 1185
151, 159, 69, 255: 39
214, 203, 159, 255: 1
148, 123, 236, 255: 1
183, 159, 231, 255: 1
83, 48, 35, 255: 7
215, 154, 134, 255: 1
78, 32, 18, 255: 1
246, 6, 48, 255: 3
0, 6, 133, 255: 2
216, 180, 148, 255: 102
249, 10, 88, 255: 2
30, 95, 54, 255: 7
135, 189, 215, 255: 7
90, 110, 22, 255: 5
23, 0, 142, 255: 2
43, 98, 158, 255: 16
0, 191, 212, 255: 5
207, 44, 88, 255: 1
84, 156, 33, 255: 6
91, 133, 209, 255: 1
76, 8, 95, 255: 4
243, 61, 16, 255: 3
83, 79, 250, 255: 6
147, 73, 81, 255: 10
0, 136, 86, 255: 1
81, 225, 250, 255: 10
210, 176, 128, 255: 2
191, 195, 251, 255: 13
130, 179, 34, 255: 1
9, 23, 227, 255: 104
0, 188, 201, 255: 237
93, 159, 187, 255: 5
0, 231, 240, 255: 5
175, 69, 136, 255: 23
41, 154, 255, 255: 1
119, 16, 175, 255: 1
135, 192, 61, 255: 38
146, 7, 51, 255: 2
180, 49, 231, 255: 5
66, 206, 227, 255: 1
246, 208, 223, 255: 9
188, 10, 185, 255: 7
36, 84, 186, 255: 1
31, 198, 115, 255: 2
193, 9, 218, 255: 2
34, 129, 255, 255: 5
39, 65, 123, 255: 5
192, 255, 29, 255: 2
201, 129, 242, 255: 40
134, 11, 251, 255: 5
53, 119, 189, 255: 3
255, 48, 221, 255: 2
0, 62, 239, 255: 2
243, 218, 40, 255: 1
22, 177, 169, 255: 4
192, 58, 177, 255: 3
24, 150, 249, 255: 8
0, 61, 37, 255: 2
87, 17, 14, 255: 1
86, 31, 36, 255: 1
246, 106, 43, 255: 36
186, 44, 252, 255: 20
0, 141, 126, 255: 1
26, 38, 142, 255: 32
241, 13, 99, 255: 4
53, 111, 14, 255: 5
191, 159, 255, 255: 15
134, 64, 20, 255: 1
99, 21, 209, 255: 23
169, 109, 184, 255: 1
130, 140, 2, 255: 63
30, 23, 181, 255: 1
0, 65, 153, 255: 1
0, 216, 225, 255: 1
192, 230, 101, 255: 17
23, 80, 128, 255: 1
138, 140, 127, 255: 15
189, 184, 74, 255: 8
91, 95, 177, 255: 3
252, 19, 20, 255: 3
33, 128, 16, 255: 8
133, 39, 144, 255: 4
126, 73, 107, 255: 3
42, 253, 197, 255: 1
89, 109, 13, 255: 1
184, 155, 219, 255: 22
198, 153, 250, 255: 9
148, 35, 75, 255: 1
250, 13, 153, 255: 2
197, 60, 173, 255: 2
0, 243, 193, 255: 2
143, 32, 163, 255: 11
141, 16, 131, 255: 1
67, 224, 66, 255: 1
180, 220, 79, 255: 1
118, 98, 31, 255: 1
38, 227, 118, 255: 1
255, 118, 154, 255: 6
137, 21, 211, 255: 4
41, 69, 42, 255: 65
90, 121, 187, 255: 9
183, 195, 255, 255: 1
246, 38, 181, 255: 153
29, 218, 144, 255: 1
126, 233, 232, 255: 21
248, 241, 57, 255: 2
84, 96, 242, 255: 16
87, 255, 63, 255: 1
35, 159, 167, 255: 2
246, 124, 66, 255: 3
186, 215, 3, 255: 53
7, 74, 136, 255: 1
191, 89, 17, 255: 10
248, 91, 35, 255: 2
232, 94, 19, 255: 4
135, 242, 20, 255: 46
0, 26, 43, 255: 19
0, 210, 142, 255: 2506
32, 187, 179, 255: 56
255, 61, 55, 255: 1
29, 204, 152, 255: 4
87, 27, 246, 255: 1
194, 221, 57, 255: 1
45, 112, 170, 255: 2
243, 179, 162, 255: 1
88, 154, 182, 255: 23
86, 243, 120, 255: 1
242, 93, 101, 255: 1
185, 67, 162, 255: 8
116, 132, 216, 255: 1
183, 190, 149, 255: 1
0, 169, 5, 255: 57
93, 227, 251, 255: 1
202, 138, 60, 255: 1
34, 25, 121, 255: 3
201, 3, 152, 255: 1
215, 146, 61, 255: 7
255, 136, 58, 255: 1
236, 241, 172, 255: 4
92, 206, 157, 255: 24
247, 132, 58, 255: 2
42, 196, 236, 255: 9
144, 84, 199, 255: 4
30, 164, 173, 255: 1
206, 63, 27, 255: 2
43, 43, 186, 255: 23
47, 253, 112, 255: 1
222, 172, 7, 255: 823
53, 91, 74, 255: 4
28, 57, 18, 255: 10
68, 211, 99, 255: 1
86, 180, 75, 255: 3
238, 255, 61, 255: 2
36, 88, 204, 255: 3
85, 157, 151, 255: 2
88, 149, 109, 255: 13
86, 3, 76, 255: 7
134, 1, 11, 255: 1
244, 136, 211, 255: 1
0, 40, 198, 255: 1434
176, 152, 121, 255: 2
193, 167, 73, 255: 1
209, 255, 125, 255: 1
15, 147, 251, 255: 2
63, 245, 115, 255: 1
0, 67, 244, 255: 9
41, 100, 246, 255: 9
134, 57, 86, 255: 1
255, 81, 119, 255: 1
123, 20, 179, 255: 5
236, 175, 0, 255: 16
89, 50, 31, 255: 37
129, 55, 80, 255: 1
139, 243, 188, 255: 2
137, 51, 67, 255: 10
80, 106, 87, 255: 1
231, 150, 56, 255: 12
239, 111, 57, 255: 9
240, 255, 5, 255: 2
250, 44, 29, 255: 17
231, 248, 223, 255: 1
145, 14, 236, 255: 8
165, 159, 50, 255: 27
89, 255, 86, 255: 6
45, 132, 109, 255: 3
44, 156, 122, 255: 1
193, 101, 192, 255: 1
102, 62, 90, 255: 5
238, 170, 0, 255: 8
243, 97, 214, 255: 1
0, 78, 234, 255: 24
237, 172, 100, 255: 1
24, 185, 143, 255: 1
101, 149, 148, 255: 1
67, 177, 13, 255: 1
239, 21, 81, 255: 3
145, 107, 112, 255: 1
78, 12, 198, 255: 1
248, 255, 205, 255: 3
228, 117, 93, 255: 9
238, 252, 129, 255: 4
164, 145, 184, 255: 1
21, 28, 64, 255: 4
207, 240, 145, 255: 1
131, 143, 104, 255: 51
179, 1, 176, 255: 36
137, 103, 194, 255: 22
187, 140, 139, 255: 11
0, 96, 40, 255: 38
9, 183, 96, 255: 2
124, 219, 209, 255: 4
104, 86, 4, 255: 1
87, 49, 65, 255: 4
202, 39, 83, 255: 2
222, 51, 41, 255: 1
90, 188, 61, 255: 47
243, 158, 166, 255: 5
0, 0, 228, 255: 2
223, 96, 251, 255: 9
193, 192, 96, 255: 1
186, 57, 235, 255: 2
253, 50, 5, 255: 2
145, 106, 129, 255: 1
127, 170, 121, 255: 1
31, 151, 181, 255: 14
193, 5, 61, 255: 29
86, 89, 135, 255: 4
134, 124, 67, 255: 14
190, 46, 164, 255: 14
89, 205, 236, 255: 2
0, 9, 170, 255: 3
31, 173, 93, 255: 4
140, 252, 192, 255: 9
245, 255, 91, 255: 1
0, 237, 132, 255: 1112
28, 64, 102, 255: 1
67, 97, 130, 255: 1
202, 138, 162, 255: 15
227, 205, 187, 255: 3
132, 13, 94, 255: 2
146, 255, 96, 255: 1
133, 47, 166, 255: 1
101, 229, 31, 255: 3
189, 173, 156, 255: 2
241, 244, 223, 255: 8
232, 153, 230, 255: 1
193, 52, 12, 255: 1
189, 126, 102, 255: 8
22, 230, 230, 255: 1
213, 157, 206, 255: 1181
142, 104, 109, 255: 2
45, 180, 43, 255: 34
197, 213, 40, 255: 20
95, 9, 133, 255: 3
122, 190, 93, 255: 2
234, 5, 255, 255: 8
245, 226, 33, 255: 1
42, 138, 34, 255: 1
79, 30, 1, 255: 83
114, 173, 141, 255: 2
86, 231, 110, 255: 1
15, 242, 126, 255: 1
0, 188, 145, 255: 2
234, 237, 208, 255: 3
138, 74, 73, 255: 7
0, 65, 20, 255: 76
43, 38, 214, 255: 7
28, 230, 126, 255: 15
33, 178, 196, 255: 36
193, 150, 46, 255: 6
89, 63, 70, 255: 1
3, 160, 252, 255: 16
235, 81, 31, 255: 3
132, 244, 55, 255: 1
249, 217, 44, 255: 84
29, 113, 212, 255: 5
88, 26, 36, 255: 11
160, 127, 187, 255: 6
84, 68, 230, 255: 8
216, 47, 239, 255: 6
8, 75, 98, 255: 2
51, 177, 130, 255: 8
129, 57, 53, 255: 5
0, 98, 139, 255: 2393
220, 10, 136, 255: 1
137, 108, 105, 255: 3
238, 104, 229, 255: 6
184, 246, 190, 255: 1
242, 127, 53, 255: 1
250, 11, 199, 255: 1
0, 164, 124, 255: 48
144, 255, 113, 255: 1
248, 227, 63, 255: 46
15, 2, 222, 255: 1
97, 203, 141, 255: 1
85, 122, 1, 255: 20
92, 168, 23, 255: 5
248, 67, 40, 255: 33
230, 73, 17, 255: 3
114, 88, 210, 255: 1
242, 87, 129, 255: 1
165, 110, 152, 255: 3
22, 227, 93, 255: 6
128, 210, 220, 255: 58
23, 10, 126, 255: 6
127, 227, 158, 255: 13
48, 67, 130, 255: 8
255, 249, 27, 255: 1
37, 103, 173, 255: 1
94, 236, 171, 255: 9
0, 47, 116, 255: 51
121, 230, 71, 255: 1
86, 255, 191, 255: 1
35, 102, 160, 255: 24
98, 5, 214, 255: 1
238, 6, 215, 255: 8
27, 102, 189, 255: 7
34, 83, 220, 255: 48
99, 230, 2, 255: 1
86, 47, 101, 255: 2
251, 161, 203, 255: 10
248, 242, 255, 255: 18
135, 225, 182, 255: 15
22, 23, 119, 255: 1
100, 242, 23, 255: 11
93, 60, 145, 255: 1
251, 178, 41, 255: 9
254, 84, 220, 255: 1
129, 10, 194, 255: 8
253, 155, 30, 255: 7
41, 5, 151, 255: 2
27, 191, 93, 255: 15
78, 196, 198, 255: 57
98, 11, 33, 255: 13
142, 221, 108, 255: 2
35, 202, 119, 255: 18
141, 255, 110, 255: 4
181, 165, 45, 255: 42
240, 12, 235, 255: 29
78, 222, 247, 255: 6
0, 169, 74, 255: 19
0, 173, 184, 255: 10
42, 29, 248, 255: 3
131, 100, 152, 255: 5
88, 20, 107, 255: 10
77, 204, 116, 255: 31
142, 60, 157, 255: 24
139, 119, 26, 255: 8
73, 78, 121, 255: 5
0, 114, 233, 255: 45
98, 240, 21, 255: 11
89, 246, 87, 255: 19
237, 229, 62, 255: 3
237, 146, 78, 255: 35
91, 122, 188, 255: 34
0, 216, 25, 255: 42
134, 218, 71, 255: 13
129, 109, 42, 255: 1
245, 88, 67, 255: 1
243, 82, 231, 255: 1
0, 227, 203, 255: 1888
193, 162, 239, 255: 145
5, 146, 160, 255: 15
203, 183, 13, 255: 21
0, 141, 91, 255: 7
25, 205, 186, 255: 2
73, 128, 148, 255: 2
226, 127, 112, 255: 8
23, 10, 229, 255: 3
184, 130, 52, 255: 9
82, 215, 231, 255: 7
221, 215, 112, 255: 1
135, 198, 68, 255: 2
54, 103, 55, 255: 15
88, 102, 55, 255: 10
139, 34, 232, 255: 14
251, 153, 28, 255: 4
118, 112, 153, 255: 1
91, 169, 241, 255: 3
51, 230, 2, 255: 1
188, 174, 72, 255: 2
74, 74, 176, 255: 5
133, 186, 157, 255: 1
177, 129, 26, 255: 3
87, 30, 228, 255: 3
153, 18, 143, 255: 2
232, 143, 210, 255: 1
0, 57, 225, 255: 3
219, 53, 88, 255: 3
193, 97, 174, 255: 2
235, 33, 69, 255: 6
191, 68, 161, 255: 7
235, 72, 76, 255: 5
241, 31, 2, 255: 4
141, 255, 156, 255: 1
244, 73, 201, 255: 12
11, 177, 179, 255: 5
34, 169, 32, 255: 1
37, 78, 159, 255: 2
235, 53, 136, 255: 2
45, 130, 17, 255: 2
156, 154, 54, 255: 1
0, 242, 138, 255: 43
21, 66, 70, 255: 1
125, 193, 96, 255: 1
179, 194, 29, 255: 2
160, 86, 54, 255: 1
89, 109, 131, 255: 2
64, 158, 18, 255: 1
86, 178, 230, 255: 7
36, 219, 196, 255: 4
134, 175, 1, 255: 1
144, 243, 110, 255: 6
93, 1, 82, 255: 2
189, 14, 66, 255: 11
228, 76, 88, 255: 1
116, 22, 93, 255: 12
1, 4, 85, 255: 1
119, 201, 211, 255: 1
255, 239, 106, 255: 2
34, 160, 113, 255: 2
243, 209, 121, 255: 2
143, 59, 241, 255: 5
203, 70, 43, 255: 5
138, 44, 252, 255: 5
86, 81, 150, 255: 1
140, 101, 124, 255: 1
0, 75, 230, 255: 14
0, 208, 208, 255: 1
87, 19, 209, 255: 3
150, 37, 180, 255: 2
0, 121, 207, 255: 8
193, 9, 116, 255: 2
171, 186, 21, 255: 1
45, 129, 8, 255: 2
178, 90, 78, 255: 29
191, 127, 49, 255: 7
30, 191, 185, 255: 1
85, 85, 161, 255: 1
139, 230, 33, 255: 1
136, 222, 93, 255: 7
137, 232, 94, 255: 1
193, 109, 195, 255: 2
82, 188, 228, 255: 1
148, 99, 223, 255: 4
144, 17, 34, 255: 6
0, 188, 101, 255: 2
142, 224, 234, 255: 2
44, 118, 252, 255: 8
29, 166, 17, 255: 37
92, 83, 66, 255: 81
227, 81, 95, 255: 2
178, 168, 153, 255: 4
185, 139, 228, 255: 5
0, 224, 101, 255: 1
27, 177, 101, 255: 5
0, 148, 98, 255: 42
254, 21, 175, 255: 3
81, 70, 35, 255: 1
146, 220, 82, 255: 4
90, 236, 68, 255: 21
0, 137, 19, 255: 1
131, 168, 117, 255: 22
0, 70, 25, 255: 240
168, 44, 35, 255: 1
172, 238, 124, 255: 748
46, 109, 234, 255: 1
60, 247, 44, 255: 1
33, 125, 68, 255: 2
160, 196, 50, 255: 32
48, 155, 189, 255: 8
238, 39, 45, 255: 4
31, 32, 102, 255: 4
208, 4, 198, 255: 224
0, 220, 38, 255: 1
82, 153, 195, 255: 3
229, 67, 105, 255: 1
26, 85, 231, 255: 2
248, 196, 223, 255: 6
29, 178, 175, 255: 2
0, 247, 19, 255: 18
77, 149, 179, 255: 3
233, 31, 67, 255: 10
59, 188, 199, 255: 90
151, 36, 234, 255: 4
240, 69, 197, 255: 26
145, 221, 9, 255: 1
139, 92, 204, 255: 1
196, 104, 195, 255: 1
180, 29, 35, 255: 17
241, 123, 224, 255: 11
199, 253, 65, 255: 1
191, 167, 255, 255: 7
31, 25, 100, 255: 1
31, 68, 161, 255: 2
163, 114, 198, 255: 2
40, 144, 198, 255: 14
69, 1, 53, 255: 2
81, 224, 112, 255: 3
88, 89, 81, 255: 8
4, 214, 22, 255: 1170
0, 90, 186, 255: 7
16, 221, 87, 255: 1
78, 250, 105, 255: 1
123, 219, 245, 255: 2
120, 1, 211, 255: 1
254, 90, 141, 255: 1
79, 88, 136, 255: 4
238, 255, 25, 255: 4
83, 254, 228, 255: 13
82, 90, 231, 255: 1
180, 172, 219, 255: 52
184, 204, 236, 255: 1
230, 108, 203, 255: 1
134, 203, 244, 255: 1
34, 49, 255, 255: 2
82, 17, 48, 255: 1
241, 232, 30, 255: 52
46, 225, 151, 255: 27
46, 125, 72, 255: 6
191, 14, 79, 255: 1
252, 82, 218, 255: 1
49, 68, 131, 255: 4
25, 24, 251, 255: 3
186, 123, 253, 255: 1
179, 17, 168, 255: 1
84, 84, 160, 255: 1
144, 175, 128, 255: 4
144, 142, 42, 255: 112
128, 30, 2, 255: 24
128, 177, 134, 255: 8
41, 32, 128, 255: 1
90, 63, 52, 255: 4
103, 41, 51, 255: 5
180, 54, 237, 255: 3
255, 14, 104, 255: 7
38, 213, 125, 255: 9
242, 48, 251, 255: 12
0, 17, 187, 255: 6
49, 170, 55, 255: 2
0, 51, 243, 255: 35
242, 63, 24, 255: 28
37, 44, 182, 255: 20
205, 20, 134, 255: 1139
206, 194, 191, 255: 5
22, 158, 231, 255: 11
251, 92, 229, 255: 1
249, 23, 172, 255: 2
41, 164, 138, 255: 1
157, 110, 205, 255: 1
127, 91, 237, 255: 3
215, 79, 68, 255: 4
197, 206, 110, 255: 5
36, 131, 19, 255: 11
29, 52, 166, 255: 61
135, 167, 47, 255: 21
94, 24, 123, 255: 202
251, 188, 214, 255: 2
188, 140, 37, 255: 2
179, 169, 118, 255: 35
0, 26, 230, 255: 1
55, 253, 59, 255: 135
0, 119, 155, 255: 2
197, 50, 70, 255: 2
0, 216, 157, 255: 15
52, 127, 107, 255: 1
223, 154, 222, 255: 1
57, 151, 11, 255: 2
100, 126, 107, 255: 12
183, 110, 77, 255: 1
30, 216, 163, 255: 1
138, 1, 181, 255: 9
233, 127, 117, 255: 1
93, 214, 57, 255: 3
243, 31, 195, 255: 8
147, 146, 255, 255: 10
181, 248, 158, 255: 3
25, 216, 104, 255: 33
129, 162, 206, 255: 1
90, 77, 82, 255: 15
0, 56, 168, 255: 55
0, 209, 171, 255: 1
189, 154, 150, 255: 1
85, 36, 43, 255: 27
249, 12, 188, 255: 1
243, 249, 61, 255: 13
195, 46, 224, 255: 1
13, 27, 231, 255: 2
106, 30, 21, 255: 68
255, 211, 149, 255: 1
31, 51, 67, 255: 6
0, 75, 129, 255: 3
58, 113, 134, 255: 3
186, 226, 187, 255: 1
248, 75, 43, 255: 1
134, 255, 152, 255: 2
206, 100, 160, 255: 1
0, 18, 31, 255: 1
136, 18, 117, 255: 8
240, 204, 17, 255: 1
39, 245, 2, 255: 13
137, 71, 144, 255: 8
143, 221, 181, 255: 119
84, 237, 54, 255: 1
135, 255, 239, 255: 1
255, 158, 222, 255: 1
231, 159, 231, 255: 7
190, 255, 189, 255: 2
75, 15, 234, 255: 13
143, 104, 127, 255: 4
241, 240, 205, 255: 51
152, 246, 28, 255: 3
0, 53, 123, 255: 110
87, 38, 9, 255: 25
66, 129, 213, 255: 1
48, 141, 41, 255: 3
182, 139, 71, 255: 1
139, 171, 51, 255: 17
182, 25, 35, 255: 1
37, 254, 165, 255: 14
161, 153, 202, 255: 369
95, 35, 227, 255: 1
82, 255, 223, 255: 1
82, 25, 121, 255: 9
181, 154, 26, 255: 97
54, 29, 30, 255: 1
0, 208, 55, 255: 1
111, 244, 229, 255: 24
39, 138, 5, 255: 69
215, 38, 63, 255: 47
184, 133, 154, 255: 2
44, 111, 133, 255: 1
204, 107, 191, 255: 1
86, 102, 154, 255: 3
0, 130, 190, 255: 7
182, 159, 45, 255: 1
241, 252, 225, 255: 23
130, 229, 96, 255: 6
223, 68, 136, 255: 4
228, 250, 38, 255: 2
90, 112, 232, 255: 5
26, 19, 204, 255: 4
107, 144, 94, 255: 12
138, 181, 199, 255: 1
89, 68, 42, 255: 11
45, 237, 143, 255: 3
84, 178, 73, 255: 2
150, 255, 45, 255: 38
248, 26, 181, 255: 1
42, 156, 82, 255: 1
246, 79, 186, 255: 5
113, 70, 114, 255: 15
85, 244, 1, 255: 15
245, 158, 68, 255: 10
0, 138, 93, 255: 7
133, 135, 189, 255: 1
131, 4, 193, 255: 1
0, 248, 143, 255: 1541
180, 134, 188, 255: 1
82, 85, 30, 255: 17
134, 208, 70, 255: 1
35, 255, 25, 255: 11
0, 156, 116, 255: 108
217, 103, 110, 255: 65
144, 212, 89, 255: 3
33, 145, 75, 255: 1
164, 123, 16, 255: 16
26, 38, 178, 255: 2
0, 226, 10, 255: 1
143, 139, 21, 255: 1
168, 19, 125, 255: 2
