89, 159, 48, 255: 1
232, 186, 26, 255: 2
139, 221, 231, 255: 15
12, 159, 241, 255: 8
19, 15, 179, 255: 1
39, 58, 121, 255: 90
39, 110, 248, 255: 2
248, 196, 104, 255: 14
74, 207, 85, 255: 1
244, 218, 195, 255: 7
126, 186, 178, 255: 3
92, 161, 32, 255: 6
204, 79, 117, 255: 2
140, 255, 132, 255: 2
235, 108, 6, 255: 25
86, 164, 236, 255: 1
90, 237, 241, 255: 17
101, 201, 172, 255: 10
75, 103, 36, 255: 11
91, 29, 39, 255: 37
190, 184, 147, 255: 3
11, 246, 43, 255: 3
173, 188, 23, 255: 2
76, 209, 87, 255: 3
223, 222, 187, 255: 2
89, 15, 100, 255: 6
140, 106, 162, 255: 5
94, 231, 152, 255: 3
80, 190, 25, 255: 119
240, 163, 166, 255: 35
102, 123, 251, 255: 7
34, 246, 225, 255: 2
82, 255, 165, 255: 1
0, 166, 190, 255: 1
251, 182, 96, 255: 1
241, 56, 15, 255: 1
114, 217, 247, 255: 1
73, 73, 175, 255: 2
0, 118, 114, 255: 106
148, 110, 115, 255: 3
69, 237, 113, 255: 1
92, 98, 22, 255: 6
178, 113, 180, 255: 1
0, 222, 10, 255: 2
81, 1, 171, 255: 1
96, 108, 109, 255: 6
247, 156, 88, 255: 3
189, 243, 209, 255: 6
238, 28, 255, 255: 3
81, 179, 52, 255: 1
137, 255, 131, 255: 1
79, 167, 19, 255: 6
186, 148, 46, 255: 9
76, 255, 253, 255: 1
198, 237, 35, 255: 1
219, 241, 249, 255: 1
93, 40, 216, 255: 25
86, 104, 174, 255: 4
95, 255, 205, 255: 2
0, 155, 105, 255: 1
127, 115, 251, 255: 4
45, 91, 241, 255: 75
0, 161, 154, 255: 5
173, 75, 89, 255: 1
117, 248, 133, 255: 2
96, 90, 226, 255: 1
186, 98, 86, 255: 119
34, 126, 172, 255: 11
45, 28, 196, 255: 9
220, 167, 160, 255: 11
241, 167, 185, 255: 3
200, 90, 107, 255: 12
139, 226, 255, 255: 5
30, 122, 168, 255: 4
136, 243, 21, 255: 130
235, 243, 255, 255: 1
88, 132, 14, 255: 3
244, 116, 62, 255: 61
127, 148, 19, 255: 19
118, 141, 111, 255: 1
83, 238, 134, 255: 2
120, 159, 208, 255: 1
0, 116, 69, 255: 1
239, 36, 247, 255: 2
80, 176, 133, 255: 1
35, 87, 203, 255: 6
7, 233, 159, 255: 1
48, 114, 184, 255: 27
36, 32, 161, 255: 6
80, 31, 2, 255: 86
79, 50, 232, 255: 1
44, 211, 212, 255: 1
23, 250, 134, 255: 13
107, 224, 233, 255: 3
100, 157, 27, 255: 1
130, 18, 186, 255: 1
69, 124, 41, 255: 1
242, 143, 128, 255: 6
127, 57, 116, 255: 38
245, 129, 72, 255: 3
193, 63, 160, 255: 10
198, 88, 105, 255: 23
125, 255, 135, 255: 1
247, 107, 44, 255: 24
231, 22, 54, 255: 7
61, 155, 169, 255: 60
76, 45, 193, 255: 10
151, 223, 114, 255: 5
198, 81, 30, 255: 39
195, 120, 32, 255: 4
49, 217, 133, 255: 1
116, 59, 226, 255: 25
98, 151, 219, 255: 18
91, 230, 186, 255: 3
190, 255, 236, 255: 1
5, 143, 99, 255: 1
77, 82, 125, 255: 11
78, 235, 230, 255: 1
228, 131, 214, 255: 2
137, 18, 202, 255: 37
35, 215, 196, 255: 2
73, 15, 76, 255: 8
29, 198, 68, 255: 1
140, 65, 192, 255: 1
34, 55, 208, 255: 2
178, 135, 220, 255: 1
252, 104, 130, 255: 7
191, 254, 113, 255: 2
140, 105, 106, 255: 10
194, 174, 4, 255: 49
239, 105, 111, 255: 2
134, 241, 19, 255: 44
29, 171, 183, 255: 5
202, 147, 81, 255: 8
220, 104, 13, 255: 29
179, 86, 5, 255: 1
202, 248, 158, 255: 2
179, 226, 88, 255: 2
132, 84, 255, 255: 1
231, 170, 251, 255: 2
41, 11, 199, 255: 3
129, 191, 26, 255: 36
69, 114, 160, 255: 1
24, 15, 75, 255: 1
131, 196, 232, 255: 6
183, 118, 32, 255: 1
110, 233, 55, 255: 1
60, 172, 106, 255: 45
167, 33, 15, 255: 24
190, 69, 158, 255: 4
78, 221, 144, 255: 1
110, 137, 78, 255: 1
10, 204, 37, 255: 1
58, 99, 140, 255: 2352
181, 151, 180, 255: 3
181, 39, 247, 255: 4
139, 114, 14, 255: 3
26, 58, 255, 255: 1
0, 4, 41, 255: 35
26, 80, 122, 255: 3
72, 255, 215, 255: 2
91, 130, 210, 255: 1
9, 191, 169, 255: 7
83, 213, 3, 255: 1
0, 3, 10, 255: 4
185, 164, 103, 255: 1
227, 152, 24, 255: 11
184, 69, 226, 255: 50
62, 174, 108, 255: 51
9, 254, 60, 255: 6
0, 51, 86, 255: 3779
30, 206, 33, 255: 1
21, 72, 16, 255: 3
147, 168, 74, 255: 1
234, 171, 189, 255: 3
97, 40, 255, 255: 1
38, 64, 122, 255: 3
87, 255, 202, 255: 1
201, 244, 158, 255: 7
133, 198, 234, 255: 10
228, 162, 235, 255: 3
142, 28, 153, 255: 1
141, 174, 226, 255: 19
84, 230, 216, 255: 5
235, 164, 15, 255: 8
75, 119, 1, 255: 1
185, 128, 44, 255: 5
154, 215, 200, 255: 1
225, 2, 20, 255: 17
152, 93, 255, 255: 1
229, 132, 215, 255: 12
153, 106, 201, 255: 3
203, 189, 87, 255: 2
59, 133, 74, 255: 1
70, 197, 109, 255: 1
103, 121, 191, 255: 2
190, 42, 146, 255: 42
243, 255, 226, 255: 9
228, 127, 49, 255: 2
40, 11, 187, 255: 6
236, 63, 93, 255: 3
135, 189, 113, 255: 6
76, 151, 160, 255: 1
79, 46, 249, 255: 4
245, 63, 18, 255: 1
32, 31, 156, 255: 1
33, 216, 255, 255: 1
142, 255, 183, 255: 1
165, 212, 178, 255: 1
134, 239, 175, 255: 13
166, 34, 217, 255: 2
191, 187, 248, 255: 2
80, 155, 248, 255: 28
137, 143, 108, 255: 1
242, 182, 25, 255: 1
152, 97, 25, 255: 2
16, 98, 99, 255: 1
189, 52, 165, 255: 10
190, 236, 18, 255: 4
142, 255, 134, 255: 2
37, 58, 47, 255: 2
87, 179, 231, 255: 1
0, 114, 32, 255: 6
251, 103, 129, 255: 7
237, 68, 3, 255: 62
144, 79, 253, 255: 3
30, 183, 77, 255: 1
18, 101, 99, 255: 4
88, 39, 10, 255: 17
235, 144, 255, 255: 1
177, 81, 158, 255: 11
39, 197, 32, 255: 24
147, 255, 230, 255: 2
111, 239, 41, 255: 1
95, 204, 77, 255: 1
191, 255, 73, 255: 1
242, 255, 71, 255: 1
51, 117, 146, 255: 1
86, 159, 44, 255: 2
31, 231, 201, 255: 2
0, 104, 245, 255: 11
142, 147, 78, 255: 1
9, 156, 136, 255: 1
85, 76, 59, 255: 17
188, 76, 213, 255: 1
193, 25, 1, 255: 4
189, 181, 228, 255: 43
145, 231, 255, 255: 1
219, 144, 17, 255: 1099
151, 28, 161, 255: 5
251, 40, 84, 255: 2
246, 87, 105, 255: 1
243, 123, 236, 255: 33
134, 98, 91, 255: 2
34, 255, 109, 255: 1
48, 106, 9, 255: 18
255, 15, 101, 255: 1
243, 250, 173, 255: 1
0, 64, 108, 255: 14
27, 56, 17, 255: 6
226, 185, 247, 255: 1
100, 255, 144, 255: 1
0, 174, 241, 255: 2
61, 179, 68, 255: 1
187, 3, 110, 255: 60
144, 96, 173, 255: 3
82, 5, 248, 255: 1
40, 127, 104, 255: 4
127, 154, 247, 255: 3
194, 3, 115, 255: 2
57, 107, 201, 255: 1
138, 174, 68, 255: 1
31, 57, 12, 255: 15
106, 91, 108, 255: 2
241, 146, 247, 255: 2
234, 239, 16, 255: 4
96, 14, 224, 255: 2
84, 127, 82, 255: 4
86, 82, 253, 255: 11
61, 231, 207, 255: 54
209, 253, 24, 255: 1456
146, 50, 167, 255: 15
247, 168, 245, 255: 4
118, 172, 96, 255: 2
0, 228, 212, 255: 1
12, 202, 91, 255: 879
183, 8, 60, 255: 3
94, 196, 255, 255: 3
132, 96, 89, 255: 2
198, 174, 25, 255: 2
91, 43, 160, 255: 1
210, 83, 85, 255: 2
115, 199, 53, 255: 6
0, 22, 196, 255: 1
95, 189, 48, 255: 1
240, 219, 47, 255: 1
100, 30, 129, 255: 20
242, 156, 249, 255: 7
187, 204, 240, 255: 22
192, 255, 122, 255: 3
91, 252, 209, 255: 1
221, 149, 119, 255: 2
30, 169, 83, 255: 147
28, 134, 22, 255: 1
142, 255, 30, 255: 2
38, 101, 72, 255: 4
186, 152, 131, 255: 1
19, 124, 141, 255: 1
238, 47, 220, 255: 2
190, 165, 182, 255: 1
135, 110, 120, 255: 1
163, 182, 215, 255: 2
141, 98, 34, 255: 4
193, 7, 51, 255: 2
0, 227, 49, 255: 1
237, 255, 108, 255: 1
81, 113, 60, 255: 1
195, 13, 35, 255: 1
91, 223, 76, 255: 1
192, 36, 9, 255: 4
36, 95, 241, 255: 16
136, 113, 255, 255: 1
197, 172, 189, 255: 3
0, 210, 18, 255: 71
30, 189, 195, 255: 2
103, 68, 165, 255: 4
85, 195, 65, 255: 11
155, 103, 129, 255: 6
46, 9, 255, 255: 1
181, 60, 149, 255: 4
241, 164, 83, 255: 20
132, 226, 161, 255: 2
161, 235, 185, 255: 2
37, 75, 58, 255: 9
40, 31, 91, 255: 11
149, 177, 7, 255: 21
84, 178, 191, 255: 28
144, 228, 81, 255: 2
238, 210, 124, 255: 6
130, 60, 255, 255: 1
12, 13, 109, 255: 1
30, 72, 106, 255: 79
64, 105, 146, 255: 45
82, 222, 242, 255: 8
85, 239, 238, 255: 20
88, 253, 5, 255: 20
33, 100, 158, 255: 37
253, 185, 117, 255: 1
223, 117, 35, 255: 29
246, 142, 231, 255: 3
102, 175, 60, 255: 3
29, 3, 242, 255: 12
83, 183, 146, 255: 3
200, 128, 139, 255: 2
80, 39, 177, 255: 48
83, 226, 216, 255: 5
130, 209, 121, 255: 14
211, 120, 17, 255: 2
220, 63, 8, 255: 3
0, 65, 177, 255: 135
232, 14, 100, 255: 5
33, 165, 84, 255: 1
252, 228, 223, 255: 12
245, 105, 162, 255: 7
44, 170, 123, 255: 160
230, 189, 251, 255: 4
70, 133, 217, 255: 5
188, 129, 119, 255: 7
0, 180, 124, 255: 1
69, 227, 129, 255: 2
149, 130, 209, 255: 20
130, 201, 238, 255: 7
40, 2, 232, 255: 7
0, 174, 112, 255: 1
184, 197, 79, 255: 3
138, 195, 99, 255: 5
37, 63, 18, 255: 2
207, 209, 57, 255: 1
43, 14, 190, 255: 1
98, 38, 147, 255: 31
197, 92, 50, 255: 2
244, 11, 165, 255: 13
118, 225, 224, 255: 1
180, 193, 75, 255: 2
28, 203, 115, 255: 15
27, 2, 156, 255: 1
46, 49, 137, 255: 5
228, 87, 109, 255: 1
187, 150, 149, 255: 1
57, 81, 45, 255: 5
243, 20, 73, 255: 3
92, 43, 14, 255: 1
232, 81, 26, 255: 1
16, 228, 135, 255: 2
91, 177, 161, 255: 3
94, 206, 139, 255: 2
200, 92, 207, 255: 47
0, 242, 137, 255: 1269
197, 62, 193, 255: 1
26, 234, 234, 255: 5
61, 171, 7, 255: 124
250, 65, 178, 255: 2
99, 122, 133, 255: 1
239, 71, 255, 255: 7
227, 216, 171, 255: 11
157, 229, 81, 255: 1813
45, 152, 186, 255: 44
232, 77, 145, 255: 6
43, 97, 56, 255: 1
0, 173, 241, 255: 1
131, 102, 99, 255: 2
34, 134, 55, 255: 1
132, 218, 89, 255: 2
27, 37, 79, 255: 2
89, 87, 65, 255: 9
190, 95, 53, 255: 1
0, 213, 179, 255: 18
84, 98, 87, 255: 2
185, 7, 218, 255: 32
0, 253, 226, 255: 2
138, 169, 122, 255: 12
80, 110, 141, 255: 113
246, 194, 102, 255: 18
53, 97, 20, 255: 1
237, 252, 239, 255: 1
104, 69, 166, 255: 2
85, 130, 176, 255: 8
255, 223, 50, 255: 6
192, 135, 51, 255: 4
44, 151, 185, 255: 59
70, 227, 94, 255: 1
142, 48, 0, 255: 2
248, 30, 90, 255: 4
233, 197, 10, 255: 1
183, 196, 78, 255: 2
11, 94, 93, 255: 1
83, 237, 236, 255: 27
86, 102, 73, 255: 3
177, 93, 178, 255: 1
80, 110, 39, 255: 3
23, 74, 18, 255: 5
32, 196, 134, 255: 12
34, 129, 135, 255: 10
0, 184, 162, 255: 123
186, 207, 1, 255: 5
29, 110, 239, 255: 1
0, 107, 25, 255: 900
0, 249, 110, 255: 7
97, 134, 123, 255: 40
30, 226, 229, 255: 1
247, 215, 42, 255: 51
138, 54, 236, 255: 3
234, 124, 136, 255: 20
117, 138, 10, 255: 25
13, 207, 40, 255: 1
172, 183, 151, 255: 2
185, 212, 74, 255: 1
141, 18, 49, 255: 10
247, 176, 164, 255: 1
144, 167, 56, 255: 5
133, 255, 1, 255: 2
78, 15, 171, 255: 3
75, 226, 25, 255: 15
76, 54, 10, 255: 3
247, 133, 139, 255: 1
248, 253, 158, 255: 1
251, 238, 139, 255: 3
255, 145, 12, 255: 16
140, 134, 90, 255: 1
126, 57, 151, 255: 3
90, 255, 203, 255: 2
83, 226, 114, 255: 1
213, 17, 123, 255: 74
88, 125, 13, 255: 1
0, 62, 51, 255: 7
255, 129, 173, 255: 3
44, 68, 63, 255: 2
206, 84, 66, 255: 1
199, 234, 135, 255: 5
85, 227, 162, 255: 5
248, 61, 111, 255: 1
84, 27, 123, 255: 14
195, 233, 104, 255: 6
212, 52, 154, 255: 2
129, 203, 82, 255: 1
78, 125, 13, 255: 2
6, 53, 156, 255: 59
159, 63, 27, 255: 1
193, 136, 52, 255: 7
157, 53, 220, 255: 135
190, 14, 32, 255: 20
177, 71, 174, 255: 1
0, 11, 52, 255: 1
194, 231, 186, 255: 4
38, 123, 10, 255: 1
185, 59, 242, 255: 8
78, 224, 210, 255: 1
2, 88, 71, 255: 2
80, 196, 99, 255: 11
195, 108, 131, 255: 3
82, 136, 101, 255: 1
0, 184, 98, 255: 16
36, 255, 15, 255: 1
226, 253, 49, 255: 1
136, 6, 216, 255: 29
0, 101, 177, 255: 100
133, 15, 114, 255: 3
5, 61, 75, 255: 3
186, 193, 255, 255: 26
93, 136, 194, 255: 1
81, 1, 18, 255: 1
74, 14, 12, 255: 3
113, 21, 190, 255: 1
237, 12, 77, 255: 1
93, 216, 77, 255: 15
208, 155, 188, 255: 1
24, 62, 190, 255: 2
127, 54, 14, 255: 3
88, 100, 246, 255: 8
0, 11, 172, 255: 2
85, 17, 104, 255: 18
40, 92, 208, 255: 3
248, 105, 175, 255: 1
75, 23, 50, 255: 1
183, 245, 86, 255: 66
30, 7, 252, 255: 18
146, 255, 112, 255: 1
75, 169, 181, 255: 8
34, 198, 136, 255: 32
41, 255, 7, 255: 4
131, 100, 254, 255: 9
134, 159, 36, 255: 4
0, 201, 133, 255: 14
25, 243, 217, 255: 13
98, 72, 79, 255: 9
90, 69, 43, 255: 14
216, 127, 123, 255: 10
236, 60, 120, 255: 7
200, 166, 8, 255: 2
165, 36, 61, 255: 17
187, 141, 128, 255: 2
138, 148, 46, 255: 22
16, 169, 216, 255: 1
78, 22, 181, 255: 5
172, 222, 55, 255: 1
112, 160, 119, 255: 1
90, 200, 35, 255: 3
243, 6, 44, 255: 1
43, 216, 176, 255: 2
197, 130, 56, 255: 1
167, 173, 98, 255: 1
255, 144, 198, 255: 1
84, 158, 97, 255: 14
221, 138, 99, 255: 3
0, 53, 88, 255: 115
190, 68, 76, 255: 7
157, 86, 192, 255: 1
144, 0, 196, 255: 2
188, 166, 153, 255: 9
194, 255, 101, 255: 1
193, 118, 133, 255: 6
237, 255, 83, 255: 4
32, 1, 43, 255: 14
177, 38, 53, 255: 2
107, 92, 223, 255: 184
32, 146, 174, 255: 2
139, 57, 52, 255: 2
26, 60, 182, 255: 14
164, 7, 202, 255: 29
250, 9, 99, 255: 4
239, 178, 157, 255: 1
126, 237, 203, 255: 1
189, 109, 208, 255: 1
87, 131, 13, 255: 3
92, 190, 63, 255: 66
98, 63, 160, 255: 26
184, 30, 66, 255: 3
249, 2, 169, 255: 2
97, 222, 182, 255: 45
31, 239, 239, 255: 14
197, 215, 141, 255: 2
40, 74, 255, 255: 6
27, 169, 89, 255: 2
234, 151, 214, 255: 11
140, 92, 169, 255: 24
194, 157, 165, 255: 18
178, 177, 72, 255: 6
83, 91, 104, 255: 1
6, 84, 156, 255: 1
59, 246, 43, 255: 3
211, 158, 151, 255: 1
90, 83, 164, 255: 14
81, 13, 65, 255: 31
184, 50, 31, 255: 3
50, 215, 8, 255: 4
148, 71, 109, 255: 4
42, 173, 255, 255: 3
209, 121, 156, 255: 3
0, 197, 253, 255: 24
84, 11, 166, 255: 1
186, 148, 10, 255: 1
0, 1, 38, 255: 1
12, 123, 208, 255: 138
0, 239, 135, 255: 1
159, 82, 80, 255: 36
139, 196, 255, 255: 1
146, 117, 114, 255: 1
0, 92, 133, 255: 995
189, 165, 255, 255: 85
73, 173, 254, 255: 25
140, 193, 164, 255: 7
194, 235, 131, 255: 1
77, 141, 4, 255: 2
150, 133, 55, 255: 4
224, 42, 24, 255: 1
36, 124, 237, 255: 23
80, 245, 151, 255: 6
236, 123, 10, 255: 1
193, 54, 104, 255: 10
244, 79, 28, 255: 23
182, 183, 176, 255: 1
37, 188, 130, 255: 1
41, 128, 70, 255: 5
144, 9, 150, 255: 16
0, 175, 242, 255: 7
65, 134, 6, 255: 1
143, 104, 8, 255: 45
56, 119, 178, 255: 1
174, 175, 132, 255: 3
150, 37, 77, 255: 1
195, 255, 170, 255: 2
131, 25, 189, 255: 1
116, 76, 64, 255: 22
160, 249, 178, 255: 74
240, 176, 159, 255: 10
189, 66, 56, 255: 4
244, 120, 117, 255: 2
238, 250, 241, 255: 1
154, 3, 49, 255: 7
109, 69, 57, 255: 1
134, 7, 196, 255: 2
29, 119, 66, 255: 1
28, 142, 68, 255: 12
0, 100, 210, 255: 1
0, 221, 98, 255: 1
142, 167, 52, 255: 4
141, 80, 85, 255: 18
253, 92, 241, 255: 9
77, 130, 87, 255: 1
32, 242, 49, 255: 43
242, 34, 177, 255: 33
62, 252, 147, 255: 34
203, 57, 178, 255: 1
68, 13, 198, 255: 2
130, 247, 255, 255: 39
180, 92, 80, 255: 61
87, 171, 193, 255: 1
131, 177, 72, 255: 1
237, 106, 108, 255: 1
27, 56, 238, 255: 7
179, 114, 28, 255: 2
0, 207, 41, 255: 4
52, 198, 71, 255: 8
63, 137, 231, 255: 1052
247, 150, 233, 255: 10
233, 111, 206, 255: 3
31, 38, 212, 255: 1
248, 243, 157, 255: 20
41, 100, 211, 255: 5
86, 126, 240, 255: 2
186, 176, 161, 255: 37
246, 73, 213, 255: 15
138, 132, 208, 255: 2
139, 115, 253, 255: 1
43, 134, 192, 255: 3
252, 157, 2, 255: 2
25, 241, 153, 255: 3
144, 255, 218, 255: 1
166, 29, 143, 255: 2
123, 58, 83, 255: 1
99, 48, 67, 255: 42
29, 141, 4, 255: 6
199, 137, 157, 255: 1
240, 239, 204, 255: 60
252, 255, 255, 255: 2
95, 128, 103, 255: 5
37, 191, 231, 255: 1
144, 140, 161, 255: 3
0, 246, 240, 255: 3
236, 142, 196, 255: 3
51, 4, 115, 255: 1
194, 180, 5, 255: 1
92, 18, 1, 255: 2
128, 124, 109, 255: 1
88, 23, 54, 255: 2
241, 180, 255, 255: 19
186, 47, 97, 255: 5
129, 115, 23, 255: 1
7, 76, 95, 255: 1
229, 9, 227, 255: 1
46, 252, 9, 255: 65
155, 200, 107, 255: 3
131, 125, 165, 255: 89
184, 27, 37, 255: 1
130, 253, 227, 255: 2
136, 251, 161, 255: 5
171, 143, 16, 255: 1
192, 77, 234, 255: 2
79, 93, 82, 255: 2
32, 194, 34, 255: 3
99, 197, 70, 255: 47
90, 8, 218, 255: 3
202, 155, 0, 255: 4
50, 251, 195, 255: 1
47, 85, 68, 255: 51
28, 198, 205, 255: 1
111, 46, 46, 255: 2
174, 191, 124, 255: 3
87, 211, 153, 255: 3
191, 255, 203, 255: 1
124, 161, 110, 255: 1
46, 40, 115, 255: 4
183, 57, 240, 255: 6
196, 49, 69, 255: 9
129, 76, 110, 255: 4
192, 6, 50, 255: 7
0, 145, 27, 255: 15
163, 92, 158, 255: 2
0, 254, 192, 255: 36
2, 251, 67, 255: 1
40, 175, 38, 255: 26
198, 206, 122, 255: 26
141, 220, 14, 255: 2
186, 160, 50, 255: 1
7, 225, 201, 255: 1235
95, 215, 106, 255: 1
136, 210, 191, 255: 3
47, 135, 248, 255: 3
240, 128, 152, 255: 5
135, 186, 12, 255: 1
123, 27, 34, 255: 1
115, 111, 251, 255: 17
201, 244, 56, 255: 6
243, 100, 255, 255: 2
91, 6, 127, 255: 1
135, 33, 38, 255: 13
24, 152, 58, 255: 35
119, 206, 29, 255: 1
26, 19, 239, 255: 2
244, 77, 184, 255: 7
36, 194, 29, 255: 37
236, 216, 5, 255: 72
88, 167, 47, 255: 3
78, 213, 190, 255: 3
190, 224, 116, 255: 12
203, 65, 251, 255: 1
40, 174, 255, 255: 7
0, 54, 124, 255: 55
158, 247, 176, 255: 68
166, 59, 128, 255: 881
9, 144, 218, 255: 1
92, 255, 53, 255: 2
202, 88, 127, 255: 1
82, 66, 126, 255: 7
33, 84, 63, 255: 5
186, 154, 59, 255: 3
187, 125, 136, 255: 33
80, 125, 135, 255: 1
6, 40, 164, 255: 24
85, 255, 3, 255: 4
43, 227, 85, 255: 6
191, 193, 67, 255: 4
30, 92, 45, 255: 19
31, 207, 34, 255: 3
242, 128, 134, 255: 9
27, 243, 119, 255: 39
0, 26, 106, 255: 16
146, 124, 224, 255: 4
149, 213, 39, 255: 1
50, 133, 177, 255: 2
142, 85, 68, 255: 7
37, 247, 157, 255: 1
81, 98, 57, 255: 5
138, 255, 85, 255: 11
121, 15, 76, 255: 8
241, 14, 164, 255: 11
188, 160, 78, 255: 3
129, 141, 102, 255: 31
91, 173, 24, 255: 3
93, 197, 139, 255: 5
0, 250, 214, 255: 10
234, 170, 153, 255: 7
42, 148, 45, 255: 1
64, 146, 151, 255: 1157
69, 144, 237, 255: 2
77, 199, 206, 255: 1
240, 3, 143, 255: 32
232, 246, 123, 255: 1
197, 248, 227, 255: 26
187, 124, 254, 255: 1
160, 141, 180, 255: 117
83, 201, 203, 255: 94
238, 106, 74, 255: 2
35, 23, 20, 255: 117
31, 159, 65, 255: 32
39, 139, 214, 255: 1
145, 229, 184, 255: 3
238, 189, 186, 255: 1
30, 62, 122, 255: 6
3, 169, 211, 255: 2
189, 196, 222, 255: 1
149, 92, 177, 255: 1
69, 149, 55, 255: 6
147, 40, 149, 255: 43
186, 13, 1, 255: 1
37, 166, 243, 255: 1
251, 150, 183, 255: 56
31, 79, 181, 255: 14
237, 254, 76, 255: 11
143, 231, 200, 255: 22
90, 176, 160, 255: 7
254, 224, 150, 255: 15
106, 159, 227, 255: 2
155, 111, 8, 255: 1
228, 155, 125, 255: 2
84, 133, 157, 255: 2
49, 43, 118, 255: 2
100, 93, 21, 255: 1
21, 53, 250, 255: 1
131, 202, 239, 255: 13
131, 191, 219, 255: 3
75, 7, 59, 255: 35
132, 59, 148, 255: 2
82, 73, 56, 255: 1
136, 175, 39, 255: 5
0, 109, 219, 255: 1
187, 22, 151, 255: 1
144, 85, 152, 255: 5
0, 236, 123, 255: 40
131, 59, 55, 255: 7
137, 97, 239, 255: 2
136, 205, 255, 255: 6
197, 198, 38, 255: 1
225, 157, 132, 255: 1
0, 164, 90, 255: 3
145, 85, 200, 255: 6
76, 19, 182, 255: 1
0, 188, 234, 255: 19
140, 134, 21, 255: 1
146, 214, 91, 255: 2
228, 241, 83, 255: 4
189, 148, 142, 255: 18
182, 72, 42, 255: 6
137, 156, 184, 255: 11
94, 22, 206, 255: 1
44, 60, 25, 255: 1
193, 156, 155, 255: 5
147, 247, 225, 255: 3
92, 154, 132, 255: 3
233, 195, 99, 255: 14
189, 251, 195, 255: 1
0, 7, 168, 255: 10
184, 84, 110, 255: 2
194, 28, 128, 255: 3
127, 13, 163, 255: 27
34, 46, 33, 255: 2
187, 185, 45, 255: 4
85, 231, 63, 255: 49
187, 116, 217, 255: 28
0, 9, 205, 255: 7
30, 224, 209, 255: 5
181, 44, 157, 255: 1
249, 242, 58, 255: 4
230, 235, 166, 255: 3
31, 231, 29, 255: 57
242, 86, 201, 255: 25
15, 90, 23, 255: 1
63, 87, 51, 255: 2
138, 201, 71, 255: 3
36, 2, 74, 255: 6
139, 113, 115, 255: 14
189, 8, 213, 255: 7
130, 255, 11, 255: 1
190, 227, 218, 255: 15
67, 243, 30, 255: 1
107, 222, 133, 255: 1
172, 211, 10, 255: 1
84, 55, 118, 255: 2
255, 247, 246, 255: 2
94, 200, 138, 255: 1
24, 160, 233, 255: 12
181, 26, 135, 255: 1
77, 169, 119, 255: 3
42, 213, 228, 255: 22
244, 24, 158, 255: 26
132, 167, 171, 255: 3
9, 164, 55, 255: 1
41, 41, 30, 255: 2
0, 106, 247, 255: 2
0, 18, 0, 255: 2345
36, 143, 177, 255: 38
86, 182, 212, 255: 6
214, 178, 146, 255: 222
190, 22, 254, 255: 1
62, 139, 75, 255: 1
145, 241, 121, 255: 58
37, 132, 138, 255: 1
0, 192, 238, 255: 11
208, 50, 35, 255: 2
159, 160, 119, 255: 84
3, 78, 51, 255: 6
91, 62, 125, 255: 10
56, 232, 59, 255: 1
232, 28, 221, 255: 77
86, 255, 96, 255: 3
206, 40, 114, 255: 2
218, 229, 204, 255: 10
12, 211, 10, 255: 80
96, 207, 179, 255: 1
35, 177, 190, 255: 18
143, 190, 222, 255: 3
104, 249, 128, 255: 4
235, 230, 34, 255: 3
85, 154, 25, 255: 21
191, 102, 26, 255: 18
100, 242, 177, 255: 2
183, 118, 252, 255: 1
121, 128, 123, 255: 1
247, 255, 240, 255: 2
145, 178, 230, 255: 11
30, 183, 10, 255: 2
182, 136, 123, 255: 6
48, 158, 33, 255: 13
221, 27, 231, 255: 1
99, 250, 22, 255: 1
36, 60, 209, 255: 3
66, 209, 97, 255: 1
186, 242, 153, 255: 2
217, 60, 5, 255: 44
199, 74, 214, 255: 1
46, 221, 169, 255: 2
42, 168, 121, 255: 68
135, 121, 96, 255: 5
127, 252, 69, 255: 4
90, 68, 126, 255: 10
122, 71, 51, 255: 1
180, 70, 194, 255: 1
245, 174, 162, 255: 4
238, 36, 145, 255: 1
184, 188, 244, 255: 23
0, 173, 9, 255: 1079
37, 153, 97, 255: 17
28, 220, 142, 255: 1
142, 66, 56, 255: 6
140, 22, 121, 255: 54
144, 193, 150, 255: 1
164, 200, 54, 255: 1
22, 89, 8, 255: 1
204, 96, 58, 255: 1
231, 193, 97, 255: 10
242, 120, 62, 255: 2
89, 31, 92, 255: 9
89, 255, 238, 255: 1
178, 35, 106, 255: 13
57, 194, 117, 255: 4
83, 95, 241, 255: 13
158, 18, 74, 255: 1
102, 87, 104, 255: 10
76, 249, 66, 255: 6
142, 108, 199, 255: 14
240, 196, 134, 255: 6
24, 64, 255, 255: 32
123, 152, 190, 255: 2
20, 238, 212, 255: 1
137, 202, 135, 255: 4
243, 17, 166, 255: 4
249, 134, 188, 255: 1
183, 145, 7, 255: 4
37, 171, 255, 255: 3
44, 136, 182, 255: 1
91, 187, 218, 255: 23
240, 179, 255, 255: 11
246, 114, 46, 255: 1
102, 109, 41, 255: 1
87, 222, 45, 255: 5
239, 185, 113, 255: 5
67, 81, 35, 255: 9
85, 240, 255, 255: 3
141, 250, 127, 255: 5
0, 211, 79, 255: 1
20, 40, 56, 255: 3
245, 20, 85, 255: 40
85, 240, 136, 255: 5
25, 65, 36, 255: 4
191, 171, 1, 255: 11
27, 207, 188, 255: 1
40, 74, 79, 255: 4
0, 229, 82, 255: 4
0, 241, 102, 255: 12
75, 210, 187, 255: 5
31, 195, 97, 255: 22
118, 237, 89, 255: 1
49, 90, 171, 255: 4
60, 82, 204, 255: 202
129, 114, 244, 255: 28
159, 187, 232, 255: 1
143, 171, 1, 255: 4
10, 159, 84, 255: 99
136, 177, 223, 255: 38
184, 234, 102, 255: 9
43, 199, 72, 255: 2
31, 30, 155, 255: 2
0, 76, 197, 255: 116
251, 221, 147, 255: 28
10, 157, 137, 255: 2
244, 244, 244, 255: 8
125, 245, 223, 255: 1
93, 228, 51, 255: 1
0, 58, 136, 255: 1660
12, 126, 53, 255: 2
0, 90, 212, 255: 1
130, 116, 91, 255: 1
69, 39, 84, 255: 2
186, 248, 6, 255: 1
66, 31, 135, 255: 1
192, 187, 178, 255: 1
0, 109, 62, 255: 14
152, 53, 73, 255: 9
176, 14, 165, 255: 1
0, 139, 20, 255: 68
38, 227, 153, 255: 1
36, 170, 15, 255: 4
89, 191, 115, 255: 7
131, 127, 45, 255: 11
230, 70, 171, 255: 5
100, 74, 81, 255: 8
86, 173, 37, 255: 15
84, 211, 123, 255: 37
115, 154, 203, 255: 8
230, 100, 157, 255: 1
27, 196, 39, 255: 1
194, 10, 219, 255: 1
34, 254, 144, 255: 4
214, 178, 249, 255: 1
193, 83, 27, 255: 4
181, 163, 201, 255: 64
10, 36, 249, 255: 33
206, 98, 213, 255: 3
183, 200, 255, 255: 1
171, 182, 150, 255: 1
114, 160, 20, 255: 1
32, 97, 21, 255: 1
93, 42, 61, 255: 15
32, 234, 166, 255: 21
100, 85, 102, 255: 2
130, 30, 195, 255: 4
207, 232, 226, 255: 2
91, 17, 102, 255: 2
40, 111, 10, 255: 2
0, 24, 104, 255: 44
191, 255, 145, 255: 3
80, 61, 217, 255: 4
255, 246, 24, 255: 4
41, 48, 186, 255: 2
82, 66, 193, 255: 1
158, 131, 146, 255: 1
129, 219, 176, 255: 1
0, 87, 86, 255: 128
129, 129, 17, 255: 19
128, 28, 193, 255: 3
47, 121, 255, 255: 2
49, 222, 182, 255: 4
2, 77, 50, 255: 4
141, 126, 0, 255: 1
83, 255, 140, 255: 7
81, 253, 108, 255: 1
131, 123, 100, 255: 13
29, 48, 111, 255: 2
0, 125, 22, 255: 1
87, 145, 255, 255: 1
133, 248, 193, 255: 21
190, 28, 153, 255: 1
31, 43, 183, 255: 4
191, 7, 114, 255: 9
197, 7, 221, 255: 18
21, 209, 254, 255: 7
0, 157, 82, 255: 1302
33, 53, 69, 255: 5
249, 18, 7, 255: 3
195, 2, 245, 255: 1
139, 76, 93, 255: 5
138, 27, 122, 255: 23
28, 150, 243, 255: 30
184, 125, 199, 255: 58
134, 237, 185, 255: 1
177, 139, 1, 255: 13
118, 90, 112, 255: 2
0, 144, 248, 255: 3
246, 145, 178, 255: 22
0, 57, 127, 255: 3
183, 220, 175, 255: 22
247, 87, 188, 255: 1
234, 225, 23, 255: 46
0, 79, 201, 255: 2132
182, 48, 167, 255: 3
138, 87, 101, 255: 20
36, 223, 60, 255: 26
78, 127, 78, 255: 20
137, 26, 157, 255: 12
1, 131, 136, 255: 2400
159, 231, 83, 255: 228
248, 1, 168, 255: 4
230, 219, 174, 255: 35
134, 177, 128, 255: 2
166, 120, 72, 255: 11
69, 220, 19, 255: 2
0, 98, 84, 255: 1
29, 255, 175, 255: 1
40, 39, 10, 255: 6
145, 61, 140, 255: 1
78, 255, 255, 255: 2
227, 161, 199, 255: 7
182, 4, 215, 255: 24
216, 108, 184, 255: 4
3, 51, 194, 255: 3
238, 59, 241, 255: 13
204, 187, 115, 255: 4
181, 33, 137, 255: 22
97, 73, 77, 255: 1
182, 39, 110, 255: 9
51, 172, 57, 255: 2
242, 255, 255, 255: 1
95, 162, 226, 255: 2
135, 82, 254, 255: 26
170, 160, 109, 255: 4
102, 84, 2, 255: 4
91, 10, 101, 255: 39
59, 48, 14, 255: 1
140, 66, 74, 255: 8
86, 192, 232, 255: 8
237, 236, 201, 255: 97
35, 185, 109, 255: 39
81, 201, 118, 255: 3
33, 188, 216, 255: 46
217, 15, 52, 255: 23
45, 63, 210, 255: 1
203, 211, 127, 255: 22
192, 78, 81, 255: 1
41, 255, 88, 255: 1
189, 175, 73, 255: 7
189, 0, 255, 255: 5
0, 11, 18, 255: 1
128, 1, 190, 255: 1
133, 6, 23, 255: 22
0, 49, 217, 255: 1
194, 235, 204, 255: 52
241, 72, 7, 255: 45
199, 237, 210, 255: 1
140, 186, 45, 255: 8
185, 105, 158, 255: 1
139, 193, 219, 255: 5
31, 184, 113, 255: 16
141, 22, 241, 255: 4
86, 200, 255, 255: 1
0, 153, 44, 255: 31
83, 208, 22, 255: 2
163, 235, 87, 255: 192
235, 25, 150, 255: 2
3, 108, 125, 255: 3
187, 108, 6, 255: 62
190, 69, 255, 255: 41
130, 185, 144, 255: 2
102, 1, 146, 255: 1
132, 182, 55, 255: 3
138, 41, 243, 255: 1
73, 250, 72, 255: 1
159, 118, 11, 255: 3
208, 102, 162, 255: 1
199, 56, 20, 255: 4
239, 164, 9, 255: 1
168, 127, 123, 255: 30
0, 7, 113, 255: 13
118, 73, 18, 255: 2
84, 96, 89, 255: 1
82, 49, 255, 255: 1
194, 207, 192, 255: 5
91, 95, 58, 255: 2
192, 255, 254, 255: 1
92, 88, 140, 255: 1
99, 56, 242, 255: 37
0, 224, 12, 255: 4
38, 158, 35, 255: 2
134, 45, 183, 255: 3
0, 46, 248, 255: 1
149, 237, 206, 255: 53
87, 87, 163, 255: 2
0, 233, 153, 255: 6
194, 239, 255, 255: 1
252, 96, 58, 255: 3
81, 172, 87, 255: 43
29, 138, 159, 255: 17
55, 44, 10, 255: 1
33, 180, 41, 255: 16
145, 10, 32, 255: 10
188, 92, 15, 255: 1
129, 211, 1, 255: 1
238, 125, 255, 255: 14
92, 62, 55, 255: 1
2, 72, 233, 255: 2
133, 253, 104, 255: 15
0, 40, 66, 255: 4
88, 152, 117, 255: 12
195, 241, 23, 255: 4
139, 40, 60, 255: 29
145, 219, 255, 255: 1
45, 108, 79, 255: 7
0, 115, 166, 255: 107
34, 255, 118, 255: 3
39, 185, 58, 255: 5
39, 101, 54, 255: 3
240, 255, 155, 255: 2
1, 228, 114, 255: 1
62, 161, 243, 255: 4
30, 252, 68, 255: 4
128, 127, 236, 255: 12
66, 135, 32, 255: 1
183, 17, 117, 255: 1
182, 224, 248, 255: 1
83, 130, 18, 255: 31
236, 197, 66, 255: 12
209, 164, 222, 255: 190
243, 113, 143, 255: 6
238, 247, 38, 255: 6
250, 127, 142, 255: 1
92, 10, 220, 255: 7
0, 84, 57, 255: 1
0, 37, 7, 255: 1
72, 106, 235, 255: 2
0, 60, 172, 255: 46
21, 143, 236, 255: 1
37, 91, 50, 255: 2
193, 154, 64, 255: 88
245, 50, 36, 255: 2
97, 195, 170, 255: 1
255, 238, 105, 255: 1
41, 29, 26, 255: 12
142, 112, 182, 255: 38
137, 44, 132, 255: 3
230, 24, 155, 255: 2
184, 23, 20, 255: 3
93, 44, 51, 255: 2
39, 3, 251, 255: 5
214, 225, 199, 255: 10
156, 181, 129, 255: 1
33, 155, 248, 255: 35
41, 41, 184, 255: 31
226, 69, 39, 255: 1
131, 58, 147, 255: 1
143, 26, 52, 255: 3
77, 97, 119, 255: 37
239, 189, 23, 255: 1
16, 249, 100, 255: 1
235, 187, 145, 255: 32
211, 139, 212, 255: 1
169, 71, 50, 255: 1
252, 206, 54, 255: 8
0, 118, 46, 255: 12
133, 53, 138, 255: 19
192, 193, 33, 255: 1
36, 141, 157, 255: 3
85, 157, 187, 255: 1
117, 203, 2, 255: 1132
0, 144, 128, 255: 1
249, 145, 234, 255: 1
35, 64, 246, 255: 1
242, 251, 42, 255: 6
89, 115, 96, 255: 21
11, 108, 214, 255: 2
41, 63, 70, 255: 1
93, 134, 21, 255: 1
0, 143, 183, 255: 17
239, 55, 84, 255: 4
26, 209, 186, 255: 16
101, 138, 127, 255: 30
17, 223, 125, 255: 1
95, 174, 54, 255: 1
0, 144, 60, 255: 1052
190, 65, 103, 255: 2
255, 190, 221, 255: 2
35, 59, 191, 255: 1
112, 88, 154, 255: 2
39, 149, 24, 255: 14
40, 115, 95, 255: 3
185, 200, 173, 255: 9
169, 123, 74, 255: 1
57, 104, 214, 255: 1
98, 58, 86, 255: 2
208, 213, 248, 255: 1
147, 37, 47, 255: 7
13, 124, 209, 255: 877
120, 6, 156, 255: 2
185, 234, 114, 255: 3
106, 3, 49, 255: 2
94, 85, 251, 255: 1
200, 213, 198, 255: 5
230, 81, 89, 255: 1
0, 12, 148, 255: 1
195, 40, 251, 255: 1
231, 50, 169, 255: 1
177, 79, 58, 255: 27
187, 204, 19, 255: 60
151, 157, 225, 255: 3
247, 53, 0, 255: 3
245, 234, 189, 255: 2
37, 33, 197, 255: 20
140, 227, 255, 255: 11
88, 179, 94, 255: 1
43, 71, 44, 255: 46
123, 105, 136, 255: 13
90, 42, 159, 255: 1
80, 41, 22, 255: 44
0, 218, 125, 255: 1
89, 57, 150, 255: 1
25, 45, 61, 255: 16
65, 131, 58, 255: 1
131, 39, 207, 255: 7
0, 189, 78, 255: 1219
32, 255, 70, 255: 1
180, 212, 160, 255: 2
142, 79, 249, 255: 1
152, 207, 123, 255: 2
239, 199, 115, 255: 8
147, 197, 70, 255: 10
181, 206, 153, 255: 10
43, 253, 255, 255: 1
188, 27, 59, 255: 15
229, 66, 3, 255: 1
83, 37, 23, 255: 1
142, 233, 45, 255: 1
216, 205, 161, 255: 1
60, 154, 168, 255: 34
90, 8, 182, 255: 7
187, 136, 121, 255: 28
145, 23, 108, 255: 2
180, 250, 38, 255: 4
87, 195, 223, 255: 20
204, 167, 175, 255: 7
135, 61, 69, 255: 1
59, 221, 29, 255: 870
40, 98, 1, 255: 5
238, 131, 240, 255: 17
76, 88, 199, 255: 53
201, 192, 31, 255: 7
140, 43, 152, 255: 3
0, 217, 59, 255: 138
193, 196, 171, 255: 2
77, 255, 67, 255: 1
196, 41, 252, 255: 2
184, 94, 137, 255: 1
114, 40, 130, 255: 1
111, 19, 188, 255: 4
28, 253, 39, 255: 24
129, 197, 100, 255: 1
83, 147, 77, 255: 3
191, 81, 98, 255: 26
141, 63, 211, 255: 4
147, 100, 92, 255: 6
142, 81, 86, 255: 9
126, 90, 83, 255: 1
36, 255, 107, 255: 7
177, 76, 212, 255: 4
202, 83, 190, 255: 1
240, 234, 130, 255: 7
41, 112, 11, 255: 2
223, 236, 78, 255: 2
36, 0, 146, 255: 4
0, 116, 167, 255: 9
210, 184, 162, 255: 13
213, 1, 28, 255: 2127
215, 167, 127, 255: 14
48, 62, 158, 255: 4
188, 221, 23, 255: 4
40, 44, 84, 255: 1
86, 52, 47, 255: 3
0, 91, 192, 255: 1
33, 145, 228, 255: 23
166, 89, 87, 255: 39
38, 70, 130, 255: 3
61, 42, 199, 255: 2
230, 127, 14, 255: 2
145, 167, 210, 255: 2
184, 171, 57, 255: 7
29, 11, 161, 255: 32
93, 23, 122, 255: 131
19, 224, 90, 255: 3
229, 255, 172, 255: 2
187, 79, 194, 255: 1
82, 250, 126, 255: 3
239, 121, 76, 255: 1
51, 180, 191, 255: 868
96, 81, 98, 255: 6
100, 112, 113, 255: 3
175, 5, 91, 255: 3
91, 31, 140, 255: 4
245, 255, 8, 255: 1
133, 60, 149, 255: 2
21, 25, 218, 255: 11
24, 190, 89, 255: 2
78, 136, 152, 255: 2
77, 229, 62, 255: 1
175, 22, 186, 255: 1
141, 9, 121, 255: 10
223, 193, 229, 255: 3
80, 144, 74, 255: 5
183, 211, 154, 255: 5
0, 255, 61, 255: 2114
194, 119, 134, 255: 10
84, 252, 128, 255: 1
189, 78, 249, 255: 1
0, 145, 227, 255: 1
3, 255, 129, 255: 2
79, 207, 35, 255: 1
137, 29, 130, 255: 1
0, 122, 182, 255: 3
22, 139, 35, 255: 4
207, 49, 34, 255: 2
131, 185, 211, 255: 5
73, 60, 182, 255: 9
28, 240, 219, 255: 2
135, 12, 252, 255: 6
65, 98, 75, 255: 1
0, 145, 150, 255: 10
197, 103, 198, 255: 2
22, 4, 154, 255: 1
42, 66, 26, 255: 1
188, 200, 203, 255: 2
0, 180, 162, 255: 1
9, 230, 47, 255: 4
177, 106, 69, 255: 9
129, 252, 6, 255: 2
0, 97, 88, 255: 2
244, 57, 107, 255: 7
0, 186, 189, 255: 1
138, 229, 66, 255: 1
0, 152, 78, 255: 33
90, 102, 95, 255: 5
0, 78, 77, 255: 33
21, 196, 5, 255: 3
241, 27, 93, 255: 3
230, 232, 39, 255: 2
0, 60, 173, 255: 4
0, 92, 158, 255: 6
188, 53, 81, 255: 9
200, 62, 248, 255: 2
123, 95, 117, 255: 1
0, 119, 116, 255: 2
24, 242, 216, 255: 13
93, 27, 177, 255: 2
150, 156, 224, 255: 6
250, 187, 205, 255: 4
242, 192, 26, 255: 3
42, 255, 107, 255: 1
239, 231, 64, 255: 3
251, 111, 168, 255: 1
91, 216, 176, 255: 4
89, 70, 6, 255: 1
55, 69, 23, 255: 190
75, 155, 96, 255: 5
242, 189, 255, 255: 5
136, 159, 48, 255: 1
97, 250, 40, 255: 6
0, 57, 101, 255: 8
244, 168, 189, 255: 1
23, 68, 72, 255: 1
31, 193, 33, 255: 6
144, 255, 7, 255: 2
38, 70, 232, 255: 3
247, 178, 92, 255: 3
94, 139, 39, 255: 25
62, 35, 25, 255: 11
135, 4, 77, 255: 4
82, 225, 215, 255: 5
34, 183, 180, 255: 6
179, 28, 34, 255: 9
238, 114, 146, 255: 5
242, 92, 20, 255: 4
158, 142, 23, 255: 56
87, 33, 108, 255: 1
238, 169, 83, 255: 25
144, 157, 255, 255: 1
141, 32, 225, 255: 6
192, 218, 164, 255: 2
141, 195, 1, 255: 18
32, 183, 22, 255: 1
121, 224, 125, 255: 2
192, 0, 255, 255: 1
181, 47, 28, 255: 11
81, 72, 238, 255: 1
29, 129, 239, 255: 6
226, 176, 36, 255: 2
150, 220, 115, 255: 1
107, 139, 20, 255: 4
32, 121, 58, 255: 1
255, 165, 207, 255: 6
91, 125, 255, 255: 1
74, 102, 71, 255: 5
122, 46, 36, 255: 1
7, 206, 5, 255: 212
240, 143, 226, 255: 71
248, 138, 5, 255: 36
0, 148, 196, 255: 224
43, 147, 82, 255: 3
0, 108, 184, 255: 1
0, 252, 246, 255: 4
201, 3, 49, 255: 9
135, 215, 163, 255: 15
219, 67, 234, 255: 1
101, 25, 56, 255: 4
94, 98, 188, 255: 1
178, 245, 155, 255: 2
233, 167, 240, 255: 1
252, 11, 254, 255: 1
245, 255, 10, 255: 1
164, 136, 9, 255: 2348
0, 30, 187, 255: 11
0, 70, 93, 255: 10
222, 128, 55, 255: 1
27, 141, 67, 255: 6
247, 109, 8, 255: 1
142, 76, 149, 255: 2
62, 134, 130, 255: 1
142, 255, 207, 255: 1
207, 137, 92, 255: 2
100, 24, 55, 255: 7
147, 8, 16, 255: 1
155, 20, 145, 255: 1
198, 59, 109, 255: 5
176, 171, 224, 255: 1
242, 235, 51, 255: 2
219, 128, 177, 255: 1
184, 6, 217, 255: 34
244, 92, 104, 255: 1
252, 21, 120, 255: 3
53, 138, 242, 255: 5
187, 221, 113, 255: 14
105, 90, 107, 255: 1
30, 72, 141, 255: 2
135, 203, 80, 255: 5
197, 53, 171, 255: 9
82, 14, 66, 255: 26
193, 242, 122, 255: 117
191, 207, 188, 255: 1
126, 125, 234, 255: 8
202, 55, 75, 255: 1
210, 176, 243, 255: 30
0, 167, 38, 255: 3
91, 255, 240, 255: 1
246, 249, 74, 255: 4
238, 106, 210, 255: 1
189, 152, 160, 255: 7
100, 162, 140, 255: 3
88, 119, 185, 255: 13
237, 88, 96, 255: 1
189, 140, 223, 255: 13
32, 152, 182, 255: 13
86, 229, 255, 255: 1
0, 194, 250, 255: 4
181, 124, 40, 255: 2
178, 187, 91, 255: 2
232, 237, 168, 255: 4
86, 110, 73, 255: 15
187, 76, 247, 255: 4
82, 236, 235, 255: 20
79, 171, 121, 255: 6
0, 181, 95, 255: 9
88, 47, 221, 255: 30
87, 84, 216, 255: 2
20, 167, 146, 255: 1
141, 82, 185, 255: 8
249, 112, 148, 255: 43
28, 7, 94, 255: 1
86, 213, 161, 255: 42
101, 176, 6, 255: 1
110, 217, 217, 255: 3
245, 43, 79, 255: 2
39, 165, 16, 255: 1
85, 149, 114, 255: 16
52, 22, 210, 255: 11
81, 46, 253, 255: 1
0, 143, 162, 255: 1
0, 2, 252, 255: 2
228, 154, 127, 255: 1
192, 255, 65, 255: 2
183, 118, 149, 255: 1
89, 32, 230, 255: 1
204, 201, 108, 255: 6
188, 62, 92, 255: 3
23, 239, 115, 255: 17
95, 60, 157, 255: 22
53, 188, 12, 255: 1
27, 84, 132, 255: 5
0, 151, 234, 255: 29
25, 250, 72, 255: 3
78, 197, 233, 255: 1
158, 159, 118, 255: 28
173, 3, 89, 255: 3
43, 245, 244, 255: 1
191, 39, 93, 255: 3
200, 20, 243, 255: 41
184, 55, 233, 255: 1
137, 148, 182, 255: 2
148, 43, 250, 255: 3
98, 61, 60, 255: 3
248, 70, 142, 255: 2
245, 50, 0, 255: 1
221, 183, 52, 255: 1
98, 12, 136, 255: 1
222, 104, 169, 255: 2
93, 180, 44, 255: 24
233, 37, 177, 255: 1
230, 229, 91, 255: 2
93, 99, 244, 255: 1
30, 181, 123, 255: 1
41, 12, 152, 255: 3
76, 123, 165, 255: 1
30, 29, 36, 255: 2
236, 49, 64, 255: 63
141, 200, 167, 255: 11
172, 197, 41, 255: 2
55, 140, 129, 255: 3
238, 133, 49, 255: 56
87, 134, 243, 255: 11
45, 37, 243, 255: 1
186, 199, 184, 255: 1
133, 147, 23, 255: 1
119, 2, 29, 255: 1
178, 154, 123, 255: 7
183, 195, 59, 255: 1
44, 195, 137, 255: 9
239, 195, 97, 255: 8
39, 116, 221, 255: 3
40, 177, 165, 255: 1
241, 11, 136, 255: 2
208, 109, 95, 255: 5
37, 82, 214, 255: 5
192, 44, 255, 255: 749
164, 38, 187, 255: 1
152, 252, 230, 255: 3
0, 250, 13, 255: 40
43, 39, 203, 255: 6
134, 249, 255, 255: 1
0, 230, 239, 255: 33
148, 105, 41, 255: 9
237, 8, 213, 255: 5
0, 107, 149, 255: 65
180, 59, 148, 255: 2
80, 180, 5, 255: 42
38, 9, 252, 255: 1
89, 187, 60, 255: 19
235, 68, 38, 255: 2
244, 255, 124, 255: 3
250, 253, 78, 255: 8
232, 36, 140, 255: 86
44, 27, 92, 255: 4
82, 52, 97, 255: 3
93, 255, 255, 255: 2
95, 64, 212, 255: 4
78, 142, 107, 255: 1
127, 173, 32, 255: 6
128, 58, 117, 255: 40
178, 157, 96, 255: 2
26, 105, 135, 255: 8
242, 237, 151, 255: 1
25, 104, 134, 255: 5
194, 61, 188, 255: 3
237, 78, 215, 255: 11
135, 74, 43, 255: 9
194, 25, 155, 255: 1
172, 255, 115, 255: 1
146, 19, 71, 255: 2
195, 91, 139, 255: 1
226, 223, 243, 255: 2
182, 31, 226, 255: 1
191, 132, 206, 255: 27
30, 255, 41, 255: 22
6, 235, 219, 255: 5
76, 253, 75, 255: 5
200, 92, 54, 255: 1
73, 51, 7, 255: 2
234, 83, 131, 255: 5
236, 183, 73, 255: 13
77, 224, 91, 255: 1
105, 170, 246, 255: 1
39, 155, 99, 255: 35
87, 96, 153, 255: 1
31, 228, 219, 255: 29
173, 251, 170, 255: 6
151, 44, 255, 255: 4
232, 57, 253, 255: 1
42, 123, 252, 255: 3
86, 53, 138, 255: 39
242, 15, 165, 255: 3
237, 248, 221, 255: 30
100, 37, 131, 255: 19
88, 120, 169, 255: 1
243, 184, 108, 255: 3
0, 179, 148, 255: 18
152, 205, 23, 255: 6
93, 234, 16, 255: 7
228, 219, 17, 255: 3
185, 151, 249, 255: 3
152, 185, 83, 255: 3
34, 53, 116, 255: 11
174, 139, 100, 255: 8
84, 117, 246, 255: 34
33, 77, 129, 255: 1
132, 54, 237, 255: 8
227, 177, 73, 255: 1
137, 51, 170, 255: 2
32, 4, 61, 255: 4
211, 122, 118, 255: 17
251, 175, 196, 255: 7
30, 15, 171, 255: 4
192, 168, 255, 255: 9
111, 228, 237, 255: 7
28, 161, 171, 255: 2
73, 158, 4, 255: 3
38, 80, 149, 255: 3
92, 71, 45, 255: 10
53, 15, 36, 255: 1
62, 100, 171, 255: 1
0, 193, 48, 255: 5
29, 104, 37, 255: 22
143, 36, 145, 255: 47
222, 252, 171, 255: 1
177, 204, 220, 255: 1
189, 142, 68, 255: 1
95, 164, 35, 255: 5
99, 207, 89, 255: 29
0, 161, 121, 255: 169
115, 136, 8, 255: 26
148, 73, 165, 255: 2
162, 85, 236, 255: 1
100, 87, 202, 255: 1
22, 222, 192, 255: 2
40, 207, 243, 255: 2
229, 3, 178, 255: 4
0, 22, 103, 255: 2
239, 204, 189, 255: 1
140, 184, 236, 255: 3
217, 73, 151, 255: 756
198, 227, 15, 255: 1
243, 13, 138, 255: 1
187, 159, 77, 255: 2
103, 211, 93, 255: 3
79, 52, 41, 255: 2
105, 189, 43, 255: 14
36, 101, 25, 255: 1
209, 7, 44, 255: 3
44, 203, 56, 255: 2
187, 15, 47, 255: 6
241, 152, 44, 255: 1
150, 137, 156, 255: 1
193, 114, 48, 255: 8
42, 39, 58, 255: 1
231, 255, 174, 255: 1
163, 122, 15, 255: 15
114, 170, 40, 255: 1
0, 45, 46, 255: 8
147, 49, 170, 255: 1
164, 93, 159, 255: 1
0, 90, 68, 255: 2
48, 207, 60, 255: 2
237, 193, 249, 255: 17
241, 42, 48, 255: 2
41, 22, 245, 255: 1
146, 46, 149, 255: 3
238, 192, 32, 255: 4
99, 100, 92, 255: 17
156, 60, 138, 255: 813
22, 95, 186, 255: 2
27, 155, 61, 255: 57
185, 206, 0, 255: 3
244, 11, 12, 255: 1
95, 222, 170, 255: 5
250, 241, 39, 255: 1
234, 198, 165, 255: 83
0, 109, 27, 255: 31
232, 110, 205, 255: 2
183, 123, 95, 255: 1
187, 254, 36, 255: 2
208, 197, 153, 255: 3
253, 151, 82, 255: 1
88, 155, 219, 255: 21
232, 88, 165, 255: 25
167, 79, 68, 255: 25
0, 163, 166, 255: 1
188, 67, 156, 255: 4
39, 10, 150, 255: 12
68, 62, 97, 255: 7
125, 85, 227, 255: 1
243, 72, 165, 255: 1
38, 182, 37, 255: 1
81, 241, 206, 255: 2
104, 218, 169, 255: 1
134, 218, 173, 255: 4
146, 97, 221, 255: 1
140, 255, 6, 255: 2
116, 67, 145, 255: 22
173, 30, 101, 255: 9
107, 67, 210, 255: 2
26, 124, 136, 255: 1
109, 119, 238, 255: 29
85, 99, 88, 255: 2
28, 191, 248, 255: 4
207, 11, 156, 255: 4
197, 205, 121, 255: 25
33, 21, 18, 255: 25
249, 222, 118, 255: 1
143, 0, 111, 255: 10
137, 246, 123, 255: 5
169, 12, 207, 255: 5
37, 206, 49, 255: 5
168, 108, 183, 255: 5
108, 68, 96, 255: 1
141, 215, 77, 255: 4
87, 137, 124, 255: 4
187, 101, 5, 255: 2
0, 212, 46, 255: 1
97, 228, 154, 255: 1
144, 87, 172, 255: 1
30, 45, 94, 255: 8
235, 91, 14, 255: 5
231, 165, 238, 255: 1
208, 182, 160, 255: 4
180, 205, 152, 255: 8
238, 9, 214, 255: 6
82, 69, 192, 255: 9
189, 188, 83, 255: 24
139, 0, 8, 255: 40
236, 235, 200, 255: 80
164, 32, 112, 255: 12
95, 248, 192, 255: 5
139, 98, 159, 255: 4
23, 148, 211, 255: 5
20, 165, 183, 255: 1
35, 7, 64, 255: 7
82, 219, 213, 255: 1
250, 212, 227, 255: 10
191, 249, 222, 255: 2
94, 39, 198, 255: 3
197, 163, 14, 255: 1
144, 163, 227, 255: 14
178, 31, 51, 255: 1
240, 110, 140, 255: 6
23, 5, 155, 255: 1
0, 216, 191, 255: 76
60, 195, 19, 255: 1
193, 17, 35, 255: 1
236, 4, 111, 255: 10
190, 59, 255, 255: 10
149, 59, 245, 255: 19
234, 49, 162, 255: 58
134, 241, 240, 255: 23
194, 115, 13, 255: 2
198, 85, 132, 255: 2
38, 112, 246, 255: 3
181, 255, 174, 255: 2
10, 88, 120, 255: 4
189, 173, 89, 255: 2
0, 99, 141, 255: 1071
234, 255, 115, 255: 2
0, 48, 191, 255: 4
185, 9, 27, 255: 153
202, 255, 70, 255: 1
85, 199, 48, 255: 3
108, 57, 37, 255: 13
91, 162, 131, 255: 1
240, 214, 8, 255: 1
35, 42, 255, 255: 19
76, 167, 82, 255: 61
0, 159, 29, 255: 1
42, 33, 129, 255: 3
163, 39, 133, 255: 2
192, 209, 24, 255: 30
92, 66, 73, 255: 3
239, 203, 52, 255: 3
47, 177, 74, 255: 1
41, 202, 134, 255: 2
201, 76, 114, 255: 11
21, 204, 180, 255: 1
144, 190, 85, 255: 15
126, 241, 151, 255: 6
0, 20, 92, 255: 6
128, 15, 47, 255: 1
204, 143, 9, 255: 6
140, 93, 85, 255: 16
244, 255, 52, 255: 3
97, 187, 251, 255: 1
56, 117, 78, 255: 37
14, 161, 243, 255: 1
84, 92, 79, 255: 4
138, 239, 169, 255: 41
43, 172, 224, 255: 3
110, 238, 0, 255: 24
38, 255, 12, 255: 2
0, 203, 37, 255: 55
0, 19, 223, 255: 41
85, 61, 21, 255: 2
26, 206, 84, 255: 43
89, 24, 55, 255: 1
163, 26, 140, 255: 14
78, 78, 216, 255: 9
0, 157, 206, 255: 1
135, 170, 21, 255: 4
184, 58, 88, 255: 2
184, 147, 146, 255: 1
178, 195, 231, 255: 16
128, 144, 202, 255: 1
255, 111, 202, 255: 1
57, 167, 3, 255: 304
135, 145, 43, 255: 25
150, 62, 90, 255: 21
99, 164, 240, 255: 7
77, 157, 63, 255: 4
57, 247, 142, 255: 1551
85, 185, 46, 255: 16
141, 55, 138, 255: 1
34, 111, 215, 255: 2
243, 160, 223, 255: 1
120, 22, 250, 255: 5
241, 117, 216, 255: 2
232, 206, 102, 255: 1
241, 158, 1, 255: 18
76, 193, 131, 255: 10
245, 9, 65, 255: 63
206, 18, 74, 255: 9
71, 195, 199, 255: 1
0, 78, 111, 255: 29
85, 255, 255, 255: 1
125, 45, 130, 255: 1
109, 88, 150, 255: 1
146, 103, 39, 255: 14
255, 153, 54, 255: 1
34, 255, 199, 255: 10
179, 89, 14, 255: 18
145, 114, 12, 255: 1
75, 218, 106, 255: 3
128, 172, 224, 255: 2
139, 204, 240, 255: 15
0, 95, 68, 255: 1
37, 114, 219, 255: 1
29, 245, 121, 255: 38
56, 34, 133, 255: 1
157, 157, 156, 255: 1
32, 252, 142, 255: 1
94, 167, 52, 255: 6
120, 130, 249, 255: 1
35, 119, 218, 255: 7
179, 100, 34, 255: 1
48, 172, 27, 255: 2
246, 128, 75, 255: 1
85, 255, 142, 255: 4
44, 139, 248, 255: 1
245, 96, 207, 255: 12
249, 177, 249, 255: 1
142, 199, 68, 255: 9
182, 136, 225, 255: 1
241, 59, 14, 255: 4
120, 193, 37, 255: 1
88, 220, 73, 255: 2
93, 74, 230, 255: 8
161, 246, 78, 255: 2
132, 109, 174, 255: 10
236, 67, 2, 255: 75
0, 31, 91, 255: 3
249, 90, 108, 255: 1
148, 253, 43, 255: 42
39, 35, 164, 255: 2
142, 20, 141, 255: 25
50, 146, 170, 255: 1
0, 28, 19, 255: 41
124, 249, 66, 255: 3
172, 129, 178, 255: 1
73, 81, 94, 255: 3
242, 255, 249, 255: 1
208, 37, 170, 255: 2
240, 169, 157, 255: 3
0, 250, 56, 255: 71
87, 189, 113, 255: 19
40, 139, 6, 255: 94
194, 255, 29, 255: 6
240, 91, 255, 255: 15
242, 255, 5, 255: 4
146, 116, 186, 255: 15
8, 94, 37, 255: 1
205, 53, 107, 255: 6
49, 173, 28, 255: 5
1, 51, 36, 255: 6
197, 201, 173, 255: 1
195, 234, 32, 255: 5
78, 251, 68, 255: 16
126, 100, 220, 255: 29
33, 112, 59, 255: 7
93, 115, 235, 255: 1
198, 211, 93, 255: 2
216, 144, 217, 255: 1
231, 228, 94, 255: 17
90, 96, 138, 255: 2
92, 26, 176, 255: 4
35, 71, 211, 255: 8
43, 189, 215, 255: 1
134, 249, 159, 255: 8
84, 62, 120, 255: 41
142, 52, 238, 255: 109
24, 103, 133, 255: 1
59, 1, 63, 255: 81
102, 128, 109, 255: 6
8, 102, 109, 255: 117
255, 88, 225, 255: 1
22, 178, 103, 255: 1
44, 220, 47, 255: 2
237, 255, 164, 255: 1
246, 227, 153, 255: 1
180, 2, 177, 255: 35
145, 217, 108, 255: 4
183, 32, 38, 255: 27
63, 190, 103, 255: 1
86, 83, 215, 255: 3
93, 107, 60, 255: 1
35, 19, 11, 255: 5
199, 190, 29, 255: 17
122, 176, 100, 255: 5
198, 137, 3, 255: 3
128, 7, 128, 255: 3
139, 231, 251, 255: 19
202, 255, 255, 255: 1
22, 79, 24, 255: 1
0, 154, 11, 255: 2
139, 97, 242, 255: 17
234, 43, 216, 255: 4
0, 48, 15, 255: 1
105, 46, 115, 255: 1
84, 28, 188, 255: 34
188, 73, 230, 255: 9
39, 251, 230, 255: 4
241, 37, 10, 255: 6
84, 2, 176, 255: 9
142, 40, 45, 255: 4
0, 98, 229, 255: 54
0, 29, 144, 255: 53
0, 208, 175, 255: 1
140, 72, 20, 255: 1
81, 90, 138, 255: 8
125, 102, 65, 255: 5
116, 71, 16, 255: 1
138, 44, 114, 255: 8
85, 220, 79, 255: 37
142, 56, 175, 255: 3
85, 11, 132, 255: 2
36, 58, 219, 255: 2
242, 145, 110, 255: 2
143, 53, 239, 255: 163
47, 69, 76, 255: 1
193, 19, 208, 255: 1
84, 255, 38, 255: 1
31, 72, 144, 255: 1
121, 23, 251, 255: 1
22, 120, 132, 255: 1
244, 143, 176, 255: 16
139, 221, 148, 255: 1
229, 156, 126, 255: 2
80, 167, 185, 255: 1
239, 228, 219, 255: 301
193, 255, 170, 255: 3
88, 55, 140, 255: 36
99, 219, 110, 255: 2
85, 158, 43, 255: 2
39, 126, 103, 255: 1
25, 52, 171, 255: 1
185, 56, 80, 255: 8
124, 239, 149, 255: 2
84, 194, 131, 255: 1
143, 131, 255, 255: 4
83, 138, 158, 255: 11
90, 146, 200, 255: 16
115, 31, 111, 255: 23
246, 21, 86, 255: 33
0, 56, 100, 255: 9
73, 181, 173, 255: 15
188, 131, 47, 255: 6
198, 70, 129, 255: 1
213, 144, 213, 255: 1
192, 138, 60, 255: 17
75, 213, 32, 255: 1
141, 49, 217, 255: 3
32, 127, 133, 255: 7
35, 38, 23, 255: 2
14, 97, 96, 255: 10
132, 201, 251, 255: 2
37, 163, 116, 255: 9
80, 157, 92, 255: 3
237, 131, 48, 255: 74
248, 108, 45, 255: 28
92, 96, 186, 255: 1
230, 95, 119, 255: 1
103, 63, 91, 255: 1
61, 226, 133, 255: 2
34, 236, 255, 255: 14
186, 47, 62, 255: 36
185, 50, 5, 255: 1
74, 127, 84, 255: 1
106, 135, 174, 255: 4
0, 144, 184, 255: 2
0, 156, 47, 255: 13
95, 230, 89, 255: 2
234, 218, 21, 255: 6
175, 137, 35, 255: 2
0, 84, 185, 255: 3
79, 53, 206, 255: 1
61, 173, 107, 255: 45
197, 253, 164, 255: 10
227, 75, 87, 255: 1
255, 215, 131, 255: 9
221, 171, 6, 255: 1
23, 25, 156, 255: 2
32, 198, 97, 255: 5
234, 75, 255, 255: 2
136, 255, 235, 255: 1
143, 84, 187, 255: 9
241, 98, 211, 255: 4
90, 142, 192, 255: 2
198, 84, 123, 255: 2
135, 184, 177, 255: 1
249, 156, 100, 255: 27
134, 38, 45, 255: 9
134, 138, 34, 255: 1
239, 47, 165, 255: 1
231, 233, 40, 255: 2
218, 55, 212, 255: 1
34, 148, 212, 255: 1
35, 227, 216, 255: 1
185, 42, 113, 255: 4
82, 18, 186, 255: 1
74, 179, 108, 255: 1
244, 59, 18, 255: 1
85, 179, 74, 255: 1
33, 29, 255, 255: 2
223, 220, 240, 255: 4
85, 135, 122, 255: 6
91, 183, 243, 255: 1
64, 229, 136, 255: 2
109, 224, 135, 255: 1
126, 216, 137, 255: 44
0, 162, 190, 255: 2
193, 255, 239, 255: 2
162, 154, 203, 255: 1209
0, 163, 33, 255: 4
0, 228, 50, 255: 1
247, 73, 196, 255: 1
142, 163, 172, 255: 1
233, 46, 61, 255: 59
87, 21, 171, 255: 20
221, 124, 209, 255: 1069
31, 167, 240, 255: 21
41, 59, 206, 255: 3
233, 142, 74, 255: 17
0, 161, 31, 255: 2
236, 79, 195, 255: 5
186, 25, 57, 255: 15
57, 123, 152, 255: 2
234, 255, 57, 255: 4
120, 235, 42, 255: 2
142, 15, 204, 255: 30
167, 90, 88, 255: 10
188, 46, 255, 255: 1
118, 63, 34, 255: 1
204, 10, 214, 255: 1
144, 248, 193, 255: 1
0, 213, 244, 255: 4
241, 68, 106, 255: 4
129, 18, 10, 255: 12
186, 253, 35, 255: 1
14, 23, 5, 255: 17
244, 170, 179, 255: 6
140, 37, 197, 255: 1
235, 33, 171, 255: 1
98, 106, 166, 255: 4
36, 137, 102, 255: 2
83, 58, 208, 255: 1
200, 200, 205, 255: 26
36, 128, 174, 255: 13
6, 141, 215, 255: 4
0, 165, 188, 255: 5
200, 73, 115, 255: 2
46, 113, 171, 255: 1
93, 29, 197, 255: 2
129, 70, 137, 255: 30
231, 15, 200, 255: 42
134, 4, 214, 255: 11
85, 169, 54, 255: 8
88, 255, 248, 255: 2
0, 198, 155, 255: 3
141, 173, 53, 255: 12
138, 123, 253, 255: 11
84, 60, 55, 255: 13
119, 52, 210, 255: 14
184, 70, 6, 255: 5
194, 171, 57, 255: 1
236, 124, 46, 255: 1
186, 168, 241, 255: 14
86, 80, 216, 255: 6
79, 143, 73, 255: 2
137, 166, 204, 255: 70
137, 59, 207, 255: 17
26, 71, 75, 255: 2
200, 169, 246, 255: 17
184, 248, 34, 255: 1
243, 22, 138, 255: 1
43, 136, 36, 255: 1
243, 92, 140, 255: 15
232, 202, 17, 255: 16
182, 76, 179, 255: 8
74, 168, 180, 255: 6
170, 240, 248, 255: 2
222, 227, 158, 255: 1
137, 183, 78, 255: 16
86, 123, 2, 255: 19
227, 166, 145, 255: 1
45, 210, 3, 255: 1
76, 10, 160, 255: 33
56, 248, 242, 255: 21
125, 238, 85, 255: 1
58, 52, 87, 255: 243
142, 178, 72, 255: 2
91, 157, 185, 255: 14
222, 184, 53, 255: 4
30, 138, 124, 255: 9
187, 89, 103, 255: 22
197, 166, 243, 255: 39
177, 51, 199, 255: 19
36, 51, 255, 255: 1
0, 194, 14, 255: 1
44, 27, 195, 255: 6
202, 97, 55, 255: 1
238, 255, 187, 255: 3
244, 124, 237, 255: 61
118, 51, 209, 255: 3
39, 134, 243, 255: 7
55, 96, 177, 255: 1
181, 87, 79, 255: 1
92, 211, 247, 255: 4
13, 234, 51, 255: 1
31, 115, 214, 255: 10
188, 11, 76, 255: 3
239, 254, 114, 255: 1
39, 93, 52, 255: 3
255, 207, 243, 255: 1
227, 29, 189, 255: 1
30, 158, 64, 255: 45
200, 115, 47, 255: 2
235, 76, 213, 255: 12
131, 160, 198, 255: 73
78, 119, 159, 255: 14
237, 188, 255, 255: 2
244, 167, 206, 255: 1
0, 251, 224, 255: 2
242, 100, 195, 255: 1
246, 34, 198, 255: 2
238, 241, 220, 255: 2
93, 117, 80, 255: 1
81, 65, 125, 255: 5
191, 204, 86, 255: 9
183, 204, 254, 255: 1
245, 164, 70, 255: 10
169, 200, 113, 255: 1
145, 202, 71, 255: 6
126, 161, 47, 255: 1
215, 66, 178, 255: 16
247, 90, 34, 255: 6
135, 65, 124, 255: 26
85, 49, 128, 255: 3
190, 29, 61, 255: 10
182, 191, 95, 255: 5
55, 22, 112, 255: 3
183, 135, 126, 255: 1
182, 255, 45, 255: 2
112, 237, 55, 255: 1
126, 208, 218, 255: 28
141, 153, 114, 255: 13
183, 132, 117, 255: 18
107, 252, 131, 255: 2
128, 100, 4, 255: 1
251, 174, 177, 255: 1
170, 253, 113, 255: 1
196, 244, 243, 255: 1
189, 114, 26, 255: 7
243, 255, 239, 255: 1
187, 207, 255, 255: 4
22, 12, 98, 255: 1
31, 43, 147, 255: 10
255, 208, 121, 255: 1
90, 221, 249, 255: 2
183, 26, 36, 255: 1
134, 105, 102, 255: 1
12, 189, 201, 255: 1033
189, 146, 42, 255: 7
37, 44, 80, 255: 1
0, 119, 149, 255: 4
0, 89, 96, 255: 1
24, 238, 51, 255: 1
124, 241, 249, 255: 2
127, 175, 31, 255: 1
237, 236, 18, 255: 1
0, 189, 112, 255: 58
36, 255, 8, 255: 4
196, 84, 221, 255: 1
192, 149, 45, 255: 8
223, 58, 117, 255: 1
23, 223, 21, 255: 31
96, 133, 21, 255: 1
247, 124, 11, 255: 1
145, 9, 116, 255: 2
242, 53, 115, 255: 7
56, 113, 232, 255: 32
229, 50, 232, 255: 7
187, 53, 34, 255: 1
245, 62, 193, 255: 5
234, 198, 201, 255: 1
169, 43, 191, 255: 1
48, 189, 121, 255: 1
80, 138, 154, 255: 2
192, 185, 113, 255: 3
138, 159, 65, 255: 4
153, 241, 210, 255: 10
183, 71, 70, 255: 13
191, 255, 158, 255: 1
230, 20, 145, 255: 1
130, 69, 74, 255: 13
241, 94, 47, 255: 5
0, 185, 129, 255: 6
55, 165, 1, 255: 236
135, 108, 20, 255: 1
122, 42, 127, 255: 1
240, 249, 160, 255: 26
190, 39, 45, 255: 7
254, 169, 24, 255: 7
97, 70, 59, 255: 1
57, 142, 131, 255: 1
34, 108, 242, 255: 1
26, 140, 66, 255: 10
36, 255, 4, 255: 6
30, 122, 30, 255: 14
49, 52, 37, 255: 4
136, 255, 85, 255: 3
140, 132, 220, 255: 2
138, 99, 3, 255: 22
140, 205, 138, 255: 3
133, 158, 145, 255: 1
163, 139, 109, 255: 7
242, 204, 219, 255: 1
236, 88, 114, 255: 6
178, 176, 36, 255: 11
34, 45, 197, 255: 10
34, 206, 55, 255: 13
0, 98, 208, 255: 5
104, 238, 6, 255: 1
9, 164, 197, 255: 1
182, 136, 87, 255: 13
0, 192, 234, 255: 1
183, 46, 159, 255: 4
86, 255, 166, 255: 3
163, 61, 70, 255: 1
45, 141, 165, 255: 1
0, 240, 92, 255: 2
237, 176, 155, 255: 4
38, 249, 193, 255: 1
141, 143, 232, 255: 4
116, 200, 54, 255: 2
191, 85, 152, 255: 3
140, 64, 54, 255: 19
73, 140, 168, 255: 3
81, 216, 193, 255: 4
45, 254, 109, 255: 7
196, 210, 19, 255: 1
64, 196, 50, 255: 1
87, 232, 138, 255: 1
183, 79, 245, 255: 41
0, 84, 206, 255: 55
129, 5, 248, 255: 1
128, 105, 68, 255: 8
242, 227, 132, 255: 7
74, 200, 10, 255: 2
165, 176, 144, 255: 1177
91, 138, 26, 255: 29
70, 87, 10, 255: 1
165, 77, 66, 255: 39
140, 255, 203, 255: 2
35, 226, 114, 255: 5
44, 85, 166, 255: 6
32, 255, 211, 255: 2
43, 80, 255, 255: 25
32, 83, 129, 255: 1
85, 51, 46, 255: 4
239, 134, 153, 255: 4
74, 66, 1, 255: 9
27, 127, 237, 255: 5
135, 170, 174, 255: 2
222, 10, 36, 255: 2
193, 146, 145, 255: 46
179, 153, 59, 255: 1
241, 219, 56, 255: 1
29, 92, 217, 255: 1
139, 212, 56, 255: 7
43, 194, 136, 255: 11
90, 74, 236, 255: 4
191, 82, 179, 255: 1
198, 227, 51, 255: 2
197, 120, 36, 255: 1
26, 0, 146, 255: 2
60, 19, 158, 255: 15
255, 187, 17, 255: 1
246, 185, 46, 255: 4
192, 201, 70, 255: 8
189, 223, 13, 255: 1
39, 214, 162, 255: 10
35, 130, 239, 255: 15
105, 137, 18, 255: 1
217, 62, 105, 255: 2
11, 194, 57, 255: 1
240, 196, 98, 255: 7
141, 199, 239, 255: 31
41, 188, 13, 255: 1
133, 228, 218, 255: 2
214, 145, 60, 255: 52
242, 17, 82, 255: 16
217, 93, 91, 255: 49
137, 100, 186, 255: 3
246, 101, 226, 255: 30
242, 137, 156, 255: 3
33, 167, 12, 255: 5
94, 28, 25, 255: 1
80, 38, 121, 255: 1
74, 176, 100, 255: 11
96, 81, 251, 255: 7
3, 89, 72, 255: 4
165, 63, 72, 255: 14
249, 205, 107, 255: 1
255, 89, 4, 255: 2
248, 255, 183, 255: 3
122, 237, 148, 255: 1
198, 106, 43, 255: 70
243, 83, 184, 255: 5
0, 146, 28, 255: 6
25, 195, 99, 255: 3
131, 128, 183, 255: 1
126, 175, 132, 255: 2
0, 71, 192, 255: 1169
135, 229, 11, 255: 1
94, 154, 33, 255: 1
116, 38, 187, 255: 1
0, 15, 121, 255: 55
73, 55, 16, 255: 1
255, 138, 149, 255: 1
110, 133, 103, 255: 2
141, 166, 51, 255: 9
244, 13, 2, 255: 11
112, 69, 113, 255: 2
148, 93, 21, 255: 17
127, 254, 208, 255: 2
228, 114, 120, 255: 1
72, 55, 80, 255: 7
26, 189, 25, 255: 1
246, 50, 154, 255: 1
82, 173, 88, 255: 29
245, 141, 230, 255: 2
124, 120, 2, 255: 2
219, 164, 211, 255: 1
34, 58, 207, 255: 5
143, 41, 82, 255: 7
238, 200, 207, 255: 1
94, 49, 137, 255: 8
197, 17, 240, 255: 90
244, 234, 79, 255: 3
117, 234, 243, 255: 1
255, 138, 60, 255: 1
182, 241, 19, 255: 11
247, 117, 147, 255: 2
125, 55, 11, 255: 1
175, 208, 219, 255: 6
0, 164, 89, 255: 14
241, 21, 255, 255: 1
135, 57, 240, 255: 17
128, 180, 108, 255: 1
0, 116, 235, 255: 28
32, 64, 88, 255: 46
145, 81, 182, 255: 2
53, 31, 90, 255: 1
192, 223, 110, 255: 4
181, 88, 171, 255: 1
114, 104, 48, 255: 1
189, 5, 112, 255: 26
36, 230, 62, 255: 5
231, 104, 2, 255: 38
132, 255, 116, 255: 2
86, 255, 201, 255: 2
245, 254, 165, 255: 17
38, 255, 109, 255: 1
186, 0, 146, 255: 1
185, 51, 67, 255: 2
161, 172, 38, 255: 1
141, 31, 41, 255: 25
3, 141, 96, 255: 2
184, 100, 102, 255: 5
151, 201, 74, 255: 1
180, 179, 74, 255: 9
91, 241, 87, 255: 44
73, 112, 54, 255: 9
59, 37, 96, 255: 2
205, 210, 28, 255: 2
117, 74, 117, 255: 1
189, 236, 255, 255: 6
103, 212, 54, 255: 2
138, 107, 255, 255: 20
49, 72, 57, 255: 4
123, 82, 6, 255: 1
52, 74, 235, 255: 1
250, 223, 119, 255: 1
245, 61, 210, 255: 2
191, 71, 5, 255: 7
94, 170, 25, 255: 1
141, 149, 212, 255: 1
37, 36, 7, 255: 17
182, 144, 109, 255: 1
160, 36, 130, 255: 1
81, 5, 145, 255: 43
35, 210, 158, 255: 9
136, 182, 77, 255: 21
0, 73, 220, 255: 1
26, 255, 22, 255: 1
151, 71, 11, 255: 37
237, 255, 47, 255: 3
101, 174, 59, 255: 1
128, 87, 11, 255: 1
56, 103, 252, 255: 1
26, 58, 82, 255: 79
136, 255, 130, 255: 1
212, 223, 197, 255: 20
45, 86, 167, 255: 4
40, 11, 34, 255: 1
40, 221, 92, 255: 1
181, 50, 129, 255: 21
228, 104, 101, 255: 13
236, 49, 99, 255: 23
146, 224, 184, 255: 84
133, 19, 15, 255: 9
65, 114, 66, 255: 18
83, 91, 78, 255: 1
175, 157, 230, 255: 2
32, 99, 157, 255: 23
0, 34, 60, 255: 93
37, 16, 68, 255: 21
135, 194, 161, 255: 3
242, 206, 55, 255: 6
232, 133, 154, 255: 6
177, 89, 77, 255: 17
108, 16, 185, 255: 5
201, 238, 229, 255: 1
189, 218, 42, 255: 5
200, 178, 165, 255: 7
40, 187, 12, 255: 6
1, 59, 211, 255: 9
32, 31, 38, 255: 3
110, 89, 254, 255: 9
191, 27, 89, 255: 2
163, 199, 53, 255: 4
213, 69, 33, 255: 1
178, 228, 96, 255: 3
121, 59, 182, 255: 1
17, 233, 109, 255: 2
30, 91, 117, 255: 2
128, 86, 231, 255: 8
62, 227, 134, 255: 1
0, 15, 219, 255: 129
120, 14, 75, 255: 2
248, 255, 66, 255: 3
127, 250, 71, 255: 3
243, 39, 79, 255: 1
237, 173, 156, 255: 13
135, 149, 25, 255: 1
199, 248, 128, 255: 23
255, 181, 165, 255: 1
29, 255, 220, 255: 3
146, 123, 188, 255: 1
84, 151, 96, 255: 4
0, 191, 222, 255: 2
187, 7, 230, 255: 5
92, 36, 115, 255: 1
9, 252, 113, 255: 1
147, 12, 34, 255: 4
210, 229, 12, 255: 1
246, 79, 49, 255: 7
45, 73, 46, 255: 33
240, 4, 60, 255: 15
220, 250, 169, 255: 2
84, 230, 62, 255: 52
173, 14, 109, 255: 1
155, 180, 167, 255: 3
168, 166, 179, 255: 1
234, 98, 86, 255: 38
84, 181, 164, 255: 1
111, 239, 155, 255: 1
194, 17, 82, 255: 7
132, 165, 209, 255: 1
32, 160, 101, 255: 26
111, 203, 224, 255: 68
240, 104, 92, 255: 5
236, 2, 148, 255: 2
102, 202, 173, 255: 5
50, 39, 147, 255: 2
37, 56, 119, 255: 44
32, 119, 96, 255: 1
254, 93, 242, 255: 8
36, 168, 87, 255: 2
192, 162, 165, 255: 3
188, 162, 171, 255: 5
23, 178, 170, 255: 8
107, 202, 65, 255: 1
35, 8, 166, 255: 1
166, 150, 31, 255: 56
224, 124, 7, 255: 1
28, 156, 62, 255: 60
0, 0, 127, 255: 7
189, 1, 57, 255: 5
229, 58, 151, 255: 8
121, 246, 165, 255: 2
37, 201, 103, 255: 6
145, 221, 163, 255: 1
183, 122, 14, 255: 1
233, 54, 236, 255: 35
18, 198, 76, 255: 4
136, 235, 102, 255: 63
238, 131, 87, 255: 1
29, 223, 208, 255: 4
0, 175, 119, 255: 2
188, 68, 38, 255: 1
80, 231, 30, 255: 7
217, 128, 124, 255: 3
200, 78, 86, 255: 1
25, 106, 5, 255: 2
133, 10, 250, 255: 7
204, 247, 161, 255: 3
82, 77, 146, 255: 1
162, 74, 205, 255: 1
238, 131, 51, 255: 1
127, 93, 149, 255: 2
232, 83, 194, 255: 3
35, 155, 149, 255: 5
77, 71, 207, 255: 1
91, 87, 2, 255: 8
29, 36, 72, 255: 13
25, 247, 63, 255: 1
252, 101, 4, 255: 1
33, 86, 154, 255: 1
211, 59, 73, 255: 1
141, 10, 185, 255: 15
27, 109, 154, 255: 1
104, 48, 254, 255: 1
241, 209, 190, 255: 2
238, 92, 209, 255: 4
197, 243, 144, 255: 2
191, 234, 46, 255: 3
254, 21, 22, 255: 7
41, 67, 125, 255: 2
35, 10, 164, 255: 4
54, 156, 81, 255: 2066
104, 130, 111, 255: 1
30, 97, 155, 255: 7
198, 254, 129, 255: 1
0, 138, 74, 255: 1
87, 41, 27, 255: 7
139, 61, 209, 255: 4
81, 59, 15, 255: 7
59, 78, 101, 255: 41
0, 25, 124, 255: 1
116, 5, 255, 255: 3
167, 173, 200, 255: 1
76, 176, 1, 255: 40
75, 80, 123, 255: 6
32, 215, 38, 255: 18
124, 206, 216, 255: 13
233, 92, 11, 255: 10
111, 134, 104, 255: 2
155, 15, 71, 255: 4
43, 201, 36, 255: 1
32, 209, 219, 255: 6
40, 81, 153, 255: 2
84, 194, 64, 255: 10
153, 13, 69, 255: 11
135, 109, 76, 255: 1
43, 255, 67, 255: 1
44, 82, 65, 255: 77
50, 15, 6, 255: 1
229, 173, 220, 255: 24
91, 245, 244, 255: 3
106, 240, 71, 255: 1
35, 160, 95, 255: 2
52, 160, 193, 255: 1
138, 255, 226, 255: 1
37, 180, 210, 255: 2
111, 230, 82, 255: 5
40, 242, 20, 255: 1
234, 223, 214, 255: 13
140, 235, 97, 255: 1
0, 203, 71, 255: 2
133, 115, 146, 255: 20
41, 44, 132, 255: 2
178, 97, 188, 255: 3
238, 237, 202, 255: 76
31, 231, 64, 255: 28
88, 196, 188, 255: 2
236, 177, 101, 255: 1
137, 141, 191, 255: 18
139, 129, 118, 255: 32
26, 22, 84, 255: 1
126, 81, 26, 255: 7
254, 114, 51, 255: 1
134, 136, 225, 255: 1
22, 126, 215, 255: 1
148, 220, 111, 255: 7
7, 126, 122, 255: 115
185, 241, 255, 255: 11
244, 45, 179, 255: 1
196, 83, 130, 255: 1
135, 8, 25, 255: 50
100, 192, 252, 255: 3
190, 45, 247, 255: 7
246, 161, 169, 255: 8
60, 217, 59, 255: 1
77, 48, 111, 255: 1
125, 6, 190, 255: 1
245, 171, 189, 255: 3
232, 163, 231, 255: 1
9, 164, 157, 255: 7
177, 202, 46, 255: 11
0, 239, 71, 255: 4
234, 255, 238, 255: 2
178, 248, 0, 255: 55
88, 40, 184, 255: 3
0, 97, 203, 255: 1
88, 171, 211, 255: 1
187, 114, 116, 255: 14
57, 38, 93, 255: 1
222, 76, 55, 255: 1
29, 44, 93, 255: 3
185, 159, 168, 255: 1
121, 191, 193, 255: 5
237, 58, 240, 255: 33
188, 21, 87, 255: 1
142, 24, 123, 255: 48
250, 255, 138, 255: 1
46, 129, 20, 255: 3
0, 16, 67, 255: 1
130, 198, 137, 255: 4
191, 85, 188, 255: 8
67, 194, 107, 255: 1
90, 127, 116, 255: 4
85, 1, 249, 255: 1
134, 40, 145, 255: 2
247, 145, 76, 255: 1
128, 75, 211, 255: 7
242, 255, 86, 255: 6
0, 171, 238, 255: 22
238, 161, 80, 255: 5
186, 92, 84, 255: 2
0, 131, 102, 255: 21
25, 90, 49, 255: 2
252, 88, 139, 255: 4
143, 155, 116, 255: 7
87, 234, 238, 255: 15
248, 3, 232, 255: 3
0, 133, 19, 255: 1
77, 36, 210, 255: 4
116, 55, 25, 255: 1
39, 54, 103, 255: 2
0, 219, 250, 255: 3
149, 208, 175, 255: 3
46, 55, 36, 255: 1
145, 255, 21, 255: 1
234, 134, 17, 255: 1
76, 16, 235, 255: 20
188, 58, 155, 255: 4
179, 144, 140, 255: 1
229, 245, 31, 255: 2
71, 184, 178, 255: 2
86, 180, 39, 255: 3
195, 136, 210, 255: 2
0, 134, 174, 255: 27
136, 42, 147, 255: 25
233, 255, 1, 255: 1
76, 129, 239, 255: 1
32, 93, 119, 255: 1
27, 46, 7, 255: 2
6, 28, 143, 255: 3418
86, 86, 162, 255: 1
190, 244, 193, 255: 6
252, 28, 195, 255: 3
90, 18, 202, 255: 2
130, 61, 155, 255: 8
83, 233, 79, 255: 9
27, 240, 146, 255: 4
154, 99, 27, 255: 3
44, 175, 255, 255: 1
38, 114, 174, 255: 1
185, 142, 74, 255: 3
128, 102, 222, 255: 36
237, 6, 251, 255: 8
84, 77, 158, 255: 2
255, 199, 68, 255: 1
5, 39, 163, 255: 61
202, 75, 15, 255: 5
116, 155, 204, 255: 2
90, 52, 68, 255: 3
254, 178, 199, 255: 2
60, 134, 228, 255: 65
90, 157, 221, 255: 14
182, 29, 228, 255: 2
87, 244, 85, 255: 19
31, 255, 244, 255: 1
84, 76, 11, 255: 1
47, 193, 66, 255: 28
135, 234, 238, 255: 1
191, 116, 28, 255: 8
239, 99, 156, 255: 3
111, 253, 148, 255: 91
208, 4, 84, 255: 1
209, 128, 35, 255: 22
150, 244, 26, 255: 1
134, 129, 187, 255: 1
208, 252, 126, 255: 1
7, 197, 86, 255: 1455
236, 73, 204, 255: 1
0, 124, 210, 255: 968
128, 75, 109, 255: 6
194, 82, 81, 255: 2
18, 99, 254, 255: 1
36, 15, 67, 255: 26
209, 215, 216, 255: 2
102, 208, 248, 255: 9
109, 138, 216, 255: 2
0, 22, 13, 255: 3
54, 243, 178, 255: 1
140, 143, 112, 255: 1
240, 196, 252, 255: 14
165, 11, 48, 255: 1
33, 134, 90, 255: 5
138, 172, 151, 255: 2
0, 245, 140, 255: 185
194, 255, 251, 255: 1
27, 23, 85, 255: 2
26, 181, 209, 255: 1
108, 215, 215, 255: 6
44, 38, 113, 255: 15
139, 28, 123, 255: 27
50, 91, 132, 255: 823
54, 95, 136, 255: 51
167, 104, 82, 255: 1
134, 204, 206, 255: 10
191, 103, 138, 255: 4
33, 217, 75, 255: 14
198, 78, 12, 255: 2
94, 162, 106, 255: 5
0, 242, 192, 255: 1
139, 88, 102, 255: 29
107, 183, 228, 255: 1
134, 40, 212, 255: 3
144, 234, 191, 255: 2
252, 200, 108, 255: 1
0, 153, 133, 255: 1
194, 172, 86, 255: 1
150, 27, 58, 255: 6
193, 206, 88, 255: 18
47, 48, 118, 255: 1
196, 143, 73, 255: 2
87, 255, 225, 255: 1
49, 16, 106, 255: 15
137, 186, 255, 255: 1
41, 255, 29, 255: 3
184, 61, 51, 255: 26
237, 189, 147, 255: 14
21, 185, 87, 255: 2
254, 194, 191, 255: 2
177, 62, 219, 255: 34
36, 91, 151, 255: 2
182, 180, 40, 255: 12
176, 149, 21, 255: 28
130, 27, 187, 255: 25
140, 163, 52, 255: 2
0, 162, 62, 255: 1
188, 91, 241, 255: 1
98, 202, 71, 255: 1
207, 240, 42, 255: 1
211, 230, 116, 255: 19
139, 80, 183, 255: 13
185, 123, 134, 255: 12
246, 125, 255, 255: 23
187, 149, 11, 255: 1
124, 195, 232, 255: 2
91, 86, 120, 255: 1
0, 176, 12, 255: 868
0, 228, 16, 255: 1
78, 65, 223, 255: 1
0, 173, 87, 255: 1
144, 77, 233, 255: 2
112, 89, 53, 255: 2
27, 76, 213, 255: 12
81, 133, 182, 255: 3
179, 237, 237, 255: 5
78, 14, 6, 255: 4
213, 168, 226, 255: 147
142, 108, 164, 255: 1
131, 29, 70, 255: 1
88, 20, 72, 255: 1
87, 122, 13, 255: 6
29, 158, 235, 255: 1
11, 42, 67, 255: 57
195, 68, 8, 255: 81
189, 238, 118, 255: 32
232, 80, 92, 255: 8
226, 63, 67, 255: 1
9, 205, 162, 255: 1
211, 78, 166, 255: 99
193, 36, 46, 255: 1
36, 244, 244, 255: 13
229, 165, 148, 255: 2
0, 149, 31, 255: 1
145, 174, 212, 255: 2
124, 29, 100, 255: 14
199, 58, 120, 255: 3
231, 107, 104, 255: 41
242, 241, 206, 255: 23
229, 255, 66, 255: 1
114, 74, 62, 255: 6
193, 132, 254, 255: 1
29, 6, 251, 255: 8
195, 76, 183, 255: 157
237, 181, 228, 255: 15
0, 107, 29, 255: 1
193, 247, 255, 255: 1
132, 90, 14, 255: 4
16, 97, 252, 255: 1
249, 182, 195, 255: 3
184, 109, 21, 255: 1
74, 58, 185, 255: 1
0, 130, 194, 255: 1
0, 91, 64, 255: 1
126, 163, 112, 255: 3
137, 202, 238, 255: 16
137, 143, 210, 255: 5
97, 54, 240, 255: 32
72, 180, 172, 255: 8
67, 240, 58, 255: 1
33, 138, 154, 255: 5
0, 181, 160, 255: 2
36, 255, 224, 255: 11
197, 143, 30, 255: 1
31, 184, 11, 255: 1
90, 44, 30, 255: 6
133, 30, 225, 255: 2
24, 48, 77, 255: 35
97, 44, 221, 255: 25
9, 84, 172, 255: 22
140, 62, 56, 255: 1
36, 59, 173, 255: 10
189, 54, 82, 255: 14
186, 71, 228, 255: 24
94, 126, 47, 255: 1
92, 28, 20, 255: 1
120, 17, 23, 255: 2
45, 26, 249, 255: 1
248, 38, 9, 255: 2
43, 77, 46, 255: 2
0, 150, 135, 255: 1
255, 220, 180, 255: 1
32, 229, 66, 255: 1
182, 123, 113, 255: 1
77, 19, 80, 255: 69
1, 192, 223, 255: 2
196, 189, 255, 255: 1
185, 26, 157, 255: 10
34, 107, 69, 255: 2
244, 85, 103, 255: 3
143, 184, 147, 255: 23
25, 40, 243, 255: 19
248, 65, 196, 255: 8
150, 128, 109, 255: 2
182, 23, 154, 255: 6
29, 134, 150, 255: 1
133, 133, 21, 255: 22
168, 238, 246, 255: 1
37, 90, 52, 255: 4
184, 186, 60, 255: 5
237, 221, 24, 255: 3
181, 168, 18, 255: 2
87, 92, 135, 255: 7
110, 192, 204, 255: 2314
239, 78, 78, 255: 2
134, 216, 226, 255: 72
33, 205, 54, 255: 16
133, 131, 31, 255: 1
126, 46, 131, 255: 4
180, 4, 22, 255: 61
250, 135, 61, 255: 4
36, 111, 91, 255: 1
240, 204, 171, 255: 20
8, 22, 226, 255: 104
40, 114, 248, 255: 6
211, 62, 71, 255: 2
37, 126, 166, 255: 8
228, 39, 247, 255: 2
133, 32, 34, 255: 2
49, 2, 113, 255: 1
131, 232, 162, 255: 48
88, 59, 241, 255: 6
243, 141, 72, 255: 1
91, 150, 47, 255: 4
254, 230, 225, 255: 3
243, 197, 190, 255: 1
178, 27, 33, 255: 10
85, 1, 112, 255: 8
172, 134, 252, 255: 4
56, 26, 214, 255: 1
27, 215, 40, 255: 4
246, 152, 78, 255: 2
0, 196, 119, 255: 99
187, 81, 31, 255: 1
0, 78, 42, 255: 17
0, 43, 14, 255: 2
234, 12, 167, 255: 1
81, 65, 227, 255: 2
82, 91, 139, 255: 8
198, 174, 255, 255: 1
36, 140, 229, 255: 1
133, 14, 95, 255: 2
69, 132, 216, 255: 2
135, 176, 139, 255: 8
15, 115, 190, 255: 1
78, 133, 153, 255: 9
177, 18, 10, 255: 2
243, 147, 10, 255: 5
238, 105, 192, 255: 21
251, 51, 105, 255: 19
88, 198, 68, 255: 7
190, 27, 225, 255: 11
34, 134, 244, 255: 3
225, 247, 255, 255: 5
138, 242, 14, 255: 7
142, 208, 159, 255: 18
174, 29, 37, 255: 1
248, 95, 53, 255: 7
37, 171, 189, 255: 3
87, 253, 40, 255: 1
240, 1, 79, 255: 36
93, 220, 168, 255: 4
148, 236, 103, 255: 2
30, 246, 19, 255: 1
78, 43, 183, 255: 2
62, 64, 10, 255: 91
42, 185, 215, 255: 29
195, 24, 157, 255: 41
189, 179, 164, 255: 23
141, 102, 89, 255: 32
141, 74, 230, 255: 20
187, 255, 141, 255: 7
29, 199, 103, 255: 1
128, 35, 21, 255: 13
244, 246, 53, 255: 13
43, 199, 226, 255: 9
87, 99, 92, 255: 2
18, 247, 231, 255: 1
1, 60, 172, 255: 3
88, 243, 21, 255: 24
180, 46, 27, 255: 11
242, 225, 112, 255: 28
218, 41, 66, 255: 26
75, 1, 240, 255: 15
130, 136, 101, 255: 2
248, 249, 129, 255: 5
211, 150, 232, 255: 2
139, 177, 161, 255: 21
0, 7, 44, 255: 42
158, 81, 119, 255: 1
140, 56, 238, 255: 2
86, 230, 8, 255: 1
237, 199, 103, 255: 18
64, 83, 106, 255: 2
137, 162, 47, 255: 1
23, 115, 23, 255: 21
198, 6, 48, 255: 3
105, 54, 73, 255: 3
148, 85, 255, 255: 1
138, 66, 154, 255: 4
188, 65, 55, 255: 10
23, 88, 11, 255: 1
197, 77, 47, 255: 2
101, 96, 20, 255: 1
244, 91, 49, 255: 12
167, 250, 110, 255: 12
215, 13, 50, 255: 7
39, 255, 204, 255: 1
74, 212, 133, 255: 5
241, 74, 181, 255: 16
209, 103, 163, 255: 1
35, 98, 223, 255: 6
199, 140, 130, 255: 5
37, 199, 48, 255: 6
241, 119, 214, 255: 5
149, 245, 125, 255: 70
240, 216, 255, 255: 2
188, 145, 255, 255: 1
12, 81, 203, 255: 20
192, 199, 225, 255: 1
30, 175, 193, 255: 31
94, 255, 245, 255: 1
35, 212, 255, 255: 10
165, 184, 63, 255: 32
207, 198, 37, 255: 1
30, 25, 52, 255: 7
144, 152, 62, 255: 38
204, 228, 182, 255: 1
0, 83, 145, 255: 1
10, 16, 53, 255: 2
90, 106, 231, 255: 1
34, 135, 91, 255: 5
103, 220, 13, 255: 9
94, 225, 151, 255: 4
45, 193, 164, 255: 2
193, 46, 66, 255: 26
134, 42, 210, 255: 8
35, 166, 15, 255: 1
59, 161, 86, 255: 325
183, 68, 225, 255: 56
140, 106, 59, 255: 1
179, 89, 235, 255: 23
34, 255, 213, 255: 1
210, 253, 167, 255: 2
137, 239, 85, 255: 5
29, 10, 233, 255: 2
142, 202, 204, 255: 1
196, 217, 113, 255: 1
0, 144, 214, 255: 1
126, 38, 212, 255: 15
182, 197, 170, 255: 2
208, 86, 182, 255: 1
78, 134, 188, 255: 5
37, 255, 108, 255: 4
250, 190, 187, 255: 19
241, 92, 203, 255: 22
0, 26, 175, 255: 42
116, 225, 67, 255: 25
85, 42, 117, 255: 10
226, 17, 13, 255: 1
237, 56, 175, 255: 5
0, 246, 107, 255: 41
251, 58, 106, 255: 1
179, 65, 1, 255: 1
248, 45, 0, 255: 1
193, 20, 238, 255: 1
0, 119, 183, 255: 1
25, 230, 96, 255: 3
187, 234, 96, 255: 2
239, 95, 147, 255: 1
255, 27, 113, 255: 1
242, 40, 76, 255: 7
10, 239, 223, 255: 9
40, 224, 82, 255: 9
163, 34, 59, 255: 1
185, 189, 245, 255: 24
88, 208, 125, 255: 1
243, 154, 148, 255: 28
247, 254, 177, 255: 8
0, 103, 111, 255: 1
0, 156, 81, 255: 219
238, 7, 252, 255: 12
35, 44, 25, 255: 14
222, 189, 126, 255: 1
0, 196, 30, 255: 1
87, 130, 85, 255: 6
76, 113, 248, 255: 3
205, 108, 233, 255: 1
201, 175, 38, 255: 1
61, 85, 49, 255: 9
96, 83, 96, 255: 1
183, 247, 187, 255: 24
49, 38, 146, 255: 1
35, 39, 114, 255: 11
175, 145, 174, 255: 10
0, 60, 75, 255: 1
34, 5, 181, 255: 15
241, 213, 91, 255: 14
44, 166, 105, 255: 2
145, 219, 200, 255: 9
185, 59, 53, 255: 2
235, 66, 1, 255: 68
193, 1, 79, 255: 3
196, 117, 15, 255: 3
244, 238, 134, 255: 6
25, 100, 187, 255: 9
88, 79, 62, 255: 44
92, 241, 171, 255: 6
245, 211, 20, 255: 1
245, 157, 187, 255: 4
134, 108, 228, 255: 11
0, 165, 133, 255: 62
0, 83, 82, 255: 1006
116, 140, 135, 255: 1
140, 17, 1, 255: 1
37, 28, 88, 255: 29
127, 159, 39, 255: 3
107, 136, 175, 255: 10
181, 251, 157, 255: 2
197, 140, 56, 255: 3
0, 61, 238, 255: 1
203, 115, 150, 255: 15
42, 17, 18, 255: 16
152, 210, 250, 255: 1
185, 81, 247, 255: 45
193, 18, 173, 255: 2
39, 75, 215, 255: 24
246, 34, 255, 255: 1
93, 195, 1, 255: 1
89, 255, 157, 255: 1
42, 83, 164, 255: 4
90, 217, 129, 255: 2
2, 5, 86, 255: 2
143, 8, 30, 255: 19
43, 15, 46, 255: 1
0, 110, 127, 255: 3
80, 89, 137, 255: 7
194, 202, 118, 255: 6
86, 205, 241, 255: 23
232, 194, 98, 255: 14
90, 224, 248, 255: 3
238, 246, 121, 255: 47
129, 111, 142, 255: 38
210, 16, 220, 255: 20
255, 95, 177, 255: 1
47, 101, 60, 255: 1
57, 106, 58, 255: 45
110, 62, 38, 255: 2
143, 121, 221, 255: 7
200, 251, 230, 255: 20
197, 117, 63, 255: 17
39, 120, 249, 255: 5
94, 36, 97, 255: 1
139, 229, 186, 255: 14
0, 178, 146, 255: 5131
228, 4, 22, 255: 27
132, 98, 189, 255: 4
87, 66, 160, 255: 20
127, 27, 192, 255: 2
208, 31, 56, 255: 18
233, 169, 49, 255: 24
28, 136, 122, 255: 9
48, 73, 179, 255: 1
89, 255, 88, 255: 1
110, 229, 81, 255: 41
189, 198, 102, 255: 33
255, 102, 162, 255: 1
0, 121, 146, 255: 1
131, 176, 190, 255: 9
85, 22, 255, 255: 17
48, 227, 153, 255: 10
190, 92, 71, 255: 3
84, 166, 16, 255: 2
241, 206, 191, 255: 3
0, 222, 75, 255: 1
85, 149, 12, 255: 2
188, 13, 65, 255: 11
79, 206, 118, 255: 59
44, 198, 238, 255: 16
246, 126, 239, 255: 89
230, 157, 127, 255: 11
0, 247, 108, 255: 12
239, 228, 183, 255: 13
193, 240, 205, 255: 5
97, 79, 253, 255: 2
40, 119, 66, 255: 31
0, 106, 190, 255: 13
145, 52, 140, 255: 1
0, 55, 158, 255: 2
185, 175, 160, 255: 42
75, 75, 213, 255: 2
178, 19, 150, 255: 2
121, 5, 57, 255: 1
91, 91, 167, 255: 5
3, 188, 150, 255: 1
40, 18, 15, 255: 2
24, 179, 69, 255: 3
236, 236, 236, 255: 2
195, 255, 102, 255: 1
121, 51, 110, 255: 2
24, 255, 137, 255: 3
223, 66, 36, 255: 1
0, 228, 15, 255: 5
237, 6, 148, 255: 2
242, 255, 157, 255: 1
0, 60, 36, 255: 1
0, 2, 163, 255: 142
89, 158, 182, 255: 1
97, 216, 252, 255: 1
132, 18, 50, 255: 3
143, 166, 55, 255: 1
0, 146, 131, 255: 1
238, 94, 17, 255: 2
82, 127, 173, 255: 18
241, 109, 213, 255: 8
0, 252, 92, 255: 1
238, 13, 78, 255: 1
193, 161, 66, 255: 9
204, 107, 232, 255: 4
135, 33, 74, 255: 2
138, 116, 216, 255: 6
116, 147, 28, 255: 9
136, 212, 255, 255: 13
81, 206, 55, 255: 10
88, 226, 249, 255: 1
0, 127, 132, 255: 24
90, 41, 12, 255: 7
44, 215, 76, 255: 7
247, 184, 202, 255: 5
196, 71, 109, 255: 16
252, 52, 106, 255: 23
140, 79, 48, 255: 2
239, 255, 121, 255: 2
35, 18, 186, 255: 2
47, 234, 71, 255: 10
77, 143, 70, 255: 4
12, 54, 89, 255: 16
143, 244, 210, 255: 2
0, 121, 216, 255: 2
0, 146, 7, 255: 1
221, 237, 177, 255: 1
49, 120, 2, 255: 3
88, 165, 203, 255: 17
118, 20, 248, 255: 1
193, 34, 165, 255: 16
237, 234, 254, 255: 2
38, 242, 156, 255: 17
34, 5, 145, 255: 68
171, 56, 213, 255: 4
101, 15, 139, 255: 1
184, 237, 168, 255: 34
18, 245, 131, 255: 1
107, 86, 148, 255: 2
246, 237, 35, 255: 6
0, 60, 40, 255: 22
0, 177, 145, 255: 811
50, 171, 56, 255: 1
147, 24, 157, 255: 3
133, 85, 162, 255: 25
46, 227, 251, 255: 4
244, 40, 13, 255: 2
24, 177, 71, 255: 1
88, 156, 100, 255: 11
35, 119, 254, 255: 12
25, 32, 170, 255: 3
190, 232, 36, 255: 7
89, 32, 128, 255: 9
16, 138, 232, 255: 2
0, 249, 213, 255: 6
171, 172, 129, 255: 1
86, 138, 188, 255: 6
230, 59, 49, 255: 2
132, 87, 134, 255: 3
150, 108, 32, 255: 1
105, 57, 174, 255: 2
245, 123, 100, 255: 2
252, 175, 94, 255: 4
0, 146, 216, 255: 2
0, 93, 224, 255: 78
193, 255, 250, 255: 1
101, 70, 9, 255: 3
251, 87, 138, 255: 7
255, 157, 123, 255: 1
44, 154, 29, 255: 29
241, 150, 46, 255: 4
130, 66, 65, 255: 2
194, 114, 60, 255: 9
93, 247, 246, 255: 1
227, 191, 194, 255: 1
138, 21, 47, 255: 3
204, 222, 148, 255: 5
45, 163, 205, 255: 39
98, 99, 91, 255: 25
35, 100, 24, 255: 2
165, 182, 219, 255: 1
171, 229, 204, 255: 1099
191, 40, 46, 255: 9
236, 227, 25, 255: 87
225, 70, 138, 255: 5
0, 253, 191, 255: 59
93, 101, 88, 255: 3
137, 133, 15, 255: 6
45, 98, 60, 255: 2
237, 230, 46, 255: 1
0, 244, 71, 255: 2
0, 101, 53, 255: 15
187, 127, 255, 255: 1104
240, 155, 163, 255: 5
0, 22, 137, 255: 185
71, 16, 175, 255: 1
93, 118, 182, 255: 2
139, 82, 65, 255: 8
118, 130, 92, 255: 40
97, 205, 87, 255: 20
188, 35, 234, 255: 5
37, 174, 25, 255: 21
91, 55, 134, 255: 5
237, 68, 76, 255: 1
195, 65, 162, 255: 7
238, 150, 180, 255: 12
199, 6, 249, 255: 2
100, 116, 87, 255: 1
0, 233, 218, 255: 22
193, 51, 3, 255: 18
192, 72, 6, 255: 14
27, 23, 152, 255: 7
141, 213, 104, 255: 1
38, 227, 162, 255: 4
101, 243, 24, 255: 10
93, 41, 255, 255: 7
195, 85, 102, 255: 30
0, 54, 98, 255: 3
43, 182, 234, 255: 1
215, 49, 84, 255: 5
185, 55, 152, 255: 2
79, 13, 199, 255: 1
144, 73, 179, 255: 42
34, 189, 217, 255: 25
0, 18, 99, 255: 3
246, 52, 255, 255: 2
240, 143, 108, 255: 1
60, 109, 61, 255: 81
255, 200, 227, 255: 1
18, 220, 116, 255: 1
182, 177, 67, 255: 11
98, 14, 126, 255: 1
44, 105, 131, 255: 1
158, 109, 193, 255: 1
95, 66, 248, 255: 3
0, 224, 131, 255: 2
1, 13, 4, 255: 1
176, 158, 196, 255: 31
204, 14, 228, 255: 1
0, 127, 63, 255: 1
243, 40, 251, 255: 4
92, 192, 163, 255: 6
141, 234, 99, 255: 1
195, 171, 22, 255: 6
53, 12, 151, 255: 1
247, 6, 96, 255: 3
138, 207, 1, 255: 14
32, 19, 135, 255: 1
243, 128, 54, 255: 2
104, 240, 209, 255: 2
46, 244, 89, 255: 24
146, 98, 175, 255: 1
185, 158, 30, 255: 35
142, 85, 170, 255: 1
33, 78, 210, 255: 6
175, 182, 208, 255: 3
34, 151, 255, 255: 10
136, 194, 234, 255: 7
245, 232, 133, 255: 1
80, 121, 161, 255: 29
229, 121, 196, 255: 28
188, 204, 31, 255: 1
145, 131, 142, 255: 6
141, 137, 122, 255: 4
187, 83, 28, 255: 2
0, 216, 132, 255: 2
0, 67, 145, 255: 3060
32, 15, 80, 255: 4
0, 2, 9, 255: 2
29, 25, 87, 255: 2
32, 27, 54, 255: 7
154, 66, 94, 255: 3
81, 15, 201, 255: 3
91, 237, 69, 255: 8
126, 10, 164, 255: 1
188, 51, 200, 255: 1
41, 158, 29, 255: 1
92, 60, 0, 255: 2
46, 159, 4, 255: 1
0, 6, 167, 255: 58
87, 72, 242, 255: 1
85, 52, 137, 255: 37
94, 204, 74, 255: 3
193, 95, 109, 255: 4
182, 43, 58, 255: 30
39, 110, 146, 255: 21
193, 93, 17, 255: 1
138, 64, 226, 255: 2
229, 40, 248, 255: 1
87, 183, 213, 255: 7
155, 227, 79, 255: 1026
79, 170, 85, 255: 60
0, 88, 185, 255: 2
136, 12, 35, 255: 10
38, 133, 255, 255: 1
120, 155, 159, 255: 2
0, 67, 155, 255: 1
122, 44, 192, 255: 8
0, 249, 21, 255: 61
185, 7, 182, 255: 17
241, 25, 210, 255: 3
245, 199, 39, 255: 2
134, 255, 222, 255: 1
132, 142, 158, 255: 1
140, 249, 126, 255: 7
134, 97, 209, 255: 1
40, 94, 255, 255: 9
0, 213, 111, 255: 3
235, 26, 23, 255: 1
30, 185, 177, 255: 50
238, 221, 210, 255: 1
234, 189, 246, 255: 39
63, 79, 132, 255: 1
0, 123, 187, 255: 3
21, 248, 132, 255: 4
231, 165, 203, 255: 5
0, 133, 49, 255: 16
196, 2, 237, 255: 2
42, 168, 205, 255: 1
0, 87, 184, 255: 1
72, 245, 62, 255: 1
178, 215, 206, 255: 1
39, 208, 51, 255: 6
91, 218, 130, 255: 3
25, 145, 175, 255: 2
240, 31, 255, 255: 44
28, 183, 175, 255: 38
94, 255, 182, 255: 2
136, 193, 97, 255: 3
85, 50, 37, 255: 4
0, 168, 39, 255: 2
91, 15, 38, 255: 5
207, 250, 164, 255: 1
181, 239, 239, 255: 6
96, 220, 255, 255: 47
38, 29, 89, 255: 25
176, 191, 61, 255: 1
138, 167, 102, 255: 1
193, 255, 66, 255: 1
21, 146, 209, 255: 2
69, 52, 77, 255: 3
124, 200, 14, 255: 1
0, 133, 6, 255: 79
232, 255, 116, 255: 1
13, 115, 33, 255: 2
36, 158, 255, 255: 1
9, 189, 68, 255: 19
29, 65, 205, 255: 1
156, 79, 77, 255: 39
234, 8, 183, 255: 1
35, 218, 41, 255: 15
29, 201, 14, 255: 3
0, 234, 22, 255: 1
134, 196, 31, 255: 5
76, 112, 212, 255: 3
233, 56, 234, 255: 1
170, 121, 231, 255: 1
134, 177, 66, 255: 1
192, 255, 5, 255: 8
139, 202, 183, 255: 1
207, 27, 250, 255: 4
173, 102, 167, 255: 1
47, 63, 156, 255: 1
98, 20, 55, 255: 1
244, 82, 130, 255: 4
137, 32, 230, 255: 6
133, 232, 236, 255: 1
180, 222, 143, 255: 13
165, 245, 8, 255: 1112
91, 123, 172, 255: 1
0, 161, 130, 255: 15
0, 35, 184, 255: 2
237, 45, 10, 255: 1
133, 206, 50, 255: 50
92, 118, 99, 255: 44
96, 39, 237, 255: 1
200, 65, 93, 255: 5
83, 142, 176, 255: 8
136, 92, 174, 255: 10
231, 82, 90, 255: 1
141, 221, 23, 255: 7
164, 191, 135, 255: 2
32, 91, 99, 255: 2
108, 85, 191, 255: 1
83, 133, 255, 255: 1099
82, 146, 111, 255: 11
110, 45, 45, 255: 1
131, 15, 102, 255: 6
82, 213, 139, 255: 2
130, 25, 122, 255: 10
94, 117, 118, 255: 3
236, 192, 248, 255: 32
240, 66, 189, 255: 9
240, 212, 126, 255: 7
0, 79, 77, 255: 106
236, 208, 122, 255: 9
185, 129, 209, 255: 1
0, 106, 127, 255: 2
80, 127, 236, 255: 39
181, 223, 27, 255: 1
59, 108, 60, 255: 67
182, 18, 208, 255: 1
197, 190, 118, 255: 2
197, 54, 18, 255: 5
0, 6, 210, 255: 1
40, 128, 241, 255: 30
235, 169, 89, 255: 1
25, 225, 23, 255: 56
88, 41, 111, 255: 32
180, 83, 233, 255: 2
37, 60, 174, 255: 2
0, 165, 70, 255: 2
159, 65, 242, 255: 1
176, 20, 213, 255: 3
33, 124, 79, 255: 3
184, 58, 241, 255: 13
0, 225, 9, 255: 1
197, 32, 234, 255: 1
87, 191, 213, 255: 6
10, 237, 123, 255: 76
0, 199, 123, 255: 1
76, 49, 65, 255: 2
196, 154, 222, 255: 7
89, 254, 6, 255: 13
201, 109, 46, 255: 29
241, 129, 153, 255: 9
43, 254, 198, 255: 1
131, 168, 14, 255: 8
0, 124, 243, 255: 6
232, 118, 124, 255: 5
121, 84, 196, 255: 2
166, 152, 132, 255: 1
91, 13, 201, 255: 45
179, 169, 154, 255: 3
151, 220, 14, 255: 9
185, 187, 61, 255: 3
82, 18, 113, 255: 1
194, 110, 112, 255: 1
100, 173, 160, 255: 6
0, 84, 49, 255: 3
188, 12, 30, 255: 62
100, 22, 210, 255: 20
187, 144, 40, 255: 26
33, 191, 26, 255: 60
171, 149, 218, 255: 21
48, 70, 231, 255: 12
236, 90, 69, 255: 1
37, 147, 22, 255: 6
30, 47, 92, 255: 3
139, 42, 151, 255: 2
231, 52, 13, 255: 6
0, 92, 103, 255: 1
68, 189, 33, 255: 1
139, 255, 86, 255: 5
87, 255, 14, 255: 2
89, 154, 0, 255: 2
178, 60, 119, 255: 5
186, 160, 66, 255: 6
45, 226, 250, 255: 7
141, 135, 175, 255: 4
20, 228, 193, 255: 14
248, 250, 57, 255: 2
71, 28, 68, 255: 1
224, 76, 248, 255: 1
0, 209, 78, 255: 1
179, 254, 75, 255: 1
231, 255, 219, 255: 1
145, 255, 183, 255: 2
194, 82, 183, 255: 5
27, 255, 92, 255: 1
33, 241, 241, 255: 13
240, 100, 157, 255: 4
16, 20, 213, 255: 2
32, 47, 250, 255: 16
50, 45, 222, 255: 4
45, 79, 48, 255: 1
36, 70, 255, 255: 13
191, 79, 255, 255: 16
198, 208, 223, 255: 2
136, 230, 12, 255: 1
140, 247, 128, 255: 1
230, 131, 116, 255: 31
5, 119, 188, 255: 1
72, 100, 33, 255: 1
215, 54, 55, 255: 1
27, 50, 164, 255: 73
233, 89, 166, 255: 22
29, 174, 157, 255: 16
133, 122, 112, 255: 2
179, 177, 37, 255: 23
248, 111, 147, 255: 50
7, 60, 103, 255: 4
230, 245, 186, 255: 12
141, 104, 190, 255: 4
28, 51, 165, 255: 57
153, 239, 110, 255: 1
85, 66, 222, 255: 20
234, 224, 96, 255: 1
236, 219, 106, 255: 74
0, 207, 19, 255: 2
89, 109, 21, 255: 1
41, 155, 183, 255: 3
84, 188, 130, 255: 1
238, 104, 110, 255: 1
196, 213, 249, 255: 1
255, 63, 28, 255: 1
33, 225, 214, 255: 5
81, 185, 24, 255: 2
124, 136, 97, 255: 1
3, 119, 56, 255: 1
245, 12, 13, 255: 1
195, 107, 142, 255: 16
136, 91, 9, 255: 2
29, 50, 203, 255: 1
0, 221, 252, 255: 1
187, 15, 130, 255: 18
184, 208, 91, 255: 3
56, 6, 19, 255: 1
0, 210, 241, 255: 2
20, 165, 148, 255: 1
34, 137, 90, 255: 1
197, 185, 182, 255: 170
234, 68, 102, 255: 8
136, 205, 246, 255: 1
111, 113, 65, 255: 293
225, 158, 197, 255: 6
52, 181, 192, 255: 1
164, 225, 67, 255: 54
231, 109, 124, 255: 1
75, 120, 166, 255: 1
27, 122, 10, 255: 2
38, 119, 248, 255: 5
199, 250, 229, 255: 18
225, 214, 169, 255: 5
147, 36, 167, 255: 1
138, 159, 30, 255: 55
45, 20, 174, 255: 1
144, 190, 49, 255: 1
129, 238, 79, 255: 32
142, 62, 2, 255: 24
195, 28, 247, 255: 1
121, 25, 32, 255: 2
23, 43, 59, 255: 21
192, 174, 94, 255: 4
187, 48, 63, 255: 64
0, 143, 123, 255: 1
0, 184, 8, 255: 1
239, 222, 109, 255: 58
177, 8, 129, 255: 1
0, 12, 118, 255: 139
126, 241, 48, 255: 3
22, 9, 125, 255: 4
2, 176, 27, 255: 1
140, 8, 129, 255: 1
39, 226, 63, 255: 87
62, 109, 219, 255: 2
194, 12, 137, 255: 8
0, 150, 41, 255: 1
92, 200, 82, 255: 3
82, 121, 98, 255: 10
136, 130, 206, 255: 6
27, 152, 87, 255: 1
102, 54, 132, 255: 16
190, 130, 255, 255: 661
255, 149, 237, 255: 1
64, 94, 127, 255: 3
184, 3, 208, 255: 5
198, 124, 219, 255: 1
180, 230, 98, 255: 4
32, 101, 38, 255: 7
37, 23, 187, 255: 2
169, 100, 9, 255: 49
81, 237, 151, 255: 1
242, 137, 53, 255: 18
0, 31, 87, 255: 1
135, 133, 187, 255: 1
187, 36, 42, 255: 24
201, 76, 216, 255: 1
53, 226, 186, 255: 10
235, 92, 51, 255: 3
89, 132, 190, 255: 4
93, 33, 142, 255: 12
129, 59, 118, 255: 52
26, 176, 100, 255: 4
139, 244, 34, 255: 2
74, 229, 125, 255: 9
0, 228, 81, 255: 12
232, 184, 142, 255: 60
100, 137, 126, 255: 47
65, 85, 107, 255: 1
239, 140, 125, 255: 23
6, 37, 62, 255: 238
182, 103, 37, 255: 8
137, 194, 255, 255: 8
187, 235, 234, 255: 1
0, 248, 178, 255: 70
251, 219, 46, 255: 31
103, 5, 120, 255: 2
141, 110, 8, 255: 20
188, 145, 195, 255: 2
192, 124, 32, 255: 17
30, 135, 151, 255: 6
226, 141, 39, 255: 1
179, 216, 171, 255: 7
186, 242, 117, 255: 4
94, 14, 31, 255: 3
240, 17, 70, 255: 2
89, 136, 245, 255: 7
247, 141, 105, 255: 1
75, 175, 36, 255: 1
0, 211, 143, 255: 3827
254, 233, 69, 255: 31
135, 88, 80, 255: 3
128, 12, 99, 255: 2
106, 152, 12, 255: 1
240, 53, 103, 255: 24
195, 87, 202, 255: 53
0, 181, 159, 255: 8
239, 168, 156, 255: 2
179, 246, 191, 255: 1
194, 27, 246, 255: 8
28, 100, 63, 255: 1
255, 231, 226, 255: 3
41, 42, 112, 255: 4
123, 68, 141, 255: 1
96, 167, 209, 255: 21
36, 33, 78, 255: 2
99, 144, 44, 255: 24
206, 186, 16, 255: 3
192, 40, 247, 255: 4
0, 158, 181, 255: 1
202, 141, 7, 255: 3
160, 56, 109, 255: 2
81, 233, 169, 255: 2
235, 177, 162, 255: 3
40, 215, 163, 255: 11
22, 206, 98, 255: 19
134, 75, 178, 255: 3
145, 156, 53, 255: 2
151, 99, 125, 255: 15
78, 98, 2, 255: 1
133, 213, 161, 255: 9
183, 255, 198, 255: 1
204, 6, 155, 255: 1
185, 73, 72, 255: 20
84, 206, 222, 255: 2
144, 216, 107, 255: 3
244, 192, 219, 255: 8
132, 93, 80, 255: 18
89, 211, 227, 255: 1
35, 118, 116, 255: 1
129, 13, 65, 255: 2
83, 201, 250, 255: 1
193, 98, 56, 255: 1
141, 119, 100, 255: 14
141, 177, 71, 255: 3
1, 32, 98, 255: 2
1, 85, 185, 255: 1
84, 29, 34, 255: 2
137, 133, 118, 255: 5
210, 220, 93, 255: 1
29, 182, 229, 255: 1
89, 101, 212, 255: 1
19, 164, 147, 255: 2
33, 205, 208, 255: 1
78, 82, 61, 255: 4
155, 125, 195, 255: 1
111, 115, 166, 255: 21
0, 20, 135, 255: 177
221, 64, 34, 255: 1
183, 255, 141, 255: 3
104, 221, 14, 255: 3
88, 80, 153, 255: 2
189, 171, 91, 255: 2
34, 101, 123, 255: 41
144, 89, 17, 255: 13
189, 74, 231, 255: 8
99, 199, 170, 255: 5
138, 146, 209, 255: 1
231, 236, 167, 255: 8
205, 127, 171, 255: 2
129, 27, 32, 255: 1
238, 159, 99, 255: 14
128, 91, 203, 255: 3
247, 57, 204, 255: 1
36, 51, 100, 255: 6
222, 150, 120, 255: 1
231, 7, 127, 255: 3
147, 96, 110, 255: 3
90, 133, 191, 255: 3
0, 219, 228, 255: 1
15, 164, 89, 255: 11
23, 116, 59, 255: 1
31, 112, 241, 255: 1
0, 130, 37, 255: 18
188, 205, 241, 255: 20
243, 191, 218, 255: 5
109, 246, 72, 255: 3
9, 183, 250, 255: 4
77, 141, 71, 255: 1
0, 89, 220, 255: 191
80, 207, 155, 255: 7
0, 27, 52, 255: 2
92, 231, 68, 255: 8
123, 43, 128, 255: 1
11, 150, 65, 255: 12
159, 178, 57, 255: 13
0, 153, 177, 255: 1
140, 119, 255, 255: 17
214, 183, 220, 255: 8
186, 255, 85, 255: 1
232, 176, 223, 255: 45
97, 189, 96, 255: 1
31, 88, 238, 255: 1
13, 201, 246, 255: 1
39, 18, 105, 255: 17
188, 44, 153, 255: 2
207, 119, 154, 255: 2
242, 159, 2, 255: 14
77, 116, 93, 255: 5
69, 89, 111, 255: 4
99, 194, 97, 255: 1
228, 49, 10, 255: 2
237, 230, 199, 255: 2
41, 40, 11, 255: 5
17, 225, 190, 255: 2
5, 140, 214, 255: 21
245, 209, 58, 255: 2
38, 107, 44, 255: 5
253, 108, 233, 255: 11
108, 104, 244, 255: 1
37, 184, 9, 255: 19
0, 40, 100, 255: 2
101, 193, 253, 255: 1
204, 139, 247, 255: 2
154, 212, 252, 255: 1
247, 255, 194, 255: 1
143, 153, 51, 255: 7
135, 24, 119, 255: 20
184, 121, 255, 255: 1
167, 225, 199, 255: 1
220, 99, 66, 255: 1
35, 39, 79, 255: 4
24, 222, 213, 255: 2
189, 234, 100, 255: 7
50, 126, 103, 255: 1
2, 17, 107, 255: 6
68, 104, 204, 255: 1
46, 37, 97, 255: 1
33, 62, 244, 255: 2
193, 176, 104, 255: 1
121, 85, 231, 255: 1
37, 86, 223, 255: 16
34, 130, 154, 255: 3
157, 78, 233, 255: 4
181, 105, 102, 255: 18
91, 191, 154, 255: 1
248, 44, 119, 255: 1
217, 145, 218, 255: 1
189, 16, 234, 255: 1
0, 154, 114, 255: 15
0, 77, 7, 255: 1
41, 242, 58, 255: 1
155, 51, 65, 255: 1
193, 131, 142, 255: 17
37, 96, 207, 255: 31
131, 62, 156, 255: 16
162, 63, 43, 255: 4
35, 77, 146, 255: 2
214, 12, 49, 255: 5
2, 124, 65, 255: 1
183, 102, 158, 255: 10
0, 55, 154, 255: 2
70, 98, 31, 255: 3
84, 30, 207, 255: 1
197, 20, 85, 255: 20
77, 34, 109, 255: 1
109, 127, 157, 255: 4
127, 164, 113, 255: 9
144, 89, 170, 255: 5
189, 88, 255, 255: 1
223, 231, 4, 255: 1
245, 221, 215, 255: 18
34, 66, 90, 255: 14
194, 60, 179, 255: 1
103, 50, 227, 255: 2
0, 82, 80, 255: 2070
1, 115, 184, 255: 3
118, 61, 228, 255: 26
93, 21, 205, 255: 2
194, 248, 255, 255: 3
246, 44, 182, 255: 2
0, 193, 171, 255: 1
183, 54, 78, 255: 4
97, 156, 190, 255: 1
94, 47, 219, 255: 1
70, 158, 231, 255: 2
131, 139, 194, 255: 17
0, 233, 243, 255: 2
150, 142, 230, 255: 17
25, 172, 151, 255: 2
52, 192, 252, 255: 1
233, 182, 170, 255: 1
58, 60, 6, 255: 161
158, 29, 208, 255: 1
0, 241, 146, 255: 1
193, 89, 101, 255: 4
190, 72, 105, 255: 1
70, 194, 162, 255: 2
85, 162, 200, 255: 31
30, 162, 81, 255: 1
32, 171, 121, 255: 6
142, 118, 0, 255: 1
3, 240, 135, 255: 867
118, 172, 97, 255: 53
43, 167, 175, 255: 1
247, 249, 56, 255: 4
131, 78, 214, 255: 5
245, 108, 144, 255: 33
0, 113, 130, 255: 6
78, 29, 36, 255: 3
29, 247, 221, 255: 91
225, 21, 214, 255: 7
42, 255, 241, 255: 1
182, 139, 224, 255: 2
141, 232, 35, 255: 2
250, 144, 108, 255: 1
14, 62, 62, 255: 1
81, 57, 16, 255: 11
31, 73, 107, 255: 72
45, 235, 16, 255: 2
116, 110, 151, 255: 37
188, 175, 154, 255: 4
0, 202, 99, 255: 1
81, 105, 141, 255: 1
42, 133, 88, 255: 36
232, 98, 223, 255: 3
0, 36, 194, 255: 865
13, 207, 193, 255: 3
134, 205, 242, 255: 10
26, 239, 52, 255: 4
85, 237, 173, 255: 13
240, 183, 22, 255: 10
141, 69, 73, 255: 1
208, 59, 68, 255: 4
226, 0, 175, 255: 7
175, 184, 206, 255: 1
118, 100, 131, 255: 1
219, 166, 57, 255: 1
183, 162, 137, 255: 11
180, 35, 237, 255: 1
145, 23, 144, 255: 5
78, 249, 3, 255: 1
97, 255, 91, 255: 1
104, 42, 52, 255: 2
131, 194, 64, 255: 8
196, 120, 117, 255: 1
240, 248, 123, 255: 33
143, 86, 69, 255: 7
4, 161, 253, 255: 4
49, 178, 230, 255: 5
246, 89, 68, 255: 3
142, 253, 10, 255: 4
189, 30, 161, 255: 50
199, 223, 115, 255: 1
28, 44, 128, 255: 1
6, 233, 119, 255: 33
0, 75, 196, 255: 1130
182, 195, 77, 255: 2
113, 211, 45, 255: 1
213, 179, 246, 255: 6
102, 216, 167, 255: 6
32, 254, 233, 255: 4
181, 188, 214, 255: 9
140, 172, 88, 255: 10
246, 247, 127, 255: 4
30, 66, 104, 255: 1
13, 55, 90, 255: 95
93, 201, 83, 255: 7
144, 11, 215, 255: 1
138, 29, 222, 255: 6
38, 139, 95, 255: 2
44, 68, 200, 255: 1
32, 211, 137, 255: 2
34, 20, 184, 255: 3
131, 10, 12, 255: 1
62, 109, 116, 255: 1
88, 131, 86, 255: 9
238, 164, 137, 255: 2
0, 99, 77, 255: 1
195, 41, 77, 255: 2
192, 191, 86, 255: 6
73, 241, 117, 255: 7
161, 73, 62, 255: 135
131, 37, 107, 255: 69
89, 178, 38, 255: 1
36, 95, 206, 255: 33
91, 255, 124, 255: 1
136, 21, 219, 255: 4
139, 125, 100, 255: 6
0, 207, 96, 255: 1
29, 110, 45, 255: 1
185, 54, 236, 255: 20
131, 248, 154, 255: 3
137, 219, 229, 255: 27
35, 188, 117, 255: 14
236, 32, 5, 255: 3
213, 11, 48, 255: 6
26, 146, 243, 255: 1
196, 99, 224, 255: 7
78, 73, 245, 255: 1
135, 92, 135, 255: 1
201, 142, 132, 255: 2
107, 134, 75, 255: 1
181, 110, 211, 255: 4
254, 156, 31, 255: 9
243, 193, 27, 255: 6
195, 169, 178, 255: 3
83, 218, 41, 255: 27
237, 5, 112, 255: 10
232, 28, 1, 255: 1
239, 178, 3, 255: 27
189, 45, 163, 255: 5
0, 153, 79, 255: 10
32, 137, 153, 255: 2
183, 126, 69, 255: 1
26, 113, 208, 255: 5
51, 8, 15, 255: 4
229, 5, 23, 255: 38
87, 239, 175, 255: 12
44, 162, 204, 255: 76
0, 23, 193, 255: 2
145, 182, 131, 255: 3
255, 119, 219, 255: 1
234, 108, 42, 255: 15
131, 182, 8, 255: 2
24, 240, 116, 255: 28
91, 193, 255, 255: 6
238, 255, 214, 255: 1
141, 99, 23, 255: 28
132, 59, 20, 255: 1
253, 177, 198, 255: 6
214, 86, 242, 255: 2
26, 226, 59, 255: 1
50, 121, 3, 255: 1
35, 184, 181, 255: 8
89, 42, 112, 255: 17
0, 208, 106, 255: 7
93, 177, 199, 255: 1
42, 244, 22, 255: 1
29, 113, 145, 255: 1
172, 234, 75, 255: 3
194, 127, 69, 255: 3
137, 211, 192, 255: 2
22, 152, 156, 255: 5
145, 127, 52, 255: 1
43, 109, 179, 255: 15
192, 86, 189, 255: 4
171, 210, 9, 255: 1
25, 153, 94, 255: 1
104, 229, 189, 255: 5
34, 41, 255, 255: 14
170, 54, 213, 255: 1
9, 18, 0, 255: 8
218, 36, 249, 255: 1
251, 35, 11, 255: 26
236, 134, 149, 255: 3
44, 30, 194, 255: 2
80, 215, 38, 255: 19
25, 52, 180, 255: 2
175, 116, 190, 255: 3
39, 179, 10, 255: 3
246, 42, 117, 255: 1
56, 130, 71, 255: 1
19, 215, 171, 255: 1
237, 71, 105, 255: 17
36, 170, 118, 255: 1
0, 166, 169, 255: 22
132, 202, 204, 255: 17
29, 113, 248, 255: 1
0, 203, 224, 255: 243
42, 151, 18, 255: 1
47, 171, 26, 255: 2
203, 164, 74, 255: 1
241, 221, 10, 255: 12
189, 130, 120, 255: 16
189, 37, 244, 255: 4
231, 219, 73, 255: 2
231, 148, 109, 255: 4
89, 184, 87, 255: 1
239, 165, 138, 255: 1
58, 248, 143, 255: 2390
144, 240, 120, 255: 51
187, 214, 76, 255: 1
0, 239, 36, 255: 18
89, 164, 139, 255: 31
81, 112, 178, 255: 8
46, 222, 49, 255: 3
248, 246, 156, 255: 1
246, 26, 23, 255: 6
75, 67, 38, 255: 2
92, 22, 121, 255: 118
88, 147, 181, 255: 18
190, 161, 61, 255: 1
98, 180, 77, 255: 1
102, 230, 32, 255: 2
90, 33, 129, 255: 12
90, 255, 53, 255: 1
143, 59, 255, 255: 16
184, 250, 134, 255: 1
180, 182, 56, 255: 2
45, 142, 93, 255: 3
237, 74, 11, 255: 1
87, 84, 63, 255: 12
38, 209, 224, 255: 12
127, 215, 74, 255: 7
173, 8, 35, 255: 6
21, 217, 173, 255: 3
140, 87, 3, 255: 17
132, 247, 192, 255: 17
206, 249, 163, 255: 1
88, 116, 195, 255: 4
35, 77, 111, 255: 41
117, 124, 144, 255: 1
77, 159, 9, 255: 1
12, 18, 55, 255: 2
47, 176, 228, 255: 7
5, 52, 155, 255: 14
155, 84, 190, 255: 2
39, 131, 177, 255: 13
181, 235, 47, 255: 1
237, 34, 245, 255: 1
81, 216, 75, 255: 14
112, 231, 83, 255: 3
37, 159, 255, 255: 1
45, 251, 8, 255: 136
139, 255, 63, 255: 4
41, 218, 228, 255: 6
233, 205, 119, 255: 6
88, 182, 255, 255: 25
0, 148, 39, 255: 2
42, 53, 205, 255: 57
22, 45, 159, 255: 17
0, 217, 183, 255: 54
243, 255, 123, 255: 4
223, 151, 121, 255: 1
169, 249, 12, 255: 1
32, 22, 237, 255: 1
132, 142, 40, 255: 12
250, 244, 140, 255: 1
86, 161, 255, 255: 2
214, 48, 83, 255: 9
61, 50, 16, 255: 2
48, 255, 114, 255: 1
170, 154, 35, 255: 2
87, 31, 237, 255: 1
28, 236, 98, 255: 1
111, 88, 52, 255: 4
240, 23, 0, 255: 15
0, 31, 112, 255: 3
230, 123, 232, 255: 3
179, 83, 160, 255: 23
139, 36, 196, 255: 3
1, 148, 230, 255: 2
183, 225, 146, 255: 10
75, 141, 68, 255: 8
97, 166, 37, 255: 1
40, 171, 210, 255: 1
25, 197, 10, 255: 2
140, 154, 30, 255: 4
99, 255, 57, 255: 1
194, 55, 70, 255: 9
106, 151, 51, 255: 1
193, 255, 181, 255: 5
81, 76, 110, 255: 26
0, 120, 48, 255: 45
151, 74, 112, 255: 4
44, 215, 230, 255: 10
83, 169, 117, 255: 8
29, 126, 231, 255: 1
129, 208, 120, 255: 22
233, 255, 34, 255: 2
34, 211, 221, 255: 5
107, 152, 52, 255: 3
134, 104, 174, 255: 3
39, 102, 73, 255: 7
101, 160, 167, 255: 1
146, 170, 242, 255: 1
145, 110, 111, 255: 12
238, 188, 22, 255: 4
134, 183, 176, 255: 1
45, 212, 213, 255: 1
197, 246, 126, 255: 98
33, 35, 12, 255: 2
0, 29, 153, 255: 2
139, 25, 22, 255: 1
0, 111, 38, 255: 2
249, 242, 211, 255: 1
36, 103, 161, 255: 28
0, 63, 17, 255: 20
202, 71, 32, 255: 1
109, 132, 102, 255: 1
187, 158, 68, 255: 1
239, 33, 164, 255: 13
63, 245, 229, 255: 35
240, 255, 86, 255: 1
20, 236, 112, 255: 7
203, 158, 255, 255: 4
235, 12, 65, 255: 6
85, 81, 252, 255: 13
0, 207, 139, 255: 6091
96, 230, 254, 255: 3
22, 200, 236, 255: 1
87, 197, 32, 255: 29
225, 37, 206, 255: 1
88, 17, 108, 255: 1
241, 127, 133, 255: 12
227, 136, 32, 255: 10
157, 158, 117, 255: 15
90, 82, 155, 255: 3
138, 149, 183, 255: 1
85, 22, 142, 255: 1
87, 132, 32, 255: 1
188, 44, 162, 255: 14
49, 117, 29, 255: 2
37, 66, 120, 255: 1
82, 192, 27, 255: 150
29, 25, 189, 255: 5
0, 69, 182, 255: 27
152, 9, 223, 255: 9
28, 175, 154, 255: 3
114, 10, 17, 255: 1
80, 237, 78, 255: 3
80, 119, 61, 255: 74
140, 222, 114, 255: 3
146, 195, 188, 255: 3
239, 255, 107, 255: 1
43, 94, 73, 255: 2
112, 174, 10, 255: 51
34, 33, 255, 255: 2
41, 77, 115, 255: 1
239, 31, 174, 255: 5
252, 32, 166, 255: 5
133, 174, 137, 255: 3
227, 3, 21, 255: 14
180, 250, 2, 255: 45
0, 127, 187, 255: 5
144, 25, 244, 255: 4
55, 25, 213, 255: 1
200, 183, 111, 255: 8
80, 118, 214, 255: 2
179, 64, 221, 255: 64
134, 145, 109, 255: 1
29, 61, 85, 255: 71
238, 18, 236, 255: 7
241, 210, 246, 255: 1
162, 231, 240, 255: 80
243, 124, 164, 255: 1
255, 191, 86, 255: 1
95, 65, 58, 255: 1
0, 181, 193, 255: 1034
140, 77, 247, 255: 2
109, 157, 116, 255: 4
182, 117, 31, 255: 3
178, 63, 220, 255: 44
79, 134, 51, 255: 1
134, 232, 65, 255: 43
39, 168, 220, 255: 2
232, 86, 100, 255: 1
170, 157, 7, 255: 1
29, 233, 147, 255: 1
190, 49, 138, 255: 2
112, 81, 134, 255: 5
12, 13, 212, 255: 1
181, 17, 43, 255: 6
155, 183, 13, 255: 4
0, 143, 148, 255: 83
212, 178, 130, 255: 1
104, 116, 117, 255: 4
188, 65, 255, 255: 2
248, 158, 98, 255: 1
0, 215, 157, 255: 3
237, 240, 211, 255: 1
230, 109, 111, 255: 1
37, 237, 173, 255: 9
189, 155, 253, 255: 9
146, 140, 62, 255: 4
241, 2, 255, 255: 1
210, 157, 190, 255: 1
77, 60, 85, 255: 11
135, 21, 171, 255: 9
28, 87, 198, 255: 74
69, 69, 146, 255: 1
226, 198, 77, 255: 1
90, 176, 124, 255: 5
178, 17, 49, 255: 2
97, 203, 243, 255: 65
35, 193, 28, 255: 60
188, 164, 236, 255: 3
249, 114, 248, 255: 3
179, 106, 108, 255: 4
232, 129, 16, 255: 1
25, 233, 198, 255: 60
238, 224, 125, 255: 2
101, 146, 46, 255: 18
147, 255, 55, 255: 2
14, 116, 34, 255: 78
0, 185, 30, 255: 35
38, 243, 84, 255: 1
238, 244, 65, 255: 1
148, 176, 6, 255: 13
114, 138, 133, 255: 1
88, 180, 232, 255: 3
192, 88, 100, 255: 3
31, 55, 204, 255: 6
146, 99, 194, 255: 5
23, 157, 167, 255: 1
171, 150, 89, 255: 1
0, 95, 5, 255: 13
130, 184, 108, 255: 22
226, 135, 185, 255: 3
188, 159, 69, 255: 2
0, 30, 244, 255: 72
229, 138, 34, 255: 12
0, 147, 152, 255: 1
246, 65, 38, 255: 13
89, 78, 181, 255: 3
254, 220, 132, 255: 1
203, 123, 69, 255: 18
28, 48, 64, 255: 14
162, 105, 22, 255: 43
245, 0, 229, 255: 9
190, 76, 79, 255: 1
0, 81, 246, 255: 2
143, 8, 133, 255: 1
84, 233, 163, 255: 15
0, 90, 166, 255: 1
138, 136, 190, 255: 1
253, 97, 59, 255: 1
93, 237, 6, 255: 5
91, 240, 206, 255: 2
100, 145, 45, 255: 27
194, 13, 255, 255: 25
36, 156, 150, 255: 6
108, 13, 85, 255: 2556
255, 145, 101, 255: 1
84, 57, 46, 255: 8
148, 118, 188, 255: 9
144, 121, 186, 255: 4
201, 21, 244, 255: 41
186, 232, 14, 255: 2
0, 80, 147, 255: 1
125, 187, 22, 255: 21
224, 155, 95, 255: 1
251, 127, 6, 255: 1
236, 241, 18, 255: 6
246, 73, 111, 255: 9
237, 99, 218, 255: 4
132, 110, 210, 255: 2
124, 104, 37, 255: 3
146, 182, 179, 255: 15
205, 89, 37, 255: 7
197, 223, 213, 255: 2
163, 232, 241, 255: 14
137, 240, 188, 255: 2
75, 95, 153, 255: 2
146, 239, 104, 255: 4
146, 120, 123, 255: 2
138, 165, 104, 255: 1
0, 246, 210, 255: 4
14, 255, 17, 255: 2
38, 191, 121, 255: 9
44, 140, 164, 255: 5
243, 102, 124, 255: 16
248, 125, 140, 255: 4
120, 105, 235, 255: 1
201, 239, 110, 255: 1
87, 159, 36, 255: 6
47, 237, 18, 255: 1
79, 140, 100, 255: 4
238, 27, 71, 255: 1
245, 255, 250, 255: 1
239, 49, 10, 255: 1
139, 133, 173, 255: 10
0, 87, 52, 255: 1
135, 147, 108, 255: 75
131, 113, 247, 255: 1
83, 185, 144, 255: 90
84, 114, 145, 255: 74
42, 50, 104, 255: 15
254, 48, 33, 255: 11
143, 114, 111, 255: 6
140, 99, 160, 255: 4
183, 175, 2, 255: 1
0, 40, 232, 255: 39
90, 240, 86, 255: 34
255, 55, 109, 255: 5
162, 253, 24, 255: 41
186, 206, 84, 255: 62
244, 153, 187, 255: 1
178, 74, 240, 255: 12
30, 139, 6, 255: 1
76, 25, 189, 255: 1
187, 246, 24, 255: 2
139, 255, 18, 255: 1
247, 168, 108, 255: 2
236, 225, 180, 255: 37
0, 167, 225, 255: 77
185, 144, 36, 255: 2
73, 169, 153, 255: 1
94, 52, 136, 255: 1
47, 220, 180, 255: 1
142, 255, 18, 255: 1
221, 44, 69, 255: 1
151, 134, 56, 255: 9
36, 82, 232, 255: 7
80, 172, 224, 255: 1
85, 27, 88, 255: 61
89, 241, 141, 255: 1
11, 138, 45, 255: 2
54, 148, 162, 255: 34
34, 96, 85, 255: 1
0, 110, 97, 255: 19
192, 2, 215, 255: 29
19, 172, 219, 255: 5
143, 102, 163, 255: 1
0, 66, 120, 255: 1
43, 4, 17, 255: 1
138, 137, 128, 255: 1
58, 44, 168, 255: 32
189, 95, 190, 255: 1
100, 90, 175, 255: 2
88, 28, 137, 255: 2
197, 80, 29, 255: 30
7, 234, 120, 255: 32
0, 184, 252, 255: 2
6, 62, 76, 255: 4
107, 147, 93, 255: 1
0, 127, 98, 255: 19
82, 207, 21, 255: 1
189, 235, 17, 255: 4
91, 191, 162, 255: 4
141, 107, 198, 255: 19
194, 151, 47, 255: 1
38, 150, 80, 255: 1
17, 21, 214, 255: 2
113, 95, 128, 255: 7
233, 222, 213, 255: 21
41, 243, 139, 255: 1
0, 148, 163, 255: 21
142, 67, 194, 255: 1
134, 101, 90, 255: 3
12, 59, 162, 255: 1
193, 143, 43, 255: 15
0, 106, 217, 255: 2
85, 9, 32, 255: 4
141, 26, 70, 255: 2
131, 155, 252, 255: 1
43, 122, 152, 255: 2
247, 230, 117, 255: 3
241, 222, 148, 255: 1
39, 245, 155, 255: 1
189, 93, 206, 255: 17
145, 147, 236, 255: 2
25, 37, 141, 255: 29
228, 230, 37, 255: 1
120, 235, 145, 255: 1
33, 213, 127, 255: 5
92, 235, 225, 255: 1
14, 120, 238, 255: 1
24, 213, 38, 255: 4
79, 99, 121, 255: 28
66, 19, 90, 255: 61
244, 247, 226, 255: 18
35, 165, 169, 255: 38
195, 212, 248, 255: 2
0, 61, 208, 255: 4
128, 243, 153, 255: 14
0, 19, 65, 255: 1
149, 24, 139, 255: 1
192, 117, 29, 255: 10
189, 122, 201, 255: 19
255, 137, 92, 255: 15
92, 39, 215, 255: 18
192, 50, 2, 255: 24
77, 52, 12, 255: 1
131, 121, 64, 255: 21
155, 42, 43, 255: 3
191, 157, 136, 255: 4
241, 70, 198, 255: 22
113, 52, 22, 255: 1
225, 95, 152, 255: 1
190, 205, 178, 255: 6
239, 195, 251, 255: 10
194, 84, 101, 255: 46
0, 171, 140, 255: 4432
149, 45, 98, 255: 1
238, 91, 44, 255: 1
49, 200, 142, 255: 4
107, 144, 133, 255: 2
81, 78, 57, 255: 4
89, 227, 250, 255: 1
32, 86, 128, 255: 11
250, 94, 209, 255: 8
184, 170, 222, 255: 1
58, 215, 96, 255: 1
202, 130, 243, 255: 17
39, 231, 137, 255: 3
247, 154, 98, 255: 18
27, 105, 34, 255: 3
24, 138, 193, 255: 1
89, 191, 253, 255: 7
135, 206, 243, 255: 8
138, 112, 114, 255: 11
187, 85, 166, 255: 2
143, 134, 214, 255: 2
188, 117, 218, 255: 36
183, 102, 193, 255: 9
0, 218, 184, 255: 2
43, 136, 190, 255: 2
232, 239, 115, 255: 19
134, 83, 62, 255: 76
129, 205, 147, 255: 2
92, 173, 225, 255: 23
192, 4, 60, 255: 22
176, 163, 13, 255: 1
74, 94, 116, 255: 16
0, 199, 88, 255: 71
74, 49, 163, 255: 5
75, 70, 139, 255: 1
0, 51, 17, 255: 2
227, 182, 239, 255: 6
68, 170, 95, 255: 42
50, 133, 24, 255: 6
177, 73, 239, 255: 4
0, 97, 7, 255: 1
200, 155, 252, 255: 3
38, 189, 131, 255: 2
104, 187, 81, 255: 1
131, 254, 110, 255: 3
0, 64, 177, 255: 4
64, 17, 88, 255: 38
173, 146, 18, 255: 8
31, 197, 96, 255: 3
29, 77, 179, 255: 28
46, 114, 26, 255: 1
62, 213, 12, 255: 1
28, 29, 252, 255: 1
197, 236, 34, 255: 3
117, 45, 159, 255: 2
14, 254, 248, 255: 2
72, 113, 154, 255: 1
9, 148, 63, 255: 79
43, 59, 143, 255: 4
35, 54, 117, 255: 13
78, 37, 73, 255: 1
106, 168, 146, 255: 1
138, 61, 99, 255: 1
187, 255, 2, 255: 6
245, 104, 126, 255: 6
91, 220, 47, 255: 2
113, 89, 155, 255: 1
10, 44, 168, 255: 32
31, 220, 146, 255: 1
171, 161, 110, 255: 1
80, 168, 20, 255: 8
184, 239, 12, 255: 12
0, 55, 188, 255: 6
0, 178, 23, 255: 428
197, 254, 45, 255: 39
165, 71, 248, 255: 3
35, 255, 97, 255: 2
193, 103, 222, 255: 1
188, 192, 248, 255: 26
0, 134, 70, 255: 2
0, 47, 239, 255: 13
0, 203, 135, 255: 3019
92, 96, 178, 255: 5
230, 255, 160, 255: 1
149, 185, 182, 255: 22
39, 115, 83, 255: 14
60, 7, 138, 255: 1
197, 188, 27, 255: 19
125, 198, 42, 255: 12
130, 96, 152, 255: 8
184, 254, 109, 255: 1
115, 45, 105, 255: 1
25, 137, 220, 255: 45
152, 21, 243, 255: 8
242, 132, 82, 255: 2
191, 159, 64, 255: 12
0, 18, 188, 255: 7
81, 191, 61, 255: 2
26, 11, 131, 255: 4
186, 145, 255, 255: 12
1, 172, 27, 255: 1
84, 61, 193, 255: 1
77, 99, 219, 255: 46
144, 100, 191, 255: 3
141, 37, 116, 255: 1
29, 88, 234, 255: 2
0, 135, 8, 255: 5
11, 122, 93, 255: 1
238, 255, 245, 255: 2
136, 86, 255, 255: 1
138, 109, 106, 255: 6
15, 236, 78, 255: 1
28, 220, 209, 255: 2
186, 160, 133, 255: 2
207, 118, 114, 255: 2
239, 255, 130, 255: 3
27, 12, 168, 255: 3
0, 169, 227, 255: 18
144, 58, 177, 255: 2
141, 242, 208, 255: 1
172, 151, 90, 255: 1
239, 62, 159, 255: 1
85, 255, 25, 255: 5
245, 234, 36, 255: 1
144, 97, 192, 255: 8
135, 141, 208, 255: 2
0, 45, 76, 255: 1
19, 147, 53, 255: 3
26, 63, 156, 255: 5
106, 127, 255, 255: 88
190, 202, 169, 255: 22
0, 158, 250, 255: 42
39, 105, 175, 255: 3
0, 125, 122, 255: 1
67, 42, 156, 255: 1
25, 6, 229, 255: 1
247, 82, 115, 255: 6
179, 158, 226, 255: 2
134, 200, 151, 255: 3
135, 101, 192, 255: 10
142, 226, 181, 255: 3
221, 127, 79, 255: 1
178, 184, 109, 255: 1
255, 151, 239, 255: 1
236, 7, 59, 255: 17
32, 97, 174, 255: 1
21, 184, 241, 255: 4
189, 215, 161, 255: 8
48, 195, 56, 255: 1
96, 86, 171, 255: 3
24, 237, 14, 255: 1
253, 255, 208, 255: 1
94, 146, 196, 255: 1
244, 229, 134, 255: 9
0, 8, 169, 255: 7
0, 189, 168, 255: 1
56, 116, 117, 255: 1
187, 189, 63, 255: 6
0, 103, 244, 255: 9
93, 239, 71, 255: 4
