78, 45, 130, 255: 3
0, 36, 126, 255: 2
228, 87, 6, 255: 3
3, 125, 105, 255: 1
195, 112, 215, 255: 26
124, 231, 9, 255: 1
192, 82, 99, 255: 31
97, 197, 168, 255: 19
5, 39, 48, 255: 1
88, 255, 179, 255: 58
198, 231, 33, 255: 8
235, 66, 155, 255: 1
36, 2, 246, 255: 1
82, 47, 34, 255: 3
191, 167, 136, 255: 8
222, 235, 77, 255: 1
23, 65, 99, 255: 7
191, 233, 37, 255: 3
65, 81, 134, 255: 1
82, 177, 106, 255: 2
225, 186, 209, 255: 1
220, 233, 75, 255: 2
79, 214, 73, 255: 5
42, 55, 50, 255: 6
135, 181, 40, 255: 26
82, 115, 244, 255: 26
112, 174, 112, 255: 1
252, 66, 227, 255: 6
86, 255, 246, 255: 2
108, 148, 94, 255: 1
93, 86, 167, 255: 25
199, 228, 189, 255: 3
28, 120, 28, 255: 18
89, 128, 70, 255: 8
195, 50, 252, 255: 4
247, 204, 22, 255: 10
0, 58, 171, 255: 10
193, 236, 48, 255: 9
194, 168, 141, 255: 1
197, 122, 34, 255: 2
190, 255, 180, 255: 1
99, 241, 22, 255: 12
109, 138, 177, 255: 15
237, 87, 15, 255: 2
138, 245, 244, 255: 5
37, 149, 114, 255: 4
0, 58, 235, 255: 1
133, 99, 52, 255: 9
238, 255, 178, 255: 2
114, 19, 91, 255: 850
76, 148, 178, 255: 2
236, 104, 72, 255: 2
30, 39, 20, 255: 2
43, 244, 188, 255: 2
209, 43, 117, 255: 1
130, 253, 109, 255: 6
230, 80, 8, 255: 1
63, 129, 158, 255: 1
138, 255, 40, 255: 2
13, 11, 239, 255: 7
14, 56, 91, 255: 22
149, 212, 193, 255: 1
229, 17, 43, 255: 25
146, 47, 67, 255: 108
39, 85, 235, 255: 11
97, 156, 53, 255: 2
130, 165, 15, 255: 8
238, 90, 116, 255: 5
212, 115, 199, 255: 1112
0, 98, 50, 255: 3
145, 255, 102, 255: 1
205, 11, 215, 255: 3
59, 213, 110, 255: 6
192, 166, 175, 255: 5
195, 142, 175, 255: 1
0, 2, 99, 255: 1
96, 82, 51, 255: 1
106, 226, 78, 255: 3
238, 40, 82, 255: 20
31, 8, 217, 255: 6
241, 66, 6, 255: 10
255, 159, 223, 255: 1
184, 189, 7, 255: 1
236, 15, 131, 255: 20
241, 41, 95, 255: 16
236, 99, 135, 255: 2
204, 195, 34, 255: 6
178, 58, 248, 255: 1
29, 251, 230, 255: 3
196, 213, 28, 255: 7
136, 97, 1, 255: 13
199, 224, 218, 255: 11
149, 106, 42, 255: 22
171, 180, 49, 255: 1
166, 197, 110, 255: 1
132, 24, 243, 255: 1
83, 175, 6, 255: 1
218, 204, 190, 255: 1
249, 176, 39, 255: 5
77, 28, 255, 255: 49
129, 0, 210, 255: 1
0, 45, 114, 255: 24
67, 87, 109, 255: 1
35, 34, 159, 255: 2
68, 60, 251, 255: 1
34, 121, 216, 255: 2
25, 32, 68, 255: 10
58, 220, 28, 255: 117
192, 183, 22, 255: 1
89, 72, 71, 255: 3
81, 105, 68, 255: 7
247, 170, 20, 255: 4
175, 215, 38, 255: 1
0, 212, 247, 255: 1
76, 51, 11, 255: 6
227, 29, 71, 255: 1
195, 81, 255, 255: 1
89, 234, 140, 255: 1
74, 33, 171, 255: 8
90, 202, 55, 255: 2
246, 169, 88, 255: 32
94, 183, 146, 255: 54
31, 208, 116, 255: 1
0, 194, 215, 255: 41
255, 82, 223, 255: 8
249, 94, 136, 255: 1
125, 182, 204, 255: 6
0, 179, 147, 255: 171
92, 247, 25, 255: 16
124, 239, 46, 255: 1
0, 129, 2, 255: 744
100, 52, 169, 255: 2
137, 219, 111, 255: 3
37, 214, 4, 255: 1
0, 119, 81, 255: 2522
153, 183, 111, 255: 2
24, 56, 80, 255: 48
177, 110, 189, 255: 1
80, 72, 43, 255: 8
30, 148, 190, 255: 1
135, 156, 27, 255: 90
102, 21, 112, 255: 1
90, 55, 236, 255: 1
29, 146, 42, 255: 6
18, 154, 227, 255: 1
179, 34, 42, 255: 4
187, 48, 235, 255: 4
240, 57, 188, 255: 1
110, 6, 13, 255: 1
140, 214, 160, 255: 2
35, 24, 158, 255: 2
208, 166, 65, 255: 2
139, 157, 84, 255: 1
243, 156, 66, 255: 10
244, 48, 152, 255: 1
144, 102, 26, 255: 12
184, 174, 159, 255: 25
0, 202, 159, 255: 7
233, 207, 183, 255: 27
0, 213, 145, 255: 997
0, 255, 193, 255: 118
47, 102, 162, 255: 14
198, 215, 30, 255: 4
185, 255, 152, 255: 1
207, 127, 73, 255: 5
195, 11, 255, 255: 1
91, 88, 255, 255: 16
144, 143, 226, 255: 2
186, 201, 174, 255: 7
140, 207, 239, 255: 1
174, 1, 117, 255: 1
163, 45, 144, 255: 1
181, 28, 192, 255: 1
193, 230, 185, 255: 2
90, 104, 195, 255: 3
133, 199, 150, 255: 2
166, 95, 58, 255: 1
235, 46, 254, 255: 23
6, 224, 199, 255: 257
76, 142, 69, 255: 8
244, 239, 51, 255: 2
194, 119, 31, 255: 11
36, 140, 194, 255: 7
56, 254, 60, 255: 213
129, 139, 37, 255: 6
150, 10, 66, 255: 22
23, 90, 112, 255: 4
238, 44, 247, 255: 41
44, 49, 133, 255: 2
89, 138, 162, 255: 1
7, 51, 184, 255: 1
189, 190, 183, 255: 8
205, 213, 129, 255: 12
93, 66, 55, 255: 5
188, 57, 136, 255: 2
247, 146, 179, 255: 31
82, 182, 43, 255: 21
132, 212, 160, 255: 29
234, 173, 254, 255: 7
238, 46, 164, 255: 2
255, 140, 194, 255: 2
251, 26, 91, 255: 24
78, 43, 147, 255: 1
236, 104, 36, 255: 7
0, 25, 115, 255: 1
242, 83, 101, 255: 8
201, 24, 89, 255: 13
141, 116, 127, 255: 2
133, 36, 145, 255: 1
196, 156, 185, 255: 2
202, 28, 64, 255: 1
244, 255, 156, 255: 2
42, 113, 251, 255: 7
242, 245, 224, 255: 12
245, 255, 170, 255: 3
180, 167, 146, 255: 1
27, 72, 111, 255: 4
35, 243, 90, 255: 3
29, 108, 138, 255: 18
160, 81, 236, 255: 111
133, 98, 99, 255: 1
186, 155, 130, 255: 1
57, 87, 120, 255: 81
134, 169, 55, 255: 12
0, 228, 115, 255: 76
0, 253, 158, 255: 57
236, 99, 126, 255: 1
136, 198, 171, 255: 10
29, 102, 90, 255: 1
234, 233, 95, 255: 1
192, 141, 126, 255: 14
36, 228, 217, 255: 2
248, 255, 178, 255: 6
206, 79, 19, 255: 1
37, 239, 135, 255: 6
59, 224, 233, 255: 1
25, 100, 33, 255: 8
27, 180, 109, 255: 4
121, 101, 34, 255: 1
90, 53, 205, 255: 14
27, 59, 83, 255: 93
97, 128, 194, 255: 1
236, 255, 26, 255: 1
87, 111, 249, 255: 1
204, 157, 156, 255: 1
53, 201, 172, 255: 1
192, 61, 140, 255: 1
195, 36, 131, 255: 1
127, 25, 30, 255: 1
184, 199, 172, 255: 11
27, 9, 159, 255: 7
41, 172, 57, 255: 2
185, 192, 254, 255: 13
35, 219, 213, 255: 7
89, 255, 52, 255: 1
217, 197, 243, 255: 2
150, 145, 75, 255: 2
195, 102, 123, 255: 2
29, 53, 185, 255: 1
95, 76, 232, 255: 3
24, 199, 8, 255: 3
96, 202, 242, 255: 54
153, 159, 227, 255: 1
137, 84, 0, 255: 16
91, 143, 193, 255: 5
54, 217, 167, 255: 1
241, 218, 37, 255: 2
244, 175, 89, 255: 16
91, 140, 91, 255: 20
176, 105, 68, 255: 4
0, 96, 103, 255: 52
77, 157, 98, 255: 4
91, 136, 36, 255: 5
3, 53, 255, 255: 1205
234, 116, 217, 255: 18
43, 135, 181, 255: 2
34, 246, 71, 255: 3
139, 222, 250, 255: 1
20, 52, 76, 255: 11
202, 243, 59, 255: 1
180, 60, 250, 255: 1
129, 148, 176, 255: 46
92, 71, 165, 255: 6
125, 17, 15, 255: 2
242, 22, 240, 255: 13
242, 50, 15, 255: 5
34, 105, 141, 255: 9
58, 204, 37, 255: 4
249, 178, 29, 255: 3
37, 34, 79, 255: 2
0, 149, 197, 255: 1089
196, 222, 212, 255: 3
74, 182, 210, 255: 3
64, 213, 144, 255: 4
96, 49, 38, 255: 1
38, 99, 125, 255: 4
177, 129, 17, 255: 2
0, 68, 57, 255: 1062
231, 218, 110, 255: 4
250, 226, 221, 255: 23
0, 13, 50, 255: 12
21, 88, 110, 255: 1
76, 197, 40, 255: 5
204, 149, 83, 255: 2
239, 140, 161, 255: 53
97, 220, 81, 255: 8
134, 144, 6, 255: 38
183, 255, 185, 255: 2
95, 157, 33, 255: 9
129, 216, 39, 255: 15
189, 102, 227, 255: 1
76, 184, 176, 255: 24
156, 68, 96, 255: 1
146, 250, 195, 255: 2
250, 177, 194, 255: 4
45, 144, 11, 255: 37
100, 253, 43, 255: 5
137, 255, 61, 255: 4
148, 151, 248, 255: 2
134, 70, 69, 255: 8
85, 140, 160, 255: 11
99, 227, 29, 255: 4
78, 7, 216, 255: 2
18, 53, 83, 255: 1
38, 255, 190, 255: 1
134, 112, 93, 255: 4
223, 50, 198, 255: 1
189, 253, 193, 255: 14
111, 156, 171, 255: 21
40, 90, 81, 255: 4
102, 89, 204, 255: 1
0, 168, 205, 255: 1
144, 66, 249, 255: 7
2, 148, 15, 255: 11
234, 255, 2, 255: 1
146, 9, 35, 255: 1
243, 137, 127, 255: 1
246, 187, 111, 255: 4
246, 214, 41, 255: 94
135, 174, 38, 255: 4
142, 48, 118, 255: 2
229, 212, 99, 255: 1
42, 188, 61, 255: 13
186, 138, 129, 255: 2
135, 214, 126, 255: 3
253, 138, 192, 255: 2
178, 212, 2, 255: 2
230, 246, 32, 255: 5
0, 68, 236, 255: 1
24, 17, 202, 255: 2
78, 65, 188, 255: 21
187, 11, 29, 255: 87
94, 255, 252, 255: 2
85, 210, 59, 255: 12
144, 244, 222, 255: 2
231, 42, 250, 255: 11
243, 232, 187, 255: 2
74, 11, 131, 255: 1
189, 203, 12, 255: 4
5, 243, 177, 255: 2
47, 58, 210, 255: 16
145, 61, 243, 255: 2
85, 90, 133, 255: 18
106, 171, 105, 255: 66
157, 237, 0, 255: 217
253, 39, 113, 255: 7
78, 7, 252, 255: 3
0, 2, 39, 255: 2
29, 226, 217, 255: 9
54, 166, 100, 255: 1
35, 58, 172, 255: 7
19, 127, 113, 255: 5
249, 74, 116, 255: 1
221, 212, 11, 255: 16
237, 31, 8, 255: 1
130, 220, 141, 255: 108
139, 134, 192, 255: 1
184, 157, 29, 255: 42
47, 77, 149, 255: 35
26, 104, 33, 255: 3
25, 18, 238, 255: 2
93, 185, 237, 255: 2
242, 116, 50, 255: 5
85, 187, 213, 255: 1
200, 67, 194, 255: 3
255, 104, 62, 255: 1
83, 78, 147, 255: 2
40, 12, 69, 255: 2
196, 68, 127, 255: 1
0, 34, 213, 255: 1
197, 69, 128, 255: 1
235, 139, 2, 255: 1
54, 49, 226, 255: 1
29, 71, 105, 255: 50
252, 171, 123, 255: 18
151, 104, 199, 255: 2
148, 9, 53, 255: 1
136, 158, 201, 255: 4
66, 47, 205, 255: 1
188, 189, 182, 255: 10
140, 17, 48, 255: 8
64, 240, 2, 255: 868
0, 201, 188, 255: 8
137, 55, 152, 255: 6
236, 247, 137, 255: 1
253, 119, 252, 255: 2
192, 145, 246, 255: 3
27, 147, 141, 255: 81
198, 68, 165, 255: 2
130, 5, 182, 255: 1
43, 32, 140, 255: 1
203, 103, 129, 255: 26
233, 252, 136, 255: 7
197, 37, 180, 255: 27
106, 53, 230, 255: 1
144, 25, 209, 255: 2
0, 42, 201, 255: 4582
88, 121, 96, 255: 1
4, 71, 133, 255: 2
51, 152, 117, 255: 4
234, 65, 0, 255: 36
0, 32, 113, 255: 1
0, 86, 50, 255: 2
188, 227, 178, 255: 1
122, 69, 103, 255: 2
0, 32, 190, 255: 4
205, 138, 64, 255: 1
247, 91, 53, 255: 3
42, 113, 149, 255: 16
236, 235, 97, 255: 1
228, 162, 200, 255: 6
42, 236, 103, 255: 1
164, 115, 199, 255: 25
32, 77, 209, 255: 2
38, 47, 28, 255: 15
83, 255, 234, 255: 3
85, 197, 50, 255: 1
175, 118, 61, 255: 1
233, 185, 143, 255: 30
144, 202, 242, 255: 29
1, 35, 159, 255: 33
255, 168, 142, 255: 1
0, 241, 39, 255: 3
31, 35, 110, 255: 10
59, 48, 117, 255: 9
235, 83, 95, 255: 15
78, 45, 94, 255: 11
144, 119, 130, 255: 2
85, 106, 43, 255: 1
242, 194, 46, 255: 1
173, 20, 81, 255: 1
42, 173, 58, 255: 2
182, 31, 73, 255: 9
73, 224, 23, 255: 4
63, 115, 166, 255: 2
32, 80, 182, 255: 20
142, 234, 254, 255: 6
158, 238, 1, 255: 1294
0, 40, 165, 255: 13
33, 231, 76, 255: 2
240, 229, 184, 255: 12
72, 12, 10, 255: 1
186, 84, 12, 255: 3
190, 104, 110, 255: 1
14, 159, 142, 255: 1
195, 98, 223, 255: 3
237, 111, 45, 255: 20
80, 139, 173, 255: 1
84, 235, 34, 255: 2
88, 100, 93, 255: 4
244, 192, 100, 255: 31
29, 94, 53, 255: 8
141, 10, 232, 255: 1
0, 90, 89, 255: 3592
88, 12, 35, 255: 6
92, 159, 223, 255: 27
227, 197, 12, 255: 2
0, 124, 184, 255: 4
186, 220, 77, 255: 7
92, 114, 81, 255: 1
227, 111, 19, 255: 19
63, 102, 45, 255: 5
89, 203, 52, 255: 2
132, 255, 139, 255: 1
82, 55, 44, 255: 2
76, 184, 212, 255: 5
154, 124, 194, 255: 1
0, 137, 207, 255: 2
209, 40, 232, 255: 11
34, 206, 20, 255: 4
197, 68, 92, 255: 1
74, 237, 44, 255: 19
93, 21, 102, 255: 2
40, 154, 182, 255: 3
92, 110, 180, 255: 78
40, 22, 172, 255: 12
234, 153, 59, 255: 45
79, 63, 225, 255: 3
85, 135, 240, 255: 1
0, 226, 69, 255: 15
238, 229, 27, 255: 102
153, 247, 29, 255: 2
128, 103, 3, 255: 2
128, 25, 220, 255: 2
135, 141, 106, 255: 1
72, 188, 91, 255: 6
238, 32, 9, 255: 1
80, 245, 253, 255: 3
44, 127, 18, 255: 8
240, 141, 162, 255: 31
195, 153, 221, 255: 2
79, 109, 140, 255: 79
84, 36, 180, 255: 3
0, 80, 44, 255: 6
0, 46, 179, 255: 1
133, 52, 101, 255: 4
191, 122, 103, 255: 1
215, 138, 142, 255: 72
90, 7, 80, 255: 1
87, 30, 193, 255: 1
192, 205, 87, 255: 11
142, 86, 98, 255: 1
101, 78, 184, 255: 8
200, 73, 13, 255: 20
237, 52, 165, 255: 70
33, 239, 252, 255: 1
191, 110, 201, 255: 6
3, 133, 138, 255: 106
180, 14, 114, 255: 1
174, 21, 118, 255: 1
229, 52, 230, 255: 1
125, 185, 177, 255: 3
64, 166, 91, 255: 81
158, 214, 90, 255: 1
127, 226, 93, 255: 3
241, 211, 137, 255: 1
39, 9, 197, 255: 1
29, 70, 142, 255: 1
89, 11, 199, 255: 20
0, 238, 188, 255: 5
135, 129, 205, 255: 6
186, 143, 75, 255: 6
58, 231, 49, 255: 8
8, 113, 130, 255: 50
196, 217, 11, 255: 7
84, 201, 139, 255: 26
81, 208, 156, 255: 17
228, 137, 187, 255: 1
0, 182, 161, 255: 9
133, 61, 57, 255: 11
133, 190, 212, 255: 3
103, 105, 199, 255: 1
80, 127, 255, 255: 1
157, 1, 235, 255: 2
59, 64, 108, 255: 82
0, 117, 212, 255: 2
154, 245, 16, 255: 2
99, 87, 228, 255: 1
29, 94, 171, 255: 2
134, 248, 30, 255: 1
0, 165, 223, 255: 154
89, 235, 67, 255: 20
85, 152, 216, 255: 15
136, 220, 175, 255: 3
76, 109, 238, 255: 3
229, 66, 223, 255: 9
215, 234, 120, 255: 22
30, 97, 119, 255: 51
224, 28, 132, 255: 2
130, 255, 174, 255: 24
0, 23, 103, 255: 80
134, 247, 94, 255: 1
42, 36, 111, 255: 15
0, 253, 128, 255: 1
45, 96, 255, 255: 2
243, 172, 23, 255: 24
0, 103, 248, 255: 2
34, 255, 63, 255: 1
175, 239, 178, 255: 3
79, 162, 166, 255: 35
35, 122, 99, 255: 7
163, 240, 160, 255: 1
250, 255, 68, 255: 1
165, 74, 221, 255: 1
92, 142, 129, 255: 4
232, 246, 190, 255: 1
29, 132, 49, 255: 44
50, 152, 219, 255: 2
72, 133, 119, 255: 1
137, 208, 245, 255: 6
148, 138, 127, 255: 39
0, 65, 80, 255: 1
29, 20, 253, 255: 3
73, 189, 92, 255: 1
255, 30, 95, 255: 5
127, 74, 108, 255: 2
239, 255, 49, 255: 2
210, 226, 13, 255: 1
243, 107, 95, 255: 1
251, 224, 248, 255: 1
248, 4, 251, 255: 1
196, 92, 104, 255: 1
0, 72, 95, 255: 20
85, 141, 195, 255: 28
76, 123, 232, 255: 10
201, 101, 127, 255: 37
28, 103, 36, 255: 20
135, 129, 169, 255: 37
207, 58, 209, 255: 1
84, 173, 127, 255: 2
162, 214, 146, 255: 174
187, 242, 15, 255: 8
106, 28, 177, 255: 61
31, 138, 172, 255: 3
96, 149, 216, 255: 8
247, 98, 244, 255: 2
255, 38, 45, 255: 2
0, 222, 65, 255: 3
83, 50, 99, 255: 15
33, 57, 189, 255: 1
198, 51, 71, 255: 5
19, 149, 153, 255: 3
89, 213, 255, 255: 22
97, 37, 146, 255: 21
94, 161, 225, 255: 8
11, 53, 88, 255: 142
212, 71, 94, 255: 2
187, 62, 100, 255: 1
84, 121, 220, 255: 1
40, 232, 221, 255: 1
0, 61, 41, 255: 1
187, 165, 152, 255: 4
11, 133, 227, 255: 47
138, 95, 138, 255: 1
140, 35, 242, 255: 1
190, 225, 125, 255: 1
162, 91, 157, 255: 6
207, 74, 201, 255: 1
220, 148, 118, 255: 1
65, 87, 209, 255: 40
32, 53, 206, 255: 1
106, 22, 244, 255: 1
231, 133, 34, 255: 1
140, 255, 217, 255: 1
241, 103, 222, 255: 5
16, 127, 211, 255: 1
225, 107, 208, 255: 1
189, 255, 73, 255: 1
101, 141, 229, 255: 3
122, 94, 116, 255: 6
136, 148, 109, 255: 58
231, 85, 64, 255: 4
0, 237, 34, 255: 19
187, 83, 131, 255: 1
47, 50, 35, 255: 7
217, 189, 68, 255: 12
91, 89, 67, 255: 4
0, 255, 96, 255: 2
188, 25, 223, 255: 4
68, 27, 166, 255: 1
60, 181, 25, 255: 68
5, 206, 144, 255: 1
118, 83, 37, 255: 2
97, 53, 68, 255: 2
198, 126, 239, 255: 39
53, 253, 158, 255: 2
41, 137, 24, 255: 10
187, 220, 22, 255: 5
0, 30, 22, 255: 42
35, 239, 153, 255: 11
0, 26, 51, 255: 1
65, 24, 163, 255: 1
173, 171, 31, 255: 2
192, 192, 197, 255: 1
77, 220, 143, 255: 1
179, 81, 60, 255: 49
118, 97, 6, 255: 2
0, 21, 170, 255: 58
236, 192, 130, 255: 3
209, 68, 245, 255: 36
246, 30, 6, 255: 96
112, 20, 189, 255: 5
77, 247, 68, 255: 1
117, 52, 52, 255: 26
87, 9, 197, 255: 11
129, 174, 188, 255: 12
234, 190, 92, 255: 3
142, 255, 228, 255: 1
237, 164, 134, 255: 3
215, 214, 77, 255: 1
232, 255, 45, 255: 1
138, 11, 200, 255: 21
143, 205, 178, 255: 5
163, 131, 37, 255: 1
81, 99, 169, 255: 1
53, 191, 153, 255: 1
135, 113, 94, 255: 5
150, 112, 117, 255: 1
39, 65, 159, 255: 5
153, 136, 58, 255: 1
105, 158, 226, 255: 2
121, 95, 215, 255: 6
36, 115, 145, 255: 44
147, 51, 168, 255: 9
140, 255, 53, 255: 1
46, 156, 31, 255: 24
187, 218, 105, 255: 11
167, 200, 213, 255: 20
249, 33, 9, 255: 79
191, 93, 107, 255: 12
76, 211, 34, 255: 13
0, 245, 209, 255: 1
241, 1, 43, 255: 15
0, 3, 197, 255: 3248
58, 250, 244, 255: 1
144, 52, 220, 255: 1
76, 3, 158, 255: 3
0, 161, 253, 255: 124
146, 128, 53, 255: 2
32, 65, 107, 255: 1
142, 101, 162, 255: 4
240, 117, 132, 255: 6
31, 163, 185, 255: 1
139, 116, 181, 255: 18
140, 76, 177, 255: 1
240, 11, 63, 255: 27
42, 136, 62, 255: 1
46, 43, 62, 255: 5
137, 153, 211, 255: 4
31, 39, 93, 255: 2
235, 1, 147, 255: 4
171, 65, 132, 255: 3
80, 165, 11, 255: 17
140, 79, 84, 255: 16
143, 252, 93, 255: 9
0, 102, 208, 255: 1
0, 103, 89, 255: 1
156, 5, 51, 255: 2
180, 63, 3, 255: 1
74, 39, 143, 255: 1
145, 82, 99, 255: 26
0, 1, 93, 255: 1
185, 159, 132, 255: 3
27, 116, 156, 255: 1
45, 161, 105, 255: 35
212, 24, 41, 255: 57
200, 170, 173, 255: 1
186, 158, 76, 255: 1
57, 186, 197, 255: 95
138, 85, 1, 255: 21
43, 29, 39, 255: 9
127, 64, 226, 255: 1
200, 65, 196, 255: 2
237, 195, 93, 255: 2
148, 96, 20, 255: 1
17, 227, 34, 255: 1
26, 5, 210, 255: 4
0, 85, 19, 255: 1
150, 68, 165, 255: 10
245, 169, 190, 255: 1
181, 71, 88, 255: 1
80, 129, 80, 255: 46
74, 116, 156, 255: 4
0, 139, 21, 255: 18
100, 148, 147, 255: 4
109, 182, 27, 255: 271
185, 230, 250, 255: 10
191, 144, 143, 255: 44
185, 255, 175, 255: 5
49, 120, 156, 255: 1
181, 58, 151, 255: 6
148, 164, 139, 255: 1
230, 208, 190, 255: 5
237, 166, 255, 255: 1
184, 3, 80, 255: 1
206, 224, 150, 255: 3
0, 76, 31, 255: 2
177, 194, 127, 255: 4
0, 192, 148, 255: 1
146, 69, 98, 255: 2
54, 180, 133, 255: 2
147, 128, 207, 255: 37
17, 32, 235, 255: 1
94, 229, 88, 255: 4
242, 22, 255, 255: 2
209, 192, 80, 255: 174
224, 224, 86, 255: 1
222, 42, 122, 255: 1
139, 172, 224, 255: 7
183, 69, 142, 255: 1
81, 95, 151, 255: 2
129, 76, 212, 255: 11
252, 245, 61, 255: 1
145, 6, 14, 255: 1
135, 104, 156, 255: 3
135, 47, 221, 255: 11
87, 252, 158, 255: 2
0, 38, 64, 255: 60
252, 253, 236, 255: 1
253, 232, 68, 255: 43
203, 236, 38, 255: 1
240, 171, 85, 255: 29
33, 45, 252, 255: 2
71, 30, 168, 255: 1
248, 120, 66, 255: 159
137, 228, 65, 255: 1
199, 255, 9, 255: 1
133, 154, 25, 255: 83
235, 15, 233, 255: 4
36, 54, 201, 255: 5
190, 159, 236, 255: 33
83, 218, 195, 255: 3
135, 2, 79, 255: 1
94, 51, 237, 255: 27
0, 132, 13, 255: 2
1, 151, 115, 255: 1
76, 140, 3, 255: 1
189, 115, 255, 255: 2
212, 151, 17, 255: 1
247, 84, 215, 255: 1
189, 155, 134, 255: 2
10, 129, 125, 255: 39
188, 4, 111, 255: 44
92, 242, 88, 255: 16
245, 112, 199, 255: 1
101, 180, 133, 255: 2
197, 230, 32, 255: 18
40, 47, 185, 255: 5
25, 225, 125, 255: 1
29, 237, 202, 255: 83
137, 151, 27, 255: 5
90, 169, 122, 255: 75
70, 37, 86, 255: 2
95, 59, 138, 255: 1
40, 194, 132, 255: 4
194, 180, 232, 255: 1
28, 18, 233, 255: 1
236, 253, 255, 255: 17
82, 186, 25, 255: 1
82, 74, 147, 255: 3
26, 163, 14, 255: 5
54, 244, 139, 255: 3750
60, 46, 170, 255: 5
206, 189, 117, 255: 1
181, 55, 203, 255: 13
245, 193, 220, 255: 5
92, 24, 214, 255: 1
36, 211, 123, 255: 24
42, 228, 148, 255: 3
176, 238, 79, 255: 38
4, 150, 17, 255: 3
242, 226, 148, 255: 1
244, 227, 216, 255: 2
205, 45, 188, 255: 8
33, 103, 121, 255: 1
145, 173, 3, 255: 6
131, 152, 23, 255: 73
86, 21, 52, 255: 2
139, 17, 138, 255: 28
0, 214, 189, 255: 5
139, 64, 89, 255: 3
130, 250, 101, 255: 10
133, 240, 18, 255: 30
227, 207, 252, 255: 7
161, 125, 87, 255: 3390
234, 126, 201, 255: 122
28, 208, 86, 255: 17
0, 60, 207, 255: 2
189, 85, 251, 255: 23
74, 121, 127, 255: 3
39, 30, 90, 255: 15
127, 178, 4, 255: 2
35, 31, 195, 255: 20
200, 224, 116, 255: 4
133, 0, 112, 255: 7
0, 11, 206, 255: 133
113, 54, 123, 255: 33
82, 31, 195, 255: 13
145, 211, 25, 255: 3
128, 94, 150, 255: 4
0, 53, 255, 255: 186
250, 232, 166, 255: 4
133, 172, 36, 255: 2
81, 5, 181, 255: 12
40, 204, 142, 255: 17
78, 100, 220, 255: 66
223, 176, 134, 255: 4
95, 208, 243, 255: 1
153, 90, 107, 255: 4
34, 79, 211, 255: 3
192, 143, 6, 255: 2
139, 147, 140, 255: 1
190, 164, 70, 255: 9
40, 168, 109, 255: 9
144, 148, 44, 255: 3
134, 67, 3, 255: 6
27, 14, 233, 255: 22
0, 59, 73, 255: 2
104, 18, 142, 255: 1
0, 105, 112, 255: 1
239, 255, 85, 255: 3
245, 121, 118, 255: 1
182, 210, 153, 255: 2
236, 93, 52, 255: 5
164, 79, 166, 255: 6
0, 122, 216, 255: 4
132, 85, 77, 255: 1
77, 218, 7, 255: 2
239, 33, 10, 255: 2
187, 212, 255, 255: 1
243, 255, 168, 255: 1
29, 242, 148, 255: 4
242, 115, 13, 255: 1
83, 226, 149, 255: 1
134, 24, 34, 255: 2
88, 225, 146, 255: 38
0, 205, 171, 255: 18
28, 52, 11, 255: 3
185, 51, 32, 255: 4
38, 131, 185, 255: 1
196, 62, 181, 255: 2
0, 215, 23, 255: 4215
136, 130, 170, 255: 26
0, 124, 150, 255: 1
237, 86, 255, 255: 1
94, 12, 222, 255: 3
176, 130, 81, 255: 22
192, 80, 79, 255: 2
247, 255, 127, 255: 1
129, 194, 127, 255: 7
233, 15, 101, 255: 3
147, 108, 95, 255: 2
183, 157, 63, 255: 7
29, 0, 176, 255: 5
243, 68, 110, 255: 2
29, 168, 118, 255: 1
189, 75, 113, 255: 6
35, 151, 95, 255: 7
139, 223, 76, 255: 7
0, 46, 238, 255: 5
194, 0, 133, 255: 2
103, 132, 171, 255: 15
0, 95, 244, 255: 6
31, 46, 249, 255: 17
244, 130, 136, 255: 4
3, 186, 49, 255: 1
181, 17, 171, 255: 1
141, 89, 115, 255: 2
131, 133, 84, 255: 122
108, 233, 193, 255: 1
0, 68, 181, 255: 38
0, 70, 247, 255: 10
250, 229, 65, 255: 54
63, 175, 109, 255: 1
44, 191, 16, 255: 1
239, 244, 22, 255: 4
17, 18, 114, 255: 2
224, 89, 77, 255: 7
181, 3, 214, 255: 15
146, 167, 73, 255: 1
214, 2, 29, 255: 1278
254, 214, 130, 255: 14
0, 110, 229, 255: 3
179, 133, 84, 255: 19
79, 13, 163, 255: 77
187, 75, 74, 255: 11
0, 254, 193, 255: 22
139, 205, 156, 255: 14
19, 119, 194, 255: 8
228, 225, 245, 255: 3
252, 142, 9, 255: 47
166, 218, 150, 255: 9
230, 51, 12, 255: 3
37, 174, 128, 255: 2
192, 176, 255, 255: 1
0, 242, 227, 255: 23
62, 152, 68, 255: 26
99, 195, 226, 255: 4
0, 50, 120, 255: 36
129, 51, 96, 255: 1
184, 215, 102, 255: 8
127, 252, 171, 255: 7
83, 105, 5, 255: 6
185, 191, 89, 255: 1
0, 138, 109, 255: 13
34, 171, 22, 255: 55
253, 116, 152, 255: 12
36, 200, 138, 255: 31
92, 217, 177, 255: 11
33, 213, 229, 255: 7
140, 150, 12, 255: 5
76, 121, 131, 255: 1
236, 107, 207, 255: 1
17, 170, 217, 255: 1
191, 255, 226, 255: 6
139, 241, 87, 255: 2
144, 252, 141, 255: 1
115, 234, 86, 255: 41
126, 20, 81, 255: 33
134, 54, 139, 255: 15
150, 153, 250, 255: 1
207, 130, 134, 255: 17
135, 244, 85, 255: 130
239, 255, 195, 255: 3
135, 233, 66, 255: 33
0, 140, 125, 255: 1
247, 123, 255, 255: 2
238, 114, 249, 255: 1
0, 31, 57, 255: 1163
238, 20, 80, 255: 3
58, 19, 1, 255: 17
227, 15, 41, 255: 2
25, 108, 106, 255: 13
217, 13, 93, 255: 1
76, 117, 157, 255: 8
234, 32, 68, 255: 7
216, 64, 231, 255: 23
49, 60, 212, 255: 3
138, 253, 198, 255: 26
73, 65, 0, 255: 10
209, 35, 198, 255: 1
143, 237, 19, 255: 18
115, 209, 72, 255: 1
36, 68, 230, 255: 2
2, 165, 109, 255: 6
134, 199, 235, 255: 10
248, 71, 95, 255: 2
38, 127, 167, 255: 6
29, 36, 174, 255: 13
88, 64, 68, 255: 1
179, 53, 201, 255: 7
188, 241, 172, 255: 10
0, 122, 173, 255: 1
38, 238, 36, 255: 1
165, 116, 201, 255: 1
124, 131, 48, 255: 2
185, 142, 38, 255: 13
85, 89, 68, 255: 3
190, 29, 26, 255: 1
54, 225, 86, 255: 2
86, 26, 24, 255: 32
38, 9, 149, 255: 13
0, 72, 193, 255: 1134
234, 206, 120, 255: 3
143, 189, 48, 255: 2
0, 122, 50, 255: 28
65, 211, 44, 255: 1
196, 102, 197, 255: 2
84, 58, 220, 255: 6
248, 204, 255, 255: 1
189, 224, 124, 255: 1
194, 170, 139, 255: 1
79, 148, 172, 255: 2
175, 94, 185, 255: 2
79, 239, 204, 255: 5
33, 197, 99, 255: 19
126, 191, 124, 255: 13
190, 254, 76, 255: 3
67, 79, 190, 255: 1
147, 133, 25, 255: 5
237, 211, 188, 255: 27
229, 223, 247, 255: 1
43, 134, 89, 255: 28
36, 81, 213, 255: 2
38, 214, 41, 255: 31
239, 128, 233, 255: 2
212, 222, 95, 255: 1
230, 31, 37, 255: 6
176, 221, 241, 255: 6
27, 255, 59, 255: 1
239, 63, 123, 255: 2
18, 33, 236, 255: 2
236, 250, 229, 255: 5
197, 48, 199, 255: 1
178, 168, 14, 255: 1
140, 179, 43, 255: 9
139, 51, 79, 255: 2
143, 67, 57, 255: 4
0, 226, 172, 255: 2
186, 255, 107, 255: 1
37, 121, 0, 255: 26
40, 18, 117, 255: 4
86, 155, 26, 255: 29
194, 135, 125, 255: 14
226, 206, 251, 255: 8
186, 140, 127, 255: 2
131, 251, 102, 255: 13
83, 74, 57, 255: 5
42, 64, 225, 255: 19
89, 221, 74, 255: 2
192, 78, 253, 255: 1
200, 164, 18, 255: 1
25, 125, 200, 255: 24
127, 211, 64, 255: 2
188, 68, 2, 255: 4
50, 0, 13, 255: 13
33, 125, 33, 255: 2
0, 199, 122, 255: 65
136, 81, 162, 255: 5
161, 147, 127, 255: 1
30, 42, 182, 255: 2
90, 73, 72, 255: 1
47, 33, 43, 255: 14
23, 121, 97, 255: 2
103, 168, 244, 255: 1
36, 187, 26, 255: 10
248, 138, 255, 255: 2
243, 225, 186, 255: 1
109, 42, 199, 255: 77
202, 77, 218, 255: 3
226, 239, 81, 255: 4
182, 45, 158, 255: 1
0, 64, 246, 255: 1
189, 255, 29, 255: 1
230, 225, 182, 255: 1
35, 180, 198, 255: 21
190, 237, 202, 255: 17
34, 129, 238, 255: 18
181, 108, 75, 255: 2
126, 3, 243, 255: 10
194, 67, 190, 255: 2
189, 118, 255, 255: 2
191, 150, 144, 255: 8
192, 141, 162, 255: 28
190, 252, 231, 255: 6
124, 214, 135, 255: 12
235, 197, 204, 255: 1
0, 126, 131, 255: 909
74, 234, 234, 255: 2
137, 89, 166, 255: 41
24, 81, 129, 255: 1
199, 160, 172, 255: 1
161, 45, 204, 255: 2712
84, 80, 251, 255: 11
34, 63, 245, 255: 3
246, 56, 100, 255: 1
140, 253, 108, 255: 6
144, 182, 166, 255: 10
161, 142, 181, 255: 7
81, 228, 95, 255: 2
193, 189, 97, 255: 24
0, 16, 33, 255: 12
138, 94, 176, 255: 12
0, 55, 35, 255: 16
77, 94, 17, 255: 1
250, 173, 92, 255: 6
190, 86, 255, 255: 1
177, 205, 148, 255: 5
235, 73, 111, 255: 11
63, 57, 92, 255: 8
68, 231, 38, 255: 2
193, 251, 224, 255: 2
0, 216, 182, 255: 23
139, 12, 64, 255: 2
41, 136, 245, 255: 1
138, 40, 12, 255: 4
93, 232, 69, 255: 6
104, 26, 214, 255: 1
236, 169, 181, 255: 1
236, 41, 247, 255: 1
44, 15, 156, 255: 1
66, 77, 189, 255: 1
15, 156, 170, 255: 12
179, 73, 140, 255: 60
249, 255, 76, 255: 1
203, 238, 241, 255: 2
149, 210, 195, 255: 3
194, 236, 40, 255: 2
209, 7, 186, 255: 1
0, 247, 57, 255: 1
195, 170, 187, 255: 1
0, 202, 57, 255: 2
141, 70, 176, 255: 22
38, 255, 112, 255: 1
27, 111, 210, 255: 3
133, 231, 217, 255: 1
204, 49, 4, 255: 2
151, 25, 60, 255: 1
87, 181, 194, 255: 8
185, 114, 215, 255: 22
139, 255, 122, 255: 3
86, 239, 183, 255: 1
0, 167, 67, 255: 3
36, 87, 66, 255: 7
178, 148, 177, 255: 4
246, 98, 124, 255: 101
139, 138, 221, 255: 1
231, 29, 65, 255: 2
11, 248, 143, 255: 54
0, 70, 59, 255: 163
33, 132, 255, 255: 2
169, 141, 14, 255: 21
84, 209, 58, 255: 15
85, 187, 146, 255: 1
137, 106, 255, 255: 17
10, 184, 251, 255: 2
63, 32, 181, 255: 2
138, 171, 223, 255: 4
243, 105, 224, 255: 2
187, 177, 162, 255: 32
101, 86, 103, 255: 3
0, 151, 166, 255: 32
139, 133, 209, 255: 3
0, 96, 137, 255: 2308
0, 183, 97, 255: 32
81, 177, 32, 255: 2
194, 249, 69, 255: 1
0, 64, 74, 255: 1
247, 195, 186, 255: 1
88, 59, 122, 255: 23
180, 57, 83, 255: 1
238, 172, 92, 255: 5
136, 110, 112, 255: 13
207, 214, 91, 255: 2
238, 191, 251, 255: 1
102, 103, 95, 255: 2
42, 24, 174, 255: 1
9, 172, 230, 255: 1
27, 44, 89, 255: 1
133, 89, 171, 255: 3
136, 201, 134, 255: 10
131, 80, 59, 255: 51
237, 181, 75, 255: 2
145, 153, 216, 255: 1
145, 80, 254, 255: 4
39, 146, 180, 255: 90
78, 141, 225, 255: 10
136, 201, 237, 255: 18
101, 58, 244, 255: 23
130, 74, 240, 255: 7
123, 53, 112, 255: 7
255, 250, 62, 255: 2
77, 89, 235, 255: 3
192, 106, 112, 255: 1
230, 255, 195, 255: 1
11, 89, 121, 255: 9
148, 49, 69, 255: 36
56, 147, 205, 255: 1
111, 236, 54, 255: 3
0, 119, 171, 255: 1
111, 255, 95, 255: 1
242, 3, 81, 255: 21
192, 67, 105, 255: 12
91, 138, 247, 255: 3
190, 51, 66, 255: 38
117, 201, 55, 255: 1
105, 162, 32, 255: 1
197, 42, 151, 255: 4
96, 94, 72, 255: 1
240, 208, 35, 255: 7
43, 127, 6, 255: 8
101, 6, 117, 255: 5
196, 24, 56, 255: 1
85, 212, 124, 255: 34
165, 94, 160, 255: 3
253, 110, 77, 255: 2
113, 238, 56, 255: 1
0, 178, 57, 255: 246
188, 184, 245, 255: 2
80, 248, 124, 255: 6
152, 72, 12, 255: 20
239, 151, 181, 255: 3
187, 108, 42, 255: 12
65, 79, 33, 255: 51
30, 41, 193, 255: 2
0, 124, 253, 255: 59
25, 200, 9, 255: 2
234, 87, 113, 255: 5
192, 53, 68, 255: 18
80, 3, 144, 255: 44
56, 105, 57, 255: 6
41, 107, 177, 255: 10
239, 143, 6, 255: 3
207, 223, 50, 255: 2
186, 127, 117, 255: 8
130, 228, 61, 255: 51
243, 255, 74, 255: 2
84, 239, 17, 255: 11
148, 239, 42, 255: 2
0, 127, 34, 255: 23
94, 29, 60, 255: 3
14, 224, 32, 255: 764
95, 220, 180, 255: 40
233, 244, 217, 255: 5
87, 216, 43, 255: 1
55, 209, 249, 255: 3
192, 255, 110, 255: 2
89, 232, 222, 255: 3
2, 149, 231, 255: 2
192, 241, 121, 255: 145
197, 15, 140, 255: 5
79, 176, 159, 255: 2
87, 241, 240, 255: 23
252, 176, 197, 255: 5
161, 189, 19, 255: 1
244, 95, 206, 255: 17
243, 242, 207, 255: 24
83, 45, 61, 255: 1
248, 155, 99, 255: 27
79, 36, 76, 255: 1
0, 101, 211, 255: 1
155, 210, 241, 255: 3
96, 219, 80, 255: 22
139, 225, 96, 255: 10
0, 64, 207, 255: 1
22, 191, 61, 255: 1
203, 68, 199, 255: 1
32, 3, 179, 255: 4
212, 66, 148, 255: 1
85, 216, 142, 255: 7
184, 141, 37, 255: 16
201, 247, 157, 255: 1
186, 65, 154, 255: 2
96, 45, 64, 255: 44
195, 221, 202, 255: 7
236, 205, 241, 255: 8
200, 227, 63, 255: 1
238, 84, 34, 255: 5
30, 222, 144, 255: 3
40, 62, 223, 255: 6
179, 227, 253, 255: 1
183, 212, 36, 255: 1
132, 30, 207, 255: 3
21, 246, 68, 255: 1
54, 15, 253, 255: 26
32, 66, 189, 255: 44
80, 143, 227, 255: 4
231, 0, 142, 255: 1
153, 85, 33, 255: 6
90, 102, 103, 255: 1
141, 27, 59, 255: 20
32, 132, 242, 255: 7
40, 3, 12, 255: 4
160, 174, 112, 255: 1
237, 144, 241, 255: 1
157, 116, 9, 255: 16
10, 187, 96, 255: 1
89, 123, 168, 255: 6
93, 224, 150, 255: 4
187, 255, 108, 255: 3
172, 38, 19, 255: 8
241, 228, 231, 255: 1
176, 58, 153, 255: 2
153, 225, 219, 255: 1
246, 108, 227, 255: 1
85, 111, 92, 255: 7
232, 219, 111, 255: 2
50, 143, 43, 255: 1
72, 31, 67, 255: 1
193, 121, 132, 255: 6
124, 73, 52, 255: 2
187, 252, 108, 255: 1
39, 22, 190, 255: 3
0, 26, 8, 255: 87
80, 255, 209, 255: 1
16, 146, 151, 255: 24
187, 5, 27, 255: 1
228, 59, 148, 255: 1
35, 28, 187, 255: 5
158, 141, 63, 255: 1
77, 154, 89, 255: 1
38, 150, 13, 255: 4
92, 108, 79, 255: 19
138, 204, 18, 255: 4
0, 116, 112, 255: 29
255, 102, 192, 255: 1
38, 133, 242, 255: 6
114, 145, 26, 255: 1135
72, 210, 131, 255: 1
193, 125, 33, 255: 14
21, 77, 244, 255: 2
42, 26, 18, 255: 1
189, 132, 48, 255: 5
169, 184, 19, 255: 1
253, 127, 171, 255: 8
175, 5, 245, 255: 2
97, 201, 70, 255: 1
41, 70, 226, 255: 2
145, 94, 108, 255: 6
246, 252, 64, 255: 2
0, 220, 63, 255: 62
162, 165, 222, 255: 9
203, 156, 1, 255: 2
73, 10, 166, 255: 1
134, 108, 75, 255: 4
187, 133, 209, 255: 1
54, 51, 31, 255: 1
129, 119, 62, 255: 20
63, 41, 100, 255: 1
131, 246, 156, 255: 16
0, 117, 14, 255: 2
140, 203, 73, 255: 1
241, 54, 171, 255: 1
0, 157, 253, 255: 4
38, 252, 176, 255: 18
85, 248, 55, 255: 7
16, 108, 17, 255: 2
0, 183, 251, 255: 1
42, 88, 238, 255: 44
252, 17, 0, 255: 2
247, 186, 11, 255: 5
182, 219, 174, 255: 16
85, 193, 185, 255: 1
255, 1, 236, 255: 1
194, 42, 249, 255: 5
138, 16, 137, 255: 24
186, 67, 174, 255: 8
32, 74, 108, 255: 84
31, 151, 145, 255: 54
124, 255, 140, 255: 5
39, 182, 110, 255: 7
192, 15, 80, 255: 1
34, 236, 132, 255: 23
36, 150, 76, 255: 8
227, 31, 135, 255: 17
0, 213, 90, 255: 7
73, 71, 75, 255: 1
148, 162, 141, 255: 7
22, 147, 210, 255: 1
240, 58, 13, 255: 5
131, 45, 26, 255: 92
177, 126, 111, 255: 3
0, 145, 219, 255: 1
188, 233, 253, 255: 7
238, 8, 133, 255: 1
7, 142, 216, 255: 17
186, 255, 59, 255: 3
255, 143, 164, 255: 1
210, 25, 139, 255: 796
5, 149, 133, 255: 1
145, 149, 255, 255: 1
193, 232, 183, 255: 2
93, 199, 137, 255: 1
249, 142, 98, 255: 1
243, 129, 135, 255: 5
80, 243, 188, 255: 1
193, 68, 106, 255: 10
233, 49, 78, 255: 2
182, 89, 136, 255: 1
81, 139, 155, 255: 1
190, 23, 207, 255: 24
228, 21, 116, 255: 15
96, 180, 176, 255: 1
248, 169, 246, 255: 2
59, 128, 153, 255: 1
221, 72, 184, 255: 1
32, 229, 220, 255: 14
186, 52, 68, 255: 4
90, 22, 212, 255: 1
86, 172, 120, 255: 10
47, 235, 173, 255: 2
40, 156, 100, 255: 37
142, 31, 162, 255: 3
97, 253, 167, 255: 1
196, 255, 100, 255: 1
240, 92, 118, 255: 16
0, 197, 210, 255: 1
198, 118, 64, 255: 33
238, 124, 130, 255: 20
190, 204, 13, 255: 5
210, 199, 155, 255: 18
0, 63, 18, 255: 73
9, 86, 16, 255: 1
32, 28, 192, 255: 17
79, 101, 1, 255: 1
204, 214, 229, 255: 3
227, 130, 213, 255: 5
128, 163, 203, 255: 1
85, 69, 231, 255: 7
82, 143, 103, 255: 4
138, 121, 188, 255: 5
237, 25, 51, 255: 36
183, 239, 114, 255: 2
81, 205, 147, 255: 1
31, 217, 137, 255: 7
126, 87, 74, 255: 1
204, 134, 89, 255: 5
0, 12, 207, 255: 28
202, 157, 254, 255: 2
30, 192, 32, 255: 6
5, 169, 73, 255: 1
233, 255, 92, 255: 1
189, 135, 211, 255: 1
144, 185, 231, 255: 5
126, 131, 216, 255: 13
73, 189, 128, 255: 1
136, 83, 219, 255: 2
130, 218, 77, 255: 20
132, 149, 114, 255: 5
24, 130, 53, 255: 2
218, 77, 100, 255: 1
42, 79, 146, 255: 2
158, 205, 68, 255: 24
11, 125, 52, 255: 23
34, 88, 2, 255: 1
33, 5, 62, 255: 2
140, 81, 31, 255: 2
195, 5, 219, 255: 18
92, 253, 108, 255: 13
190, 73, 22, 255: 6
124, 151, 90, 255: 2
240, 42, 84, 255: 13
93, 89, 4, 255: 4
137, 255, 119, 255: 3
142, 178, 175, 255: 2
34, 192, 27, 255: 57
234, 52, 135, 255: 3
31, 52, 205, 255: 2
0, 48, 49, 255: 27
89, 251, 161, 255: 7
242, 255, 124, 255: 1
89, 250, 105, 255: 5
35, 172, 23, 255: 61
0, 138, 246, 255: 1
0, 195, 220, 255: 1
0, 143, 25, 255: 76
113, 213, 145, 255: 2103
31, 118, 95, 255: 1
127, 104, 67, 255: 4
0, 194, 207, 255: 84
8, 61, 104, 255: 1
145, 118, 133, 255: 1
37, 209, 23, 255: 2
28, 38, 44, 255: 1
189, 4, 158, 255: 1
39, 137, 123, 255: 3
0, 180, 192, 255: 1162
193, 21, 255, 255: 9
33, 157, 165, 255: 3
12, 139, 46, 255: 42
32, 82, 73, 255: 6
178, 138, 158, 255: 2
213, 185, 64, 255: 290
5, 173, 58, 255: 1
63, 27, 107, 255: 6
139, 242, 190, 255: 4
88, 58, 103, 255: 1
238, 67, 195, 255: 32
0, 231, 151, 255: 9
111, 176, 110, 255: 58
123, 213, 134, 255: 12
138, 9, 100, 255: 7
250, 191, 115, 255: 1
34, 242, 207, 255: 12
247, 86, 235, 255: 5
0, 101, 242, 255: 4
180, 21, 13, 255: 2
145, 153, 63, 255: 68
87, 193, 131, 255: 1
122, 87, 41, 255: 5
142, 15, 67, 255: 2
7, 57, 3, 255: 117
96, 78, 252, 255: 7
36, 175, 89, 255: 60
184, 78, 145, 255: 52
28, 60, 120, 255: 3
218, 163, 210, 255: 1
129, 85, 167, 255: 2
38, 185, 10, 255: 17
181, 83, 97, 255: 8
125, 168, 83, 255: 2
97, 162, 136, 255: 3
85, 214, 41, 255: 2
87, 115, 48, 255: 1
131, 188, 255, 255: 15
35, 52, 97, 255: 4
187, 241, 207, 255: 18
196, 231, 234, 255: 1
159, 241, 102, 255: 2
247, 24, 188, 255: 1
209, 189, 19, 255: 2
34, 28, 103, 255: 3
241, 162, 239, 255: 12
193, 33, 73, 255: 2
0, 215, 147, 255: 1915
0, 54, 222, 255: 4
84, 159, 255, 255: 3
141, 255, 124, 255: 1
185, 198, 80, 255: 2
87, 255, 236, 255: 5
33, 195, 35, 255: 10
36, 8, 65, 255: 5
85, 101, 255, 255: 2
28, 117, 54, 255: 1
94, 130, 101, 255: 1
42, 60, 207, 255: 5
91, 217, 74, 255: 3
6, 241, 38, 255: 24
155, 120, 121, 255: 1
242, 90, 102, 255: 5
247, 49, 201, 255: 25
251, 202, 208, 255: 28
249, 230, 37, 255: 1
192, 20, 135, 255: 5
33, 115, 116, 255: 1
41, 220, 248, 255: 2
91, 107, 78, 255: 13
135, 179, 231, 255: 13
238, 185, 75, 255: 14
178, 211, 222, 255: 11
89, 153, 118, 255: 12
73, 68, 102, 255: 14
196, 92, 140, 255: 2
247, 11, 67, 255: 88
101, 66, 163, 255: 4
240, 165, 10, 255: 2
218, 253, 114, 255: 2
91, 225, 249, 255: 5
191, 170, 248, 255: 1
207, 93, 100, 255: 4
232, 41, 214, 255: 5
202, 64, 250, 255: 2
229, 232, 100, 255: 1
195, 66, 90, 255: 3
0, 41, 67, 255: 69
13, 47, 171, 255: 42
142, 243, 173, 255: 5
33, 255, 95, 255: 1
248, 134, 140, 255: 1
195, 255, 228, 255: 3
0, 248, 11, 255: 14
247, 60, 75, 255: 1
41, 192, 134, 255: 7
220, 249, 144, 255: 1
32, 77, 116, 255: 4
193, 100, 19, 255: 4
28, 93, 52, 255: 8
31, 223, 212, 255: 3
247, 25, 180, 255: 3
248, 194, 3, 255: 2
200, 210, 225, 255: 3
135, 107, 11, 255: 2
98, 249, 94, 255: 8
88, 207, 243, 255: 12
248, 199, 205, 255: 73
187, 65, 192, 255: 5
199, 77, 213, 255: 1
188, 166, 80, 255: 2
0, 48, 147, 255: 1
11, 103, 12, 255: 37
112, 168, 38, 255: 1
251, 205, 155, 255: 1
252, 21, 18, 255: 1
132, 120, 220, 255: 1
240, 73, 180, 255: 12
212, 113, 99, 255: 6
130, 5, 146, 255: 1
207, 173, 240, 255: 1
231, 244, 86, 255: 4
130, 124, 164, 255: 70
125, 53, 49, 255: 1
145, 254, 95, 255: 1
0, 167, 72, 255: 1
177, 117, 89, 255: 1
197, 183, 8, 255: 1
201, 11, 151, 255: 1
157, 9, 154, 255: 1
69, 240, 214, 255: 6
237, 29, 172, 255: 3
236, 163, 133, 255: 6
36, 198, 38, 255: 2
83, 42, 180, 255: 37
82, 16, 202, 255: 1
255, 145, 131, 255: 1
156, 77, 232, 255: 5
14, 73, 185, 255: 2
97, 130, 3, 255: 2
50, 28, 127, 255: 15
0, 209, 230, 255: 3
178, 102, 99, 255: 6
56, 131, 111, 255: 1
156, 211, 127, 255: 3
86, 110, 146, 255: 2
55, 52, 71, 255: 2
29, 255, 0, 255: 1
122, 222, 153, 255: 1
0, 116, 146, 255: 5
69, 245, 32, 255: 1
122, 220, 53, 255: 3
82, 43, 97, 255: 1
31, 143, 6, 255: 7
88, 12, 188, 255: 5
250, 146, 235, 255: 1
149, 119, 35, 255: 1
238, 94, 171, 255: 11
255, 138, 218, 255: 1
84, 196, 129, 255: 17
173, 237, 176, 255: 1
237, 163, 172, 255: 8
181, 119, 130, 255: 2
141, 112, 109, 255: 4
74, 209, 186, 255: 4
136, 58, 241, 255: 24
198, 14, 223, 255: 1
234, 80, 30, 255: 4
75, 84, 132, 255: 3
84, 246, 156, 255: 8
201, 13, 69, 255: 72
38, 68, 140, 255: 15
138, 200, 173, 255: 12
0, 252, 190, 255: 4
75, 103, 190, 255: 1
47, 212, 5, 255: 4
0, 145, 61, 255: 257
137, 158, 29, 255: 83
31, 203, 206, 255: 1
198, 241, 53, 255: 8
180, 19, 205, 255: 1
31, 106, 193, 255: 8
2, 250, 194, 255: 1
228, 200, 78, 255: 28
60, 178, 181, 255: 52
0, 227, 80, 255: 32
0, 219, 161, 255: 32
184, 146, 44, 255: 11
124, 93, 247, 255: 2
153, 222, 16, 255: 3
96, 136, 224, 255: 3
65, 235, 211, 255: 2
0, 214, 215, 255: 1
27, 232, 98, 255: 2
79, 87, 100, 255: 3
243, 155, 185, 255: 8
252, 71, 44, 255: 45
190, 147, 79, 255: 13
129, 12, 38, 255: 1
95, 17, 205, 255: 73
0, 192, 149, 255: 1
160, 55, 6, 255: 1
217, 29, 46, 255: 2
89, 131, 207, 255: 1
94, 16, 204, 255: 81
21, 104, 102, 255: 7
208, 12, 118, 255: 126
0, 233, 85, 255: 3921
142, 158, 255, 255: 40
33, 12, 217, 255: 1
1, 197, 40, 255: 1
90, 114, 150, 255: 1
75, 50, 10, 255: 2
40, 121, 250, 255: 9
186, 92, 187, 255: 1
250, 42, 185, 255: 54
97, 137, 225, 255: 4
39, 219, 235, 255: 5
170, 105, 136, 255: 1
42, 199, 107, 255: 1
83, 87, 66, 255: 8
203, 23, 246, 255: 16
97, 195, 68, 255: 71
0, 177, 146, 255: 39
102, 10, 179, 255: 1
129, 214, 230, 255: 1
146, 97, 94, 255: 1
41, 130, 206, 255: 1
90, 34, 11, 255: 1
213, 124, 120, 255: 11
184, 62, 70, 255: 1
172, 27, 35, 255: 1
0, 187, 76, 255: 70
4, 172, 57, 255: 2
89, 197, 79, 255: 2
68, 5, 125, 255: 1
150, 84, 157, 255: 1
84, 32, 162, 255: 4
147, 192, 99, 255: 7
154, 74, 14, 255: 9
176, 58, 117, 255: 6
87, 6, 97, 255: 20
0, 25, 174, 255: 43
208, 155, 46, 255: 52
27, 42, 91, 255: 3
212, 192, 238, 255: 77
143, 217, 198, 255: 7
199, 154, 251, 255: 4
238, 224, 81, 255: 1
77, 38, 19, 255: 11
1, 51, 253, 255: 8
26, 116, 217, 255: 1
103, 16, 38, 255: 1
0, 179, 24, 255: 129
41, 46, 130, 255: 1
234, 143, 39, 255: 21
152, 4, 149, 255: 14
157, 193, 149, 255: 2
32, 56, 205, 255: 4
248, 20, 243, 255: 28
242, 231, 186, 255: 4
139, 246, 245, 255: 4
208, 252, 23, 255: 2047
244, 128, 36, 255: 2
236, 130, 47, 255: 50
0, 219, 27, 255: 1224
86, 168, 18, 255: 3
86, 62, 57, 255: 17
74, 162, 235, 255: 2
0, 108, 249, 255: 1
193, 3, 143, 255: 4
181, 71, 41, 255: 1
21, 157, 127, 255: 2
64, 218, 115, 255: 2
145, 244, 111, 255: 11
68, 65, 45, 255: 1
245, 255, 134, 255: 1
66, 96, 129, 255: 2
143, 73, 132, 255: 2
32, 116, 251, 255: 12
139, 255, 99, 255: 2
239, 154, 162, 255: 2
204, 124, 70, 255: 16
31, 233, 129, 255: 24
26, 179, 108, 255: 2
33, 57, 206, 255: 7
102, 159, 68, 255: 9
239, 255, 188, 255: 3
90, 41, 48, 255: 15
20, 171, 156, 255: 1
87, 173, 121, 255: 6
41, 19, 118, 255: 7
20, 115, 121, 255: 3
30, 1, 141, 255: 114
218, 198, 244, 255: 1
58, 63, 107, 255: 19
156, 84, 18, 255: 1
239, 93, 72, 255: 1
96, 190, 49, 255: 2
187, 97, 243, 255: 10
190, 40, 81, 255: 36
247, 44, 255, 255: 2
193, 122, 223, 255: 11
194, 152, 220, 255: 7
245, 78, 48, 255: 10
4, 239, 36, 255: 77
0, 106, 216, 255: 3
237, 97, 34, 255: 5
200, 243, 157, 255: 1
200, 42, 27, 255: 1
142, 3, 47, 255: 11
183, 77, 180, 255: 16
141, 255, 227, 255: 4
0, 167, 190, 255: 2
208, 243, 246, 255: 1
82, 221, 58, 255: 7
30, 101, 137, 255: 3
91, 43, 187, 255: 1
0, 201, 222, 255: 217
224, 4, 223, 255: 1
46, 143, 94, 255: 1
35, 69, 74, 255: 1
6, 84, 116, 255: 2
166, 205, 4, 255: 2
87, 110, 111, 255: 2
23, 2, 207, 255: 3
232, 3, 55, 255: 2
88, 55, 104, 255: 3
194, 26, 2, 255: 10
57, 26, 175, 255: 6
136, 31, 128, 255: 7
0, 87, 253, 255: 1
86, 255, 224, 255: 4
0, 163, 63, 255: 1
155, 100, 28, 255: 2
40, 240, 73, 255: 6
36, 5, 47, 255: 2
247, 49, 29, 255: 1
43, 175, 197, 255: 8
182, 47, 75, 255: 1
105, 192, 119, 255: 1
112, 204, 225, 255: 100
229, 85, 162, 255: 20
138, 7, 182, 255: 28
57, 90, 220, 255: 17
183, 56, 252, 255: 1
184, 188, 160, 255: 2
71, 126, 43, 255: 4
240, 169, 20, 255: 42
229, 130, 115, 255: 22
40, 179, 93, 255: 8
137, 128, 208, 255: 3
227, 155, 227, 255: 1
32, 255, 12, 255: 2
112, 185, 30, 255: 118
0, 79, 43, 255: 64
93, 97, 60, 255: 1
0, 145, 159, 255: 5
40, 207, 208, 255: 17
78, 70, 143, 255: 1
248, 198, 32, 255: 4
234, 188, 181, 255: 11
183, 228, 94, 255: 10
254, 106, 132, 255: 2
35, 180, 163, 255: 1
49, 151, 218, 255: 1
0, 18, 35, 255: 24
191, 3, 59, 255: 19
98, 229, 1, 255: 3
243, 29, 103, 255: 2
40, 28, 25, 255: 31
13, 110, 62, 255: 13
0, 205, 39, 255: 9
58, 168, 4, 255: 231
248, 50, 202, 255: 39
23, 195, 162, 255: 20
87, 179, 129, 255: 3
251, 70, 197, 255: 2
87, 164, 99, 255: 1
153, 244, 56, 255: 1
0, 180, 158, 255: 38
33, 130, 235, 255: 1
67, 50, 75, 255: 1
178, 135, 185, 255: 12
255, 195, 157, 255: 1
191, 249, 142, 255: 1
45, 36, 13, 255: 7
137, 149, 110, 255: 50
89, 219, 9, 255: 1
179, 34, 6, 255: 1
121, 91, 50, 255: 1
40, 132, 178, 255: 4
241, 255, 121, 255: 5
74, 74, 212, 255: 4
85, 73, 213, 255: 1
233, 41, 22, 255: 1
230, 42, 211, 255: 1
0, 250, 155, 255: 2
233, 103, 160, 255: 2
149, 115, 206, 255: 2
188, 252, 38, 255: 2
255, 71, 198, 255: 1
144, 113, 11, 255: 3
124, 1, 241, 255: 7
182, 169, 148, 255: 2
191, 107, 193, 255: 14
129, 173, 225, 255: 2
167, 24, 95, 255: 1
35, 199, 101, 255: 11
229, 255, 78, 255: 1
190, 190, 195, 255: 3
181, 42, 229, 255: 1
229, 107, 202, 255: 1
79, 244, 150, 255: 3
186, 255, 98, 255: 1
154, 226, 117, 255: 3
161, 188, 132, 255: 2
102, 54, 171, 255: 2
189, 160, 60, 255: 1
77, 187, 22, 255: 70
144, 54, 240, 255: 126
78, 35, 75, 255: 1
191, 103, 91, 255: 9
37, 89, 205, 255: 6
168, 14, 51, 255: 2
98, 116, 186, 255: 46
79, 197, 199, 255: 79
99, 222, 83, 255: 5
200, 163, 171, 255: 16
173, 92, 148, 255: 1
86, 49, 201, 255: 10
197, 14, 2, 255: 3
11, 37, 96, 255: 2
42, 75, 117, 255: 1
16, 44, 99, 255: 1
106, 143, 93, 255: 5
5, 66, 20, 255: 752
86, 69, 141, 255: 21
84, 22, 32, 255: 3
0, 75, 48, 255: 8
147, 164, 240, 255: 62
165, 223, 223, 255: 1
149, 116, 62, 255: 1
33, 237, 151, 255: 5
140, 199, 63, 255: 1
135, 5, 215, 255: 18
239, 160, 100, 255: 13
27, 122, 231, 255: 2
64, 207, 96, 255: 1
97, 82, 99, 255: 7
88, 96, 83, 255: 1
187, 119, 62, 255: 1
234, 151, 250, 255: 9
24, 174, 98, 255: 3
244, 110, 235, 255: 4
0, 222, 164, 255: 63
226, 190, 157, 255: 14
109, 78, 131, 255: 5
145, 236, 48, 255: 2
243, 233, 78, 255: 1
198, 225, 61, 255: 4
189, 77, 178, 255: 5
229, 236, 9, 255: 3
47, 140, 194, 255: 4
110, 194, 48, 255: 9
247, 143, 255, 255: 1
38, 192, 130, 255: 3
192, 166, 37, 255: 1
0, 0, 195, 255: 16
173, 42, 121, 255: 1
90, 141, 8, 255: 13
203, 60, 24, 255: 4
146, 86, 201, 255: 12
71, 5, 155, 255: 2
213, 182, 219, 255: 4
124, 109, 239, 255: 8
83, 80, 59, 255: 8
41, 198, 106, 255: 1
146, 21, 136, 255: 1
90, 93, 38, 255: 1
241, 207, 16, 255: 6
184, 201, 237, 255: 46
143, 75, 23, 255: 3
249, 255, 112, 255: 1
0, 217, 124, 255: 4
150, 82, 30, 255: 7
73, 103, 134, 255: 10
183, 184, 141, 255: 117
30, 234, 46, 255: 2
21, 166, 149, 255: 4
21, 199, 235, 255: 1
132, 77, 150, 255: 1
197, 141, 230, 255: 15
136, 132, 14, 255: 8
47, 55, 109, 255: 2
240, 91, 237, 255: 2
92, 231, 170, 255: 2
86, 90, 172, 255: 3
87, 218, 144, 255: 3
77, 195, 197, 255: 61
0, 233, 120, 255: 197
150, 29, 5, 255: 1
181, 47, 130, 255: 3
194, 245, 224, 255: 21
234, 91, 204, 255: 2
41, 203, 52, 255: 8
148, 140, 74, 255: 1
135, 164, 237, 255: 2
80, 12, 99, 255: 17
204, 52, 106, 255: 13
18, 75, 123, 255: 1
136, 153, 229, 255: 2
228, 189, 58, 255: 20
185, 227, 184, 255: 5
182, 67, 224, 255: 55
252, 7, 236, 255: 1
112, 146, 126, 255: 1
85, 252, 176, 255: 14
121, 133, 94, 255: 1
234, 221, 113, 255: 6
211, 23, 40, 255: 13
232, 204, 82, 255: 97
221, 130, 27, 255: 1
139, 250, 109, 255: 1
195, 216, 129, 255: 5
89, 239, 187, 255: 1
96, 200, 142, 255: 4
49, 132, 23, 255: 10
160, 89, 155, 255: 5
238, 67, 255, 255: 1
225, 54, 182, 255: 1
190, 255, 97, 255: 4
193, 50, 14, 255: 3
88, 177, 140, 255: 20
186, 108, 179, 255: 15
146, 83, 100, 255: 37
53, 243, 138, 255: 1308
88, 244, 158, 255: 5
30, 242, 221, 255: 2
86, 161, 136, 255: 18
138, 19, 238, 255: 5
24, 121, 72, 255: 1
42, 165, 139, 255: 1
183, 103, 202, 255: 1
188, 225, 216, 255: 12
51, 159, 192, 255: 2
240, 210, 25, 255: 17
105, 250, 90, 255: 1
37, 195, 30, 255: 46
191, 203, 206, 255: 4
100, 245, 124, 255: 15
136, 138, 125, 255: 9
189, 217, 160, 255: 1
28, 54, 45, 255: 15
207, 80, 20, 255: 2
141, 245, 17, 255: 3
236, 139, 222, 255: 84
93, 79, 48, 255: 1
191, 190, 85, 255: 14
3, 62, 60, 255: 1
37, 161, 16, 255: 8
42, 215, 175, 255: 1
130, 104, 224, 255: 29
49, 54, 240, 255: 3
246, 202, 104, 255: 1
48, 14, 2, 255: 1
33, 158, 1, 255: 8
46, 51, 135, 255: 2
131, 138, 158, 255: 5
43, 167, 22, 255: 19
0, 224, 32, 255: 3
86, 242, 156, 255: 6
255, 232, 90, 255: 2
87, 203, 106, 255: 4
39, 42, 27, 255: 18
42, 105, 76, 255: 18
90, 88, 101, 255: 5
86, 98, 244, 255: 18
194, 255, 52, 255: 4
176, 83, 28, 255: 1
92, 106, 197, 255: 2
115, 254, 25, 255: 1
200, 255, 172, 255: 1
247, 45, 81, 255: 4
85, 97, 208, 255: 9
160, 69, 216, 255: 3
228, 172, 219, 255: 15
165, 192, 136, 255: 1
86, 145, 42, 255: 12
89, 105, 76, 255: 2
181, 132, 215, 255: 3
243, 78, 111, 255: 14
146, 157, 156, 255: 2
117, 223, 120, 255: 1
92, 80, 221, 255: 9
229, 234, 165, 255: 9
141, 255, 192, 255: 1
0, 10, 137, 255: 1
0, 59, 240, 255: 1
38, 143, 159, 255: 2
52, 200, 171, 255: 1
243, 216, 231, 255: 6
186, 84, 165, 255: 1
122, 187, 120, 255: 2
28, 24, 153, 255: 11
81, 86, 129, 255: 30
255, 108, 255, 255: 4
96, 192, 223, 255: 9
171, 202, 90, 255: 13
253, 113, 50, 255: 1
232, 179, 69, 255: 13
43, 239, 242, 255: 50
239, 66, 104, 255: 5
29, 14, 170, 255: 7
205, 248, 162, 255: 1
33, 149, 93, 255: 1
0, 47, 83, 255: 1
218, 16, 53, 255: 40
91, 125, 136, 255: 1
135, 164, 202, 255: 86
90, 255, 6, 255: 4
0, 35, 26, 255: 330
81, 153, 30, 255: 1
52, 35, 203, 255: 1
235, 50, 163, 255: 85
137, 227, 148, 255: 21
129, 4, 181, 255: 1
90, 43, 32, 255: 1
0, 77, 66, 255: 2
96, 172, 27, 255: 1
62, 144, 149, 255: 758
92, 47, 135, 255: 3
0, 225, 201, 255: 4084
0, 179, 58, 255: 256
251, 170, 122, 255: 15
133, 37, 44, 255: 14
32, 44, 184, 255: 24
248, 144, 233, 255: 6
186, 8, 183, 255: 11
140, 142, 93, 255: 2
32, 72, 43, 255: 18
33, 57, 52, 255: 1
191, 255, 6, 255: 2
13, 223, 31, 255: 2
216, 168, 128, 255: 1
85, 165, 209, 255: 2
40, 234, 101, 255: 1
230, 1, 206, 255: 5
28, 112, 144, 255: 3
195, 116, 14, 255: 3
85, 100, 226, 255: 2
43, 182, 132, 255: 1
20, 7, 226, 255: 1
103, 77, 84, 255: 1
165, 132, 192, 255: 4
88, 86, 99, 255: 1
225, 208, 96, 255: 33
49, 77, 50, 255: 5
12, 142, 147, 255: 1874
233, 104, 195, 255: 2
185, 48, 187, 255: 1
188, 51, 164, 255: 8
244, 40, 233, 255: 1
56, 29, 19, 255: 5
97, 4, 205, 255: 1
243, 120, 135, 255: 5
0, 25, 16, 255: 28
140, 118, 99, 255: 19
167, 134, 194, 255: 1
218, 77, 254, 255: 2
201, 7, 97, 255: 1
72, 77, 120, 255: 1
0, 188, 77, 255: 922
191, 108, 211, 255: 9
26, 255, 242, 255: 1
22, 105, 103, 255: 10
184, 255, 222, 255: 3
155, 180, 128, 255: 1
19, 94, 180, 255: 3
240, 255, 189, 255: 3
241, 21, 18, 255: 6
5, 162, 254, 255: 17
229, 42, 92, 255: 2
60, 211, 10, 255: 1
0, 110, 28, 255: 8
0, 21, 38, 255: 7
246, 255, 54, 255: 1
76, 106, 137, 255: 34
0, 66, 89, 255: 3
248, 243, 55, 255: 4
144, 209, 245, 255: 3
238, 198, 114, 255: 3
189, 255, 26, 255: 9
87, 40, 110, 255: 36
251, 86, 255, 255: 1
88, 20, 210, 255: 2
49, 52, 140, 255: 1
210, 14, 120, 255: 167
220, 156, 37, 255: 1
141, 178, 127, 255: 8
97, 231, 255, 255: 1
214, 26, 43, 255: 11
157, 245, 214, 255: 2
238, 17, 133, 255: 9
208, 147, 13, 255: 1
165, 193, 238, 255: 8
94, 191, 255, 255: 23
231, 220, 211, 255: 5
169, 241, 93, 255: 2
237, 205, 32, 255: 3
196, 159, 65, 255: 1
129, 203, 149, 255: 2
32, 254, 242, 255: 1
147, 225, 185, 255: 52
234, 157, 160, 255: 13
0, 102, 54, 255: 95
0, 170, 173, 255: 79
235, 35, 89, 255: 1
184, 108, 105, 255: 31
76, 39, 191, 255: 1
94, 30, 198, 255: 4
138, 191, 162, 255: 12
175, 124, 6, 255: 3
233, 39, 242, 255: 25
105, 222, 231, 255: 2
228, 143, 5, 255: 2
63, 253, 148, 255: 812
235, 86, 94, 255: 2
85, 47, 63, 255: 3
61, 165, 188, 255: 4
11, 17, 54, 255: 5
40, 227, 64, 255: 99
88, 124, 255, 255: 47
45, 16, 157, 255: 1
143, 245, 91, 255: 2
160, 1, 97, 255: 6
133, 102, 154, 255: 5
0, 175, 54, 255: 32
234, 30, 223, 255: 104
0, 39, 65, 255: 70
34, 109, 42, 255: 16
5, 91, 187, 255: 10
0, 204, 73, 255: 1
160, 204, 72, 255: 1
240, 30, 155, 255: 7
65, 90, 155, 255: 13
38, 181, 109, 255: 5
188, 213, 160, 255: 5
45, 221, 48, 255: 4
0, 205, 205, 255: 2
235, 152, 251, 255: 8
234, 200, 185, 255: 1
112, 94, 127, 255: 54
197, 75, 202, 255: 2
63, 104, 145, 255: 61
142, 197, 11, 255: 3
191, 153, 245, 255: 1
216, 92, 90, 255: 148
135, 96, 83, 255: 43
38, 151, 252, 255: 3
252, 214, 229, 255: 7
88, 54, 49, 255: 6
90, 255, 7, 255: 8
138, 136, 36, 255: 15
179, 3, 21, 255: 35
196, 120, 255, 255: 1
84, 88, 67, 255: 4
139, 210, 93, 255: 4
247, 187, 184, 255: 45
96, 210, 161, 255: 33
52, 164, 98, 255: 1
73, 217, 242, 255: 1
11, 176, 76, 255: 1
187, 111, 143, 255: 1
213, 19, 223, 255: 79
194, 168, 177, 255: 10
94, 180, 255, 255: 2
188, 49, 236, 255: 6
76, 236, 201, 255: 10
116, 84, 239, 255: 23
244, 126, 81, 255: 6
185, 232, 197, 255: 4
38, 144, 5, 255: 6
90, 147, 82, 255: 1
34, 255, 144, 255: 2
115, 205, 128, 255: 4
238, 98, 35, 255: 9
0, 207, 173, 255: 23
105, 250, 129, 255: 6
249, 64, 177, 255: 1
176, 67, 72, 255: 2
248, 1, 48, 255: 1
193, 255, 234, 255: 3
188, 170, 54, 255: 1
126, 213, 36, 255: 6
114, 67, 169, 255: 1
0, 43, 69, 255: 1
0, 14, 253, 255: 98
176, 111, 178, 255: 1
131, 234, 135, 255: 1
192, 94, 73, 255: 2
190, 241, 220, 255: 4
132, 48, 163, 255: 8
76, 131, 48, 255: 2
146, 168, 185, 255: 1
138, 17, 19, 255: 2
205, 78, 18, 255: 1
145, 255, 147, 255: 2
57, 32, 250, 255: 1
33, 128, 237, 255: 19
191, 112, 148, 255: 1
184, 138, 227, 255: 2
88, 218, 8, 255: 5
105, 228, 89, 255: 2
0, 218, 79, 255: 2
0, 187, 233, 255: 12
160, 188, 18, 255: 1
80, 1, 181, 255: 1
143, 209, 23, 255: 8
73, 228, 124, 255: 5
139, 105, 58, 255: 1
0, 31, 125, 255: 1
218, 135, 97, 255: 1
105, 134, 212, 255: 3
190, 255, 155, 255: 1
26, 148, 241, 255: 16
240, 83, 199, 255: 17
12, 98, 194, 255: 2
140, 54, 173, 255: 5
132, 8, 31, 255: 4
225, 29, 133, 255: 3
202, 4, 50, 255: 6
26, 113, 55, 255: 5
195, 69, 99, 255: 1
81, 77, 248, 255: 4
52, 228, 55, 255: 1
218, 44, 168, 255: 27
209, 13, 119, 255: 133
0, 112, 65, 255: 1
35, 229, 255, 255: 19
191, 154, 153, 255: 3
243, 226, 113, 255: 16
0, 56, 126, 255: 5
20, 77, 22, 255: 1
186, 27, 255, 255: 1
31, 135, 189, 255: 2
234, 16, 138, 255: 5
92, 79, 84, 255: 21
245, 160, 15, 255: 7
41, 183, 196, 255: 3
239, 87, 253, 255: 3
135, 255, 245, 255: 1
41, 82, 163, 255: 4
237, 201, 168, 255: 57
142, 23, 242, 255: 2
236, 24, 188, 255: 1
212, 46, 81, 255: 5
240, 127, 255, 255: 2
100, 68, 8, 255: 9
76, 214, 33, 255: 1
189, 134, 68, 255: 1
0, 50, 16, 255: 3
83, 147, 10, 255: 1
184, 64, 254, 255: 3
144, 180, 177, 255: 6
98, 168, 57, 255: 2
152, 135, 57, 255: 2
227, 196, 232, 255: 9
107, 72, 169, 255: 2
97, 129, 50, 255: 1
245, 248, 73, 255: 4
42, 176, 194, 255: 1
0, 241, 226, 255: 101
59, 120, 81, 255: 23
190, 59, 241, 255: 19
2, 9, 188, 255: 4
137, 227, 184, 255: 10
241, 217, 211, 255: 3
199, 127, 240, 255: 36
27, 14, 130, 255: 4
203, 120, 224, 255: 3
192, 159, 218, 255: 2
130, 134, 183, 255: 10
192, 90, 201, 255: 2
129, 156, 131, 255: 9
224, 157, 196, 255: 5
121, 221, 152, 255: 1
124, 21, 27, 255: 2
126, 108, 139, 255: 28
1, 96, 245, 255: 13
145, 173, 156, 255: 1
142, 191, 184, 255: 5
94, 18, 41, 255: 1
80, 75, 144, 255: 1
181, 182, 175, 255: 2
204, 231, 67, 255: 9
87, 146, 26, 255: 1
0, 5, 81, 255: 1
219, 25, 229, 255: 6
32, 1, 181, 255: 1
27, 240, 17, 255: 1
103, 187, 41, 255: 2
240, 255, 238, 255: 1
0, 158, 83, 255: 246
169, 200, 88, 255: 1
42, 226, 84, 255: 5
76, 24, 154, 255: 6
197, 218, 12, 255: 11
28, 48, 99, 255: 11
0, 218, 61, 255: 49
210, 141, 56, 255: 1
0, 28, 212, 255: 1
182, 147, 143, 255: 2
39, 161, 254, 255: 7
78, 48, 93, 255: 5
0, 179, 93, 255: 4
248, 103, 228, 255: 24
90, 253, 198, 255: 12
186, 201, 138, 255: 2
244, 217, 232, 255: 4
146, 58, 189, 255: 1
255, 128, 105, 255: 2
94, 207, 242, 255: 2
189, 99, 245, 255: 1
105, 62, 209, 255: 1
0, 172, 8, 255: 77
233, 131, 146, 255: 1
62, 12, 139, 255: 1
30, 255, 77, 255: 30
186, 223, 178, 255: 33
201, 234, 139, 255: 6
249, 233, 36, 255: 2
196, 52, 170, 255: 15
0, 207, 207, 255: 1
243, 227, 30, 255: 4
154, 232, 192, 255: 2
135, 162, 101, 255: 9
89, 138, 89, 255: 25
83, 255, 110, 255: 6
132, 21, 152, 255: 1
184, 75, 44, 255: 2
157, 174, 211, 255: 1
45, 171, 124, 255: 93
189, 11, 186, 255: 5
38, 38, 181, 255: 23
93, 255, 148, 255: 4
235, 255, 233, 255: 2
28, 186, 21, 255: 27
207, 101, 19, 255: 138
133, 99, 155, 255: 9
128, 99, 96, 255: 1
40, 86, 64, 255: 1
0, 32, 156, 255: 1
89, 51, 67, 255: 8
14, 100, 43, 255: 3
233, 130, 17, 255: 3
0, 94, 135, 255: 77
133, 204, 87, 255: 1
247, 179, 9, 255: 39
235, 117, 218, 255: 36
93, 101, 161, 255: 22
30, 194, 132, 255: 6
100, 173, 58, 255: 3
136, 253, 5, 255: 67
146, 14, 135, 255: 4
0, 94, 12, 255: 1
167, 148, 187, 255: 37
0, 67, 129, 255: 19
187, 229, 186, 255: 9
94, 196, 2, 255: 3
0, 81, 45, 255: 43
112, 26, 8, 255: 1883
92, 255, 200, 255: 9
0, 19, 91, 255: 49
235, 238, 209, 255: 3
82, 242, 207, 255: 4
145, 131, 106, 255: 1
0, 231, 216, 255: 1
216, 243, 193, 255: 1
229, 248, 132, 255: 1
94, 243, 209, 255: 1
81, 183, 107, 255: 82
198, 166, 71, 255: 2
139, 246, 24, 255: 40
89, 126, 115, 255: 4
85, 77, 150, 255: 2
13, 145, 249, 255: 2
31, 75, 24, 255: 2
196, 137, 211, 255: 1
183, 82, 90, 255: 2
198, 94, 142, 255: 1
142, 45, 154, 255: 2
192, 104, 92, 255: 7
15, 137, 231, 255: 2
128, 158, 10, 255: 7
83, 150, 95, 255: 3
126, 18, 16, 255: 2
230, 67, 224, 255: 8
0, 57, 156, 255: 1
87, 255, 167, 255: 3
135, 118, 31, 255: 1
0, 28, 53, 255: 15
22, 126, 145, 255: 1
112, 28, 108, 255: 41
91, 195, 217, 255: 2
247, 238, 138, 255: 1
101, 119, 189, 255: 12
197, 162, 123, 255: 1
232, 38, 241, 255: 15
27, 188, 182, 255: 1
28, 198, 102, 255: 1
84, 238, 237, 255: 37
137, 208, 91, 255: 5
189, 255, 166, 255: 7
181, 220, 171, 255: 1
91, 189, 62, 255: 56
194, 13, 218, 255: 2
0, 112, 129, 255: 6
18, 38, 54, 255: 1
184, 238, 50, 255: 1
147, 231, 186, 255: 2
137, 135, 35, 255: 17
93, 80, 85, 255: 8
83, 160, 198, 255: 18
14, 163, 88, 255: 1
193, 62, 244, 255: 9
198, 130, 139, 255: 1
177, 87, 12, 255: 3
0, 64, 44, 255: 2
0, 251, 122, 255: 1
81, 2, 80, 255: 10
31, 180, 177, 255: 2
251, 158, 255, 255: 3
78, 160, 10, 255: 1
198, 54, 172, 255: 7
206, 37, 229, 255: 1
88, 127, 104, 255: 27
140, 156, 214, 255: 3
209, 181, 60, 255: 206
128, 100, 158, 255: 2
107, 180, 167, 255: 1
96, 32, 98, 255: 1
134, 188, 112, 255: 6
143, 76, 232, 255: 10
135, 120, 250, 255: 18
37, 223, 143, 255: 13
194, 40, 76, 255: 1
191, 74, 23, 255: 7
177, 244, 154, 255: 1
13, 185, 0, 255: 1
37, 235, 80, 255: 5
0, 238, 133, 255: 1223
87, 36, 200, 255: 16
238, 51, 101, 255: 31
230, 28, 64, 255: 5
122, 82, 70, 255: 1
53, 94, 135, 255: 2
197, 97, 123, 255: 222
7, 63, 77, 255: 2
83, 165, 15, 255: 5
85, 137, 187, 255: 6
150, 120, 190, 255: 5
247, 66, 193, 255: 4
0, 150, 232, 255: 27
0, 2, 108, 255: 1
245, 56, 118, 255: 15
91, 197, 135, 255: 1
233, 149, 84, 255: 1
245, 240, 154, 255: 7
0, 241, 4, 255: 1433
130, 118, 254, 255: 3
238, 187, 248, 255: 1
42, 240, 85, 255: 36
0, 25, 71, 255: 3
0, 254, 227, 255: 2
32, 115, 113, 255: 3
103, 193, 1, 255: 1
241, 180, 41, 255: 2
83, 74, 240, 255: 1
40, 232, 138, 255: 5
237, 37, 91, 255: 2
46, 255, 232, 255: 1
0, 30, 145, 255: 1045
240, 113, 11, 255: 3
9, 15, 52, 255: 9
233, 117, 60, 255: 1
76, 104, 73, 255: 3
151, 231, 33, 255: 20
193, 85, 200, 255: 23
37, 36, 43, 255: 5
249, 114, 204, 255: 1
249, 241, 74, 255: 1
185, 64, 153, 255: 6
0, 93, 2, 255: 1270
244, 70, 193, 255: 5
59, 75, 230, 255: 1
30, 59, 20, 255: 15
89, 193, 32, 255: 1
218, 237, 123, 255: 3
135, 107, 129, 255: 1
80, 64, 226, 255: 2
0, 85, 148, 255: 1
35, 240, 235, 255: 2
236, 12, 30, 255: 18
113, 76, 163, 255: 1
185, 131, 53, 255: 17
153, 186, 84, 255: 4
129, 49, 134, 255: 12
29, 83, 33, 255: 1
239, 124, 169, 255: 2
77, 212, 189, 255: 2
62, 111, 63, 255: 89
35, 194, 63, 255: 2
104, 44, 153, 255: 7
125, 144, 172, 255: 11
230, 227, 247, 255: 2
84, 204, 121, 255: 1
150, 111, 15, 255: 6
140, 142, 231, 255: 2
88, 146, 7, 255: 32
43, 61, 208, 255: 3
132, 81, 213, 255: 1
78, 62, 122, 255: 2
208, 120, 155, 255: 1
137, 220, 120, 255: 1
40, 248, 248, 255: 3
227, 105, 200, 255: 2
176, 205, 249, 255: 1
225, 87, 233, 255: 2
154, 236, 97, 255: 13
183, 174, 4, 255: 1
139, 83, 249, 255: 21
132, 187, 146, 255: 1
192, 33, 255, 255: 1
238, 221, 246, 255: 1
143, 151, 144, 255: 1
27, 92, 169, 255: 1
9, 95, 38, 255: 2
165, 223, 224, 255: 1
245, 6, 84, 255: 15
189, 117, 230, 255: 1
192, 136, 225, 255: 19
80, 28, 29, 255: 1
60, 192, 46, 255: 1
233, 239, 51, 255: 7
143, 255, 114, 255: 1
249, 63, 224, 255: 2
154, 240, 111, 255: 4
7, 192, 12, 255: 1
146, 158, 119, 255: 1
188, 255, 123, 255: 1
75, 232, 227, 255: 1
255, 212, 30, 255: 2
88, 39, 46, 255: 20
149, 182, 80, 255: 6
208, 237, 171, 255: 1
3, 152, 77, 255: 24
240, 224, 27, 255: 5
248, 205, 23, 255: 11
46, 192, 65, 255: 40
240, 209, 219, 255: 1
221, 243, 251, 255: 2
3, 139, 252, 255: 1
232, 9, 62, 255: 7
253, 255, 71, 255: 1
20, 15, 42, 255: 6
177, 186, 55, 255: 9
173, 228, 1, 255: 1
80, 92, 238, 255: 8
244, 83, 83, 255: 1
28, 118, 219, 255: 3
124, 229, 165, 255: 1
188, 63, 101, 255: 3
128, 163, 167, 255: 3
56, 174, 216, 255: 1
29, 33, 226, 255: 18
26, 44, 217, 255: 1
138, 24, 21, 255: 1
0, 234, 86, 255: 3329
231, 76, 144, 255: 5
255, 209, 23, 255: 1
197, 218, 114, 255: 2
242, 223, 47, 255: 17
255, 47, 255, 255: 2
208, 48, 150, 255: 1
28, 183, 73, 255: 3
39, 21, 207, 255: 1
226, 55, 45, 255: 4
145, 133, 207, 255: 2
233, 31, 140, 255: 1
138, 197, 164, 255: 6
208, 133, 148, 255: 1
85, 255, 106, 255: 5
190, 81, 188, 255: 1
0, 236, 58, 255: 1
85, 226, 8, 255: 1
140, 38, 79, 255: 5
239, 226, 118, 255: 6
242, 214, 92, 255: 7
178, 121, 64, 255: 1
255, 234, 70, 255: 17
84, 203, 204, 255: 54
222, 98, 96, 255: 666
141, 255, 240, 255: 1
249, 82, 189, 255: 6
30, 172, 185, 255: 14
245, 184, 45, 255: 4
121, 111, 54, 255: 4
25, 147, 240, 255: 18
134, 92, 255, 255: 1
34, 142, 128, 255: 1
235, 119, 62, 255: 5
240, 193, 253, 255: 1
248, 15, 16, 255: 3
236, 129, 238, 255: 13
39, 237, 82, 255: 15
81, 24, 120, 255: 5
151, 254, 202, 255: 1
177, 214, 169, 255: 2
33, 126, 180, 255: 1
187, 225, 96, 255: 5
45, 53, 107, 255: 5
181, 99, 53, 255: 1
177, 251, 17, 255: 1
30, 45, 27, 255: 1
240, 249, 40, 255: 11
190, 114, 146, 255: 1
190, 126, 48, 255: 8
61, 239, 126, 255: 1816
6, 147, 161, 255: 1
123, 38, 191, 255: 1
96, 122, 103, 255: 49
203, 246, 58, 255: 2
73, 24, 251, 255: 7
129, 172, 190, 255: 1
88, 31, 127, 255: 9
136, 26, 36, 255: 10
105, 180, 10, 255: 1
140, 142, 129, 255: 5
188, 137, 19, 255: 5
245, 4, 247, 255: 7
93, 249, 163, 255: 3
33, 224, 112, 255: 22
41, 255, 76, 255: 2
202, 190, 187, 255: 29
35, 47, 187, 255: 4
141, 165, 134, 255: 5
43, 56, 42, 255: 2
31, 173, 186, 255: 10
87, 136, 87, 255: 78
84, 55, 237, 255: 15
246, 219, 115, 255: 1
216, 72, 150, 255: 35
136, 136, 24, 255: 30
194, 130, 154, 255: 10
136, 140, 190, 255: 26
142, 28, 60, 255: 12
0, 233, 94, 255: 1
179, 28, 188, 255: 8
144, 232, 201, 255: 35
141, 254, 211, 255: 5
0, 179, 157, 255: 5
91, 4, 26, 255: 23
174, 32, 204, 255: 3
12, 181, 51, 255: 1
124, 179, 138, 255: 1
119, 211, 232, 255: 1
0, 249, 179, 255: 147
97, 97, 173, 255: 1
251, 12, 200, 255: 2
22, 159, 10, 255: 1
0, 244, 238, 255: 2
79, 167, 240, 255: 4
137, 119, 150, 255: 2
37, 251, 72, 255: 1
237, 136, 58, 255: 16
60, 244, 70, 255: 2
42, 79, 44, 255: 2
73, 48, 162, 255: 7
97, 82, 252, 255: 2
0, 163, 123, 255: 82
220, 76, 154, 255: 823
203, 183, 115, 255: 1
65, 32, 235, 255: 1
70, 161, 76, 255: 5
139, 48, 133, 255: 1
75, 188, 29, 255: 1
141, 44, 153, 255: 5
99, 255, 174, 255: 1
248, 133, 59, 255: 2
142, 58, 255, 255: 4
22, 177, 67, 255: 4
196, 47, 225, 255: 1
244, 142, 255, 255: 35
42, 126, 5, 255: 6
134, 16, 115, 255: 3
144, 50, 2, 255: 8
49, 137, 250, 255: 2
120, 229, 225, 255: 1
38, 215, 225, 255: 13
42, 27, 255, 255: 12
0, 44, 203, 255: 1027
199, 203, 175, 255: 2
193, 234, 203, 255: 55
246, 69, 93, 255: 12
139, 62, 228, 255: 1
191, 97, 89, 255: 7
182, 156, 62, 255: 5
146, 111, 214, 255: 3
94, 84, 169, 255: 2
217, 179, 47, 255: 1
68, 29, 11, 255: 1
71, 189, 191, 255: 4
236, 252, 38, 255: 16
145, 20, 135, 255: 1
82, 228, 214, 255: 3
202, 135, 61, 255: 2
82, 3, 81, 255: 6
31, 219, 8, 255: 10
80, 224, 249, 255: 4
29, 79, 177, 255: 1
196, 149, 250, 255: 2
85, 136, 3, 255: 8
57, 114, 233, 255: 5
140, 56, 255, 255: 55
142, 107, 210, 255: 2
0, 147, 72, 255: 2
39, 206, 123, 255: 48
76, 173, 156, 255: 1
234, 63, 191, 255: 11
192, 172, 2, 255: 25
37, 9, 66, 255: 2
164, 233, 242, 255: 2
102, 255, 45, 255: 8
237, 255, 188, 255: 1
23, 187, 89, 255: 1
242, 151, 83, 255: 35
104, 81, 187, 255: 1
139, 70, 164, 255: 25
235, 255, 36, 255: 1
193, 255, 199, 255: 1
199, 72, 12, 255: 21
99, 182, 76, 255: 3
189, 49, 218, 255: 1
0, 146, 228, 255: 25
136, 34, 75, 255: 3
132, 251, 175, 255: 2
138, 255, 145, 255: 1
127, 181, 105, 255: 15
27, 39, 179, 255: 6
229, 175, 103, 255: 1
0, 195, 208, 255: 62
57, 121, 52, 255: 1
192, 146, 235, 255: 10
47, 143, 30, 255: 1
0, 105, 181, 255: 86
79, 134, 154, 255: 15
243, 255, 248, 255: 5
238, 21, 255, 255: 16
77, 248, 222, 255: 64
85, 11, 250, 255: 28
207, 225, 151, 255: 4
98, 255, 231, 255: 1
135, 242, 241, 255: 18
175, 135, 155, 255: 1
244, 216, 130, 255: 7
94, 235, 17, 255: 6
112, 106, 147, 255: 2110
224, 221, 241, 255: 1
113, 117, 168, 255: 30
8, 157, 82, 255: 5
156, 85, 191, 255: 5
244, 210, 92, 255: 1
70, 92, 212, 255: 1
135, 218, 246, 255: 1
124, 131, 151, 255: 2
97, 176, 129, 255: 10
133, 119, 11, 255: 1
227, 251, 102, 255: 13
216, 155, 135, 255: 1
247, 137, 4, 255: 25
50, 3, 74, 255: 2
165, 33, 216, 255: 1
96, 198, 255, 255: 1
138, 82, 248, 255: 17
110, 186, 129, 255: 13
178, 15, 213, 255: 1
78, 109, 175, 255: 1
76, 65, 30, 255: 1
0, 190, 113, 255: 22
43, 69, 163, 255: 1
83, 222, 59, 255: 6
21, 246, 32, 255: 7
1, 236, 72, 255: 7
94, 133, 213, 255: 1
35, 22, 241, 255: 18
203, 191, 188, 255: 26
175, 57, 116, 255: 3
30, 103, 229, 255: 5
249, 74, 14, 255: 1
202, 58, 176, 255: 3
133, 58, 150, 255: 1
35, 20, 140, 255: 1
33, 99, 169, 255: 1
36, 20, 12, 255: 1
126, 210, 63, 255: 4
251, 109, 178, 255: 1
199, 40, 171, 255: 2
83, 83, 159, 255: 2
143, 217, 233, 255: 1
186, 80, 183, 255: 14
33, 116, 114, 255: 1
70, 78, 66, 255: 1099
84, 180, 210, 255: 4
5, 115, 201, 255: 2654
184, 168, 48, 255: 52
139, 103, 96, 255: 5
0, 229, 213, 255: 1
40, 14, 253, 255: 4
215, 222, 99, 255: 9
219, 81, 227, 255: 1
134, 36, 8, 255: 11
229, 160, 228, 255: 1
141, 110, 44, 255: 5
0, 197, 18, 255: 1
77, 101, 137, 255: 1
94, 42, 43, 255: 1
237, 83, 253, 255: 1
0, 69, 147, 255: 12
78, 130, 179, 255: 1
77, 220, 210, 255: 4
173, 165, 212, 255: 1
60, 71, 183, 255: 20
75, 67, 2, 255: 13
12, 93, 248, 255: 1
123, 122, 231, 255: 6
250, 48, 186, 255: 1
31, 26, 53, 255: 2
255, 42, 240, 255: 2
238, 106, 38, 255: 8
145, 229, 255, 255: 1
0, 100, 78, 255: 1
74, 41, 90, 255: 11
183, 207, 90, 255: 4
200, 133, 59, 255: 1
143, 241, 74, 255: 1
29, 151, 244, 255: 28
95, 105, 8, 255: 61
246, 186, 183, 255: 85
210, 96, 103, 255: 1
6, 92, 35, 255: 5
22, 29, 65, 255: 6
120, 20, 150, 255: 1
242, 126, 69, 255: 3
177, 200, 84, 255: 1
106, 215, 57, 255: 17
238, 186, 177, 255: 17
140, 46, 116, 255: 2
92, 68, 63, 255: 4
137, 186, 143, 255: 46
56, 202, 35, 255: 1
230, 225, 146, 255: 1
23, 133, 154, 255: 5
37, 255, 97, 255: 1
139, 80, 147, 255: 35
242, 255, 227, 255: 2
233, 95, 241, 255: 5
224, 26, 32, 255: 3
32, 168, 241, 255: 18
0, 142, 190, 255: 776
0, 227, 11, 255: 1
130, 16, 166, 255: 23
0, 31, 96, 255: 4
240, 231, 29, 255: 65
93, 154, 114, 255: 1
180, 255, 204, 255: 1
175, 110, 141, 255: 2
232, 6, 217, 255: 5
145, 51, 223, 255: 1
144, 210, 24, 255: 1
132, 14, 113, 255: 1
181, 212, 125, 255: 1
179, 69, 39, 255: 5
98, 9, 189, 255: 8
228, 84, 161, 255: 19
177, 200, 237, 255: 4
129, 168, 32, 255: 1
112, 196, 50, 255: 12
245, 68, 92, 255: 11
33, 22, 156, 255: 1
111, 71, 59, 255: 2
226, 181, 238, 255: 2
136, 255, 190, 255: 1
250, 91, 109, 255: 2
30, 219, 145, 255: 1
234, 194, 110, 255: 1
191, 27, 53, 255: 24
154, 80, 88, 255: 1
196, 167, 68, 255: 1
24, 218, 203, 255: 1
191, 142, 255, 255: 5
207, 55, 109, 255: 1
196, 58, 244, 255: 4
22, 222, 20, 255: 20
43, 89, 239, 255: 62
30, 210, 88, 255: 17
114, 38, 29, 255: 42
180, 93, 116, 255: 2
0, 137, 108, 255: 17
10, 149, 64, 255: 94
98, 152, 117, 255: 3
201, 162, 174, 255: 1
81, 143, 19, 255: 1
194, 132, 143, 255: 12
31, 189, 24, 255: 49
0, 185, 197, 255: 160
255, 50, 116, 255: 1
30, 49, 10, 255: 1
247, 29, 89, 255: 4
136, 113, 76, 255: 6
128, 255, 209, 255: 2
224, 12, 38, 255: 2
87, 46, 184, 255: 10
26, 38, 25, 255: 1
229, 110, 175, 255: 27
169, 45, 36, 255: 17
96, 135, 112, 255: 1
0, 19, 134, 255: 1232
253, 80, 221, 255: 10
85, 0, 76, 255: 2
39, 128, 168, 255: 5
189, 234, 255, 255: 1
238, 254, 194, 255: 5
20, 212, 201, 255: 1
0, 222, 231, 255: 5
34, 189, 255, 255: 1
136, 226, 183, 255: 15
94, 26, 78, 255: 1
239, 10, 255, 255: 42
242, 186, 233, 255: 2
204, 176, 94, 255: 6
0, 131, 127, 255: 21
199, 251, 75, 255: 2
189, 55, 174, 255: 19
173, 141, 47, 255: 1
147, 170, 59, 255: 1
184, 86, 65, 255: 22
131, 37, 209, 255: 2
101, 61, 89, 255: 3
39, 180, 112, 255: 1
167, 151, 32, 255: 73
188, 41, 180, 255: 6
149, 221, 112, 255: 8
89, 56, 141, 255: 26
253, 158, 3, 255: 2
246, 36, 7, 255: 3
0, 220, 152, 255: 7
30, 161, 200, 255: 1
108, 162, 189, 255: 1
79, 173, 186, 255: 25
85, 193, 221, 255: 28
246, 90, 52, 255: 2
6, 81, 54, 255: 2
112, 34, 183, 255: 63
128, 174, 33, 255: 9
185, 199, 8, 255: 1
0, 253, 149, 255: 1
197, 77, 11, 255: 2
9, 125, 150, 255: 1
188, 243, 16, 255: 6
109, 193, 47, 255: 19
0, 114, 131, 255: 6
211, 247, 210, 255: 2
125, 105, 38, 255: 1
182, 76, 143, 255: 84
33, 198, 17, 255: 1
0, 139, 144, 255: 3746
129, 16, 202, 255: 3
56, 61, 105, 255: 124
89, 130, 170, 255: 24
36, 87, 31, 255: 40
36, 224, 49, 255: 4
34, 19, 175, 255: 12
0, 112, 99, 255: 11
238, 116, 58, 255: 4
82, 35, 105, 255: 39
192, 233, 202, 255: 56
0, 46, 239, 255: 1
232, 58, 180, 255: 1
249, 164, 172, 255: 11
83, 1, 175, 255: 6
83, 211, 39, 255: 1
106, 66, 209, 255: 3
196, 67, 91, 255: 7
163, 78, 165, 255: 41
0, 107, 192, 255: 88
0, 113, 198, 255: 1316
9, 236, 122, 255: 49
95, 101, 25, 255: 3
199, 222, 198, 255: 1
103, 151, 150, 255: 6
146, 184, 168, 255: 4
78, 67, 32, 255: 1
241, 104, 140, 255: 17
96, 246, 194, 255: 4
105, 178, 165, 255: 2
42, 162, 192, 255: 1
250, 171, 111, 255: 2
18, 234, 110, 255: 1
136, 245, 122, 255: 3
6, 249, 213, 255: 2
96, 147, 14, 255: 1
196, 49, 171, 255: 1
237, 110, 8, 255: 8
0, 241, 67, 255: 1
39, 200, 132, 255: 3
111, 60, 40, 255: 30
39, 103, 155, 255: 1
0, 156, 17, 255: 1
149, 1, 146, 255: 12
145, 255, 205, 255: 3
246, 67, 28, 255: 9
110, 147, 97, 255: 1
78, 158, 64, 255: 8
25, 180, 70, 255: 4
32, 3, 143, 255: 113
145, 30, 74, 255: 2
233, 238, 15, 255: 6
191, 8, 252, 255: 1
0, 155, 237, 255: 66
95, 123, 202, 255: 21
138, 33, 240, 255: 2
76, 125, 76, 255: 16
4, 38, 162, 255: 45
230, 42, 58, 255: 49
28, 170, 90, 255: 1
215, 19, 125, 255: 16
144, 122, 103, 255: 25
140, 181, 144, 255: 22
94, 1, 202, 255: 3
179, 243, 182, 255: 12
239, 153, 246, 255: 11
237, 193, 95, 255: 5
65, 236, 210, 255: 1
90, 172, 23, 255: 1
0, 3, 109, 255: 1
0, 54, 69, 255: 1
182, 158, 127, 255: 20
128, 255, 161, 255: 1
134, 90, 172, 255: 7
27, 18, 78, 255: 14
191, 205, 14, 255: 1
77, 44, 26, 255: 1
103, 203, 135, 255: 1060
42, 33, 93, 255: 4
35, 4, 82, 255: 42
144, 255, 240, 255: 1
102, 194, 215, 255: 7
111, 22, 161, 255: 10
198, 235, 80, 255: 1
0, 141, 189, 255: 970
131, 188, 57, 255: 9
130, 91, 78, 255: 7
200, 231, 118, 255: 1
138, 231, 96, 255: 1
245, 35, 160, 255: 2
255, 199, 5, 255: 2
170, 231, 73, 255: 2
32, 251, 4, 255: 1
26, 71, 110, 255: 1
128, 42, 23, 255: 56
52, 253, 197, 255: 2
20, 183, 240, 255: 2
26, 108, 144, 255: 1
224, 215, 14, 255: 1
187, 161, 170, 255: 5
197, 191, 0, 255: 3
90, 0, 43, 255: 4
37, 255, 5, 255: 4
217, 65, 232, 255: 2
150, 164, 143, 255: 7
176, 6, 92, 255: 5
172, 76, 153, 255: 1
194, 90, 102, 255: 2
173, 138, 201, 255: 1
30, 202, 205, 255: 4
199, 168, 245, 255: 24
0, 200, 255, 255: 758
97, 228, 0, 255: 2
41, 140, 109, 255: 1
8, 94, 190, 255: 2
150, 23, 212, 255: 1
30, 38, 92, 255: 1
96, 235, 191, 255: 1
187, 9, 184, 255: 12
18, 206, 251, 255: 1
115, 20, 193, 255: 1
167, 0, 185, 255: 6
194, 176, 96, 255: 1
138, 56, 153, 255: 12
192, 62, 159, 255: 8
170, 52, 86, 255: 1
173, 196, 198, 255: 1
46, 153, 187, 255: 27
90, 22, 220, 255: 2
75, 113, 209, 255: 3
131, 223, 243, 255: 37
194, 31, 75, 255: 9
253, 188, 219, 255: 6
82, 140, 156, 255: 1
126, 174, 30, 255: 2
136, 142, 209, 255: 1
135, 24, 16, 255: 3
230, 136, 62, 255: 1
87, 199, 52, 255: 3
0, 104, 189, 255: 33
2, 118, 55, 255: 1
24, 117, 60, 255: 1
149, 152, 240, 255: 1
130, 69, 38, 255: 31
118, 149, 30, 255: 4
39, 140, 96, 255: 1
128, 147, 175, 255: 29
190, 255, 27, 255: 1
78, 56, 12, 255: 7
181, 127, 49, 255: 1
109, 58, 38, 255: 49
176, 42, 125, 255: 1
28, 190, 30, 255: 2
237, 63, 186, 255: 10
140, 220, 176, 255: 1
247, 121, 157, 255: 1
136, 70, 143, 255: 6
94, 148, 113, 255: 5
3, 64, 18, 255: 2
76, 100, 136, 255: 1
248, 42, 27, 255: 9
145, 125, 32, 255: 2
188, 74, 10, 255: 5
137, 145, 138, 255: 2
129, 90, 77, 255: 7
0, 200, 98, 255: 1
127, 88, 75, 255: 3
48, 145, 96, 255: 1
0, 65, 75, 255: 1
148, 46, 224, 255: 2
205, 160, 104, 255: 2
80, 114, 159, 255: 4
240, 122, 223, 255: 20
130, 253, 74, 255: 4
236, 65, 55, 255: 1
95, 48, 118, 255: 3
235, 9, 220, 255: 6
91, 255, 249, 255: 3
79, 143, 6, 255: 3
0, 82, 247, 255: 11
72, 92, 11, 255: 1
181, 204, 179, 255: 1
83, 122, 99, 255: 21
188, 33, 142, 255: 6
120, 53, 211, 255: 1
195, 255, 30, 255: 4
137, 16, 255, 255: 1
0, 25, 209, 255: 1
79, 151, 181, 255: 3
184, 210, 191, 255: 14
42, 255, 32, 255: 1
24, 91, 113, 255: 7
190, 78, 179, 255: 6
103, 195, 102, 255: 4
33, 74, 146, 255: 1
38, 173, 36, 255: 6
158, 203, 110, 255: 1
52, 217, 10, 255: 2
0, 174, 177, 255: 39
248, 179, 93, 255: 4
137, 172, 58, 255: 23
48, 73, 204, 255: 1
146, 192, 87, 255: 5
81, 35, 21, 255: 1
187, 32, 141, 255: 5
180, 222, 179, 255: 3
221, 154, 193, 255: 4
176, 251, 107, 255: 1
35, 68, 110, 255: 1
22, 127, 143, 255: 1
45, 179, 197, 255: 2
216, 59, 4, 255: 4
89, 189, 50, 255: 5
42, 133, 191, 255: 2
183, 137, 124, 255: 7
75, 216, 5, 255: 2
219, 207, 61, 255: 1
161, 183, 161, 255: 1
148, 89, 192, 255: 1
145, 106, 93, 255: 3
0, 136, 249, 255: 4
204, 230, 220, 255: 1
28, 101, 125, 255: 1
97, 52, 140, 255: 4
145, 211, 162, 255: 18
138, 255, 6, 255: 1
83, 210, 158, 255: 31
238, 1, 255, 255: 17
79, 234, 130, 255: 16
0, 114, 199, 255: 1553
22, 48, 3, 255: 1
190, 21, 106, 255: 2
243, 23, 20, 255: 1
134, 89, 69, 255: 2
83, 54, 83, 255: 1
234, 151, 112, 255: 1
136, 124, 95, 255: 2
187, 171, 51, 255: 41
138, 33, 231, 255: 9
0, 232, 208, 255: 16
44, 133, 173, 255: 1
19, 252, 103, 255: 3
130, 124, 200, 255: 2
144, 60, 242, 255: 1
181, 196, 169, 255: 3
238, 59, 20, 255: 169
165, 157, 206, 255: 82
135, 59, 203, 255: 1
243, 56, 71, 255: 4
85, 248, 193, 255: 14
152, 23, 87, 255: 1
130, 231, 161, 255: 39
90, 212, 228, 255: 9
161, 93, 41, 255: 1
145, 74, 180, 255: 80
187, 238, 208, 255: 1
36, 236, 172, 255: 2
248, 237, 192, 255: 1
0, 6, 47, 255: 2
132, 124, 101, 255: 11
40, 255, 217, 255: 1
248, 159, 153, 255: 1
220, 194, 172, 255: 3
194, 189, 180, 255: 1
174, 84, 230, 255: 6
181, 146, 107, 255: 45
223, 170, 60, 255: 1
182, 164, 237, 255: 5
0, 10, 27, 255: 1
25, 98, 189, 255: 1
219, 120, 106, 255: 21
32, 171, 85, 255: 150
0, 200, 0, 255: 244
230, 153, 156, 255: 4
177, 151, 124, 255: 1
83, 216, 232, 255: 1
140, 9, 184, 255: 15
84, 2, 255, 255: 1
13, 212, 11, 255: 35
146, 240, 22, 255: 27
145, 184, 48, 255: 2
240, 113, 242, 255: 1
18, 40, 155, 255: 2
33, 49, 133, 255: 9
100, 110, 13, 255: 15
91, 27, 122, 255: 2
46, 65, 128, 255: 27
78, 255, 102, 255: 2
131, 20, 12, 255: 8
252, 38, 214, 255: 1
66, 165, 247, 255: 1
30, 48, 195, 255: 6
177, 35, 207, 255: 2
48, 61, 56, 255: 3
0, 91, 69, 255: 2
183, 243, 132, 255: 1
236, 202, 11, 255: 5
0, 135, 174, 255: 31
36, 45, 26, 255: 10
39, 1, 22, 255: 3
202, 94, 209, 255: 18
34, 138, 192, 255: 6
0, 171, 71, 255: 1
246, 219, 243, 255: 1
30, 197, 198, 255: 32
255, 115, 52, 255: 1
162, 217, 248, 255: 2
133, 200, 232, 255: 1
189, 146, 196, 255: 3
166, 40, 189, 255: 1
84, 106, 6, 255: 5
92, 255, 255, 255: 5
95, 229, 253, 255: 2
175, 102, 104, 255: 1
128, 213, 194, 255: 1
36, 178, 191, 255: 13
79, 124, 134, 255: 1
40, 245, 255, 255: 25
33, 70, 255, 255: 34
95, 81, 50, 255: 1
30, 42, 29, 255: 2
190, 209, 160, 255: 1
141, 39, 80, 255: 9
177, 172, 123, 255: 12
142, 43, 216, 255: 1
135, 197, 134, 255: 4
154, 23, 245, 255: 4
177, 67, 37, 255: 9
127, 152, 29, 255: 1
27, 229, 125, 255: 14
0, 170, 203, 255: 1
78, 202, 170, 255: 1
83, 29, 206, 255: 1
77, 205, 33, 255: 1
114, 151, 255, 255: 2
216, 86, 15, 255: 2
240, 100, 37, 255: 13
53, 6, 77, 255: 40
104, 246, 27, 255: 4
132, 190, 230, 255: 1
240, 78, 125, 255: 1
147, 87, 202, 255: 9
167, 102, 133, 255: 2
126, 111, 241, 255: 19
93, 135, 211, 255: 1
0, 237, 226, 255: 1
100, 40, 149, 255: 24
196, 180, 60, 255: 1
240, 247, 20, 255: 2
43, 17, 0, 255: 3
44, 18, 1, 255: 1
253, 47, 135, 255: 1
239, 148, 80, 255: 90
184, 91, 10, 255: 1
0, 51, 219, 255: 1
90, 16, 137, 255: 4
190, 67, 57, 255: 3
203, 200, 107, 255: 6
222, 45, 70, 255: 13
78, 150, 180, 255: 6
166, 240, 190, 255: 2
76, 51, 165, 255: 16
50, 53, 141, 255: 4
169, 239, 247, 255: 1
112, 141, 180, 255: 26
16, 89, 77, 255: 1
109, 96, 69, 255: 1
0, 170, 198, 255: 1
240, 126, 132, 255: 14
155, 246, 58, 255: 1
178, 185, 247, 255: 1
178, 88, 234, 255: 24
136, 15, 255, 255: 3
232, 42, 148, 255: 1
156, 35, 125, 255: 3
194, 109, 114, 255: 1
41, 255, 182, 255: 1
34, 33, 158, 255: 1
125, 110, 240, 255: 7
147, 130, 43, 255: 2
195, 14, 65, 255: 1
0, 77, 165, 255: 30
190, 228, 99, 255: 15
134, 210, 254, 255: 3
133, 76, 59, 255: 3
33, 183, 107, 255: 41
128, 165, 114, 255: 15
91, 75, 237, 255: 6
190, 168, 82, 255: 1
31, 192, 124, 255: 2
30, 183, 112, 255: 10
139, 149, 47, 255: 14
32, 144, 7, 255: 7
33, 49, 14, 255: 4
242, 253, 226, 255: 25
178, 99, 253, 255: 18
0, 162, 53, 255: 4
237, 255, 2, 255: 3
197, 66, 27, 255: 7
114, 231, 240, 255: 1
246, 248, 55, 255: 2
29, 116, 211, 255: 4
196, 230, 123, 255: 2
244, 63, 36, 255: 5
217, 1, 187, 255: 27
213, 140, 111, 255: 2
149, 122, 137, 255: 2
186, 211, 255, 255: 1
31, 33, 10, 255: 1
188, 87, 95, 255: 4
244, 211, 255, 255: 10
0, 225, 33, 255: 17
243, 144, 129, 255: 2
0, 166, 2, 255: 1142
230, 156, 129, 255: 1
35, 130, 18, 255: 9
242, 208, 120, 255: 3
0, 112, 168, 255: 1
227, 25, 61, 255: 2
0, 188, 132, 255: 1
4, 143, 58, 255: 1065
131, 17, 13, 255: 1
200, 205, 176, 255: 1
0, 33, 247, 255: 100
91, 170, 50, 255: 3
125, 150, 27, 255: 1
159, 242, 245, 255: 1
194, 145, 228, 255: 7
27, 223, 226, 255: 1
144, 161, 237, 255: 33
96, 11, 132, 255: 2
236, 233, 99, 255: 16
42, 14, 71, 255: 1
0, 204, 225, 255: 13
247, 255, 182, 255: 3
79, 66, 189, 255: 12
145, 123, 104, 255: 14
238, 186, 94, 255: 7
38, 74, 214, 255: 23
88, 198, 33, 255: 11
0, 214, 156, 255: 9
0, 197, 154, 255: 5
234, 246, 136, 255: 2
95, 209, 160, 255: 28
185, 247, 88, 255: 32
143, 255, 31, 255: 1
0, 34, 128, 255: 2
5, 99, 106, 255: 25
226, 145, 52, 255: 1
243, 62, 189, 255: 3
193, 142, 163, 255: 10
0, 46, 47, 255: 12
147, 151, 201, 255: 1
148, 195, 200, 255: 1
86, 190, 132, 255: 4
51, 106, 166, 255: 8
56, 229, 47, 255: 118
88, 194, 234, 255: 12
0, 217, 192, 255: 53
14, 9, 36, 255: 2
147, 57, 243, 255: 60
46, 184, 146, 255: 16
36, 111, 44, 255: 10
239, 104, 128, 255: 3
234, 168, 206, 255: 1
128, 155, 248, 255: 1
114, 28, 10, 255: 44
148, 231, 3, 255: 3
238, 145, 234, 255: 5
187, 53, 69, 255: 3
189, 79, 23, 255: 1
141, 2, 46, 255: 22
0, 34, 26, 255: 17
80, 127, 15, 255: 9
140, 255, 51, 255: 2
134, 224, 181, 255: 16
120, 4, 56, 255: 2
2, 52, 37, 255: 4
248, 202, 50, 255: 4
105, 123, 193, 255: 2
194, 255, 193, 255: 1
180, 74, 58, 255: 1
188, 197, 66, 255: 44
182, 76, 60, 255: 5
0, 201, 153, 255: 1
215, 107, 183, 255: 25
145, 14, 189, 255: 1
240, 36, 229, 255: 26
30, 109, 255, 255: 1
191, 199, 115, 255: 3
243, 255, 109, 255: 3
31, 143, 73, 255: 2
41, 230, 156, 255: 1
82, 223, 150, 255: 1
74, 149, 242, 255: 10
186, 120, 126, 255: 3
239, 102, 35, 255: 1
31, 90, 201, 255: 123
143, 250, 28, 255: 6
50, 14, 134, 255: 1
196, 112, 198, 255: 2
126, 251, 68, 255: 1
142, 255, 110, 255: 8
171, 203, 217, 255: 1
252, 96, 211, 255: 7
108, 47, 17, 255: 2
237, 25, 87, 255: 2
32, 142, 17, 255: 1
81, 21, 19, 255: 35
0, 147, 127, 255: 2
47, 198, 140, 255: 6
0, 204, 67, 255: 4
0, 222, 44, 255: 1
21, 201, 79, 255: 12
165, 58, 127, 255: 6
161, 213, 145, 255: 208
50, 151, 116, 255: 3
0, 243, 138, 255: 198
37, 92, 152, 255: 6
0, 172, 175, 255: 108
81, 223, 158, 255: 2
41, 102, 231, 255: 1
137, 219, 76, 255: 1
122, 253, 138, 255: 4
142, 91, 105, 255: 26
95, 203, 85, 255: 11
70, 142, 136, 255: 2
188, 216, 159, 255: 2
141, 127, 102, 255: 3
160, 72, 61, 255: 119
134, 102, 73, 255: 2
185, 134, 16, 255: 5
194, 170, 242, 255: 2
39, 185, 211, 255: 1
107, 240, 111, 255: 2
154, 127, 39, 255: 2
194, 10, 117, 255: 2
6, 150, 134, 255: 1
209, 68, 130, 255: 1
132, 35, 144, 255: 1
235, 244, 155, 255: 5
0, 60, 6, 255: 227
79, 179, 4, 255: 55
7, 109, 27, 255: 1326
37, 46, 180, 255: 1
17, 101, 201, 255: 1
222, 37, 151, 255: 1
133, 91, 236, 255: 36
240, 38, 74, 255: 19
195, 179, 162, 255: 3
255, 55, 105, 255: 1
137, 23, 173, 255: 2
237, 23, 226, 255: 1
83, 163, 207, 255: 2
41, 57, 141, 255: 6
186, 52, 33, 255: 4
123, 37, 18, 255: 6
191, 42, 220, 255: 1
0, 113, 100, 255: 25
148, 211, 192, 255: 3
102, 198, 156, 255: 1
13, 116, 136, 255: 1
191, 224, 26, 255: 20
251, 138, 246, 255: 1
0, 215, 190, 255: 38
242, 255, 225, 255: 1
179, 20, 115, 255: 28
47, 0, 111, 255: 6
127, 217, 174, 255: 1
192, 185, 78, 255: 2
187, 228, 197, 255: 12
40, 202, 51, 255: 10
141, 80, 49, 255: 3
87, 74, 79, 255: 19
138, 62, 52, 255: 29
13, 72, 184, 255: 30
238, 153, 161, 255: 10
233, 137, 137, 255: 1
34, 162, 103, 255: 28
64, 37, 53, 255: 1
178, 52, 235, 255: 5
0, 56, 70, 255: 2
133, 228, 90, 255: 1
0, 176, 145, 255: 2
205, 160, 1, 255: 1
240, 184, 231, 255: 1
29, 251, 67, 255: 4
134, 255, 118, 255: 1
0, 4, 233, 255: 36
63, 140, 76, 255: 1
104, 95, 78, 255: 1
195, 186, 25, 255: 5
190, 244, 210, 255: 25
135, 188, 159, 255: 2
190, 84, 187, 255: 4
30, 117, 94, 255: 1
190, 109, 200, 255: 31
176, 175, 70, 255: 2
106, 108, 60, 255: 168
97, 117, 29, 255: 23
124, 227, 128, 255: 2
129, 98, 252, 255: 4
230, 166, 46, 255: 17
77, 185, 213, 255: 9
16, 182, 184, 255: 2
189, 138, 159, 255: 4
187, 45, 253, 255: 22
143, 131, 205, 255: 6
132, 102, 172, 255: 2
109, 185, 128, 255: 2
183, 165, 203, 255: 55
106, 22, 102, 255: 4
81, 143, 10, 255: 1
132, 205, 49, 255: 42
0, 26, 239, 255: 2
194, 215, 9, 255: 22
243, 187, 81, 255: 1
55, 130, 110, 255: 1
90, 33, 196, 255: 2
197, 79, 112, 255: 1
136, 118, 149, 255: 4
232, 176, 70, 255: 3
77, 253, 40, 255: 3
90, 104, 57, 255: 2
182, 174, 1, 255: 2
141, 191, 64, 255: 44
114, 179, 113, 255: 2
83, 135, 185, 255: 6
248, 189, 113, 255: 3
236, 180, 74, 255: 2
44, 219, 167, 255: 4
86, 152, 180, 255: 33
139, 141, 195, 255: 1
0, 51, 154, 255: 5
36, 52, 136, 255: 12
3, 197, 30, 255: 1
86, 4, 255, 255: 32
214, 65, 177, 255: 20
235, 199, 12, 255: 1
185, 226, 195, 255: 4
90, 12, 200, 255: 31
94, 188, 83, 255: 4
1, 217, 133, 255: 3
2, 229, 115, 255: 56
233, 52, 171, 255: 6
149, 215, 166, 255: 1
87, 15, 199, 255: 1
62, 232, 208, 255: 86
239, 232, 201, 255: 11
0, 52, 189, 255: 1
138, 175, 124, 255: 30
86, 241, 137, 255: 2
41, 73, 133, 255: 1
191, 36, 145, 255: 21
70, 12, 73, 255: 3
246, 51, 37, 255: 1
138, 104, 57, 255: 4
233, 189, 91, 255: 1
37, 88, 67, 255: 5
196, 74, 201, 255: 4
92, 151, 185, 255: 10
156, 123, 183, 255: 2
133, 101, 72, 255: 1
0, 12, 122, 255: 1
99, 174, 4, 255: 6
34, 37, 22, 255: 6
187, 122, 36, 255: 3
255, 224, 205, 255: 2
28, 255, 222, 255: 1
90, 140, 127, 255: 5
238, 200, 104, 255: 23
213, 119, 46, 255: 1
160, 48, 48, 255: 33
19, 199, 77, 255: 8
146, 204, 91, 255: 1
43, 124, 253, 255: 1
0, 82, 148, 255: 2
77, 138, 160, 255: 1
185, 136, 219, 255: 5
74, 247, 64, 255: 2
49, 181, 203, 255: 1
52, 178, 131, 255: 7
82, 129, 17, 255: 24
49, 184, 47, 255: 21
0, 172, 141, 255: 5190
201, 209, 125, 255: 40
84, 63, 37, 255: 6
39, 48, 29, 255: 10
186, 56, 153, 255: 1
184, 218, 8, 255: 4
188, 180, 227, 255: 53
104, 204, 136, 255: 37
193, 198, 16, 255: 15
137, 83, 91, 255: 1
146, 36, 46, 255: 16
39, 76, 41, 255: 1
250, 253, 232, 255: 5
0, 16, 62, 255: 3
255, 231, 187, 255: 1
45, 44, 51, 255: 3
16, 204, 249, 255: 3
41, 67, 161, 255: 1
1, 154, 88, 255: 1
190, 103, 228, 255: 2
244, 193, 181, 255: 1
0, 41, 76, 255: 81
201, 255, 163, 255: 1
232, 158, 167, 255: 1
219, 84, 72, 255: 1
62, 240, 127, 255: 3
182, 106, 103, 255: 23
37, 144, 178, 255: 42
90, 36, 111, 255: 2
91, 146, 166, 255: 1
79, 0, 78, 255: 6
86, 70, 197, 255: 1
156, 167, 135, 255: 2
140, 144, 255, 255: 1
190, 111, 9, 255: 23
161, 172, 140, 255: 1200
57, 96, 39, 255: 23
88, 215, 163, 255: 39
40, 53, 39, 255: 5
250, 124, 168, 255: 15
0, 246, 9, 255: 1
180, 76, 88, 255: 1
140, 228, 95, 255: 1
29, 238, 118, 255: 1
125, 115, 58, 255: 17
199, 36, 234, 255: 1
225, 238, 80, 255: 3
104, 248, 26, 255: 1
198, 43, 254, 255: 5
209, 112, 237, 255: 1
78, 56, 114, 255: 15
0, 35, 125, 255: 1
168, 218, 51, 255: 1
88, 3, 79, 255: 1
165, 168, 225, 255: 38
32, 189, 97, 255: 5
157, 55, 64, 255: 1
252, 79, 220, 255: 15
188, 22, 122, 255: 4
193, 139, 26, 255: 1
245, 196, 202, 255: 44
28, 62, 185, 255: 28
184, 66, 125, 255: 4
191, 60, 21, 255: 12
137, 137, 136, 255: 1
112, 77, 32, 255: 4
146, 255, 31, 255: 1
85, 255, 39, 255: 1
81, 241, 241, 255: 3
217, 153, 34, 255: 2
91, 255, 43, 255: 1
191, 60, 242, 255: 19
240, 192, 150, 255: 5
189, 255, 154, 255: 4
194, 102, 255, 255: 1
130, 225, 215, 255: 5
139, 147, 57, 255: 5
239, 53, 240, 255: 2
187, 26, 58, 255: 19
223, 132, 181, 255: 1
186, 100, 4, 255: 5
58, 248, 29, 255: 2
193, 38, 147, 255: 6
182, 236, 12, 255: 5
88, 202, 153, 255: 6
247, 195, 103, 255: 20
205, 12, 127, 255: 1
90, 110, 132, 255: 1
48, 164, 108, 255: 8
89, 216, 164, 255: 31
139, 67, 155, 255: 1
202, 212, 227, 255: 1
237, 15, 170, 255: 4
25, 98, 86, 255: 2
180, 255, 111, 255: 3
181, 125, 205, 255: 1
96, 213, 160, 255: 1
0, 123, 85, 255: 343
28, 65, 193, 255: 10
221, 107, 114, 255: 1
71, 183, 117, 255: 9
89, 241, 177, 255: 9
0, 86, 183, 255: 2
0, 126, 186, 255: 8
29, 49, 100, 255: 16
77, 85, 226, 255: 2
82, 250, 162, 255: 10
5, 242, 137, 255: 9
243, 81, 119, 255: 8
37, 143, 40, 255: 1
2, 19, 207, 255: 1
231, 135, 135, 255: 1
0, 145, 130, 255: 1
184, 203, 154, 255: 3
33, 15, 165, 255: 59
139, 254, 199, 255: 16
0, 63, 210, 255: 3
194, 52, 4, 255: 7
98, 83, 253, 255: 4
42, 218, 45, 255: 16
21, 119, 95, 255: 1
239, 77, 115, 255: 15
5, 195, 84, 255: 1217
87, 251, 76, 255: 5
32, 195, 255, 255: 1
206, 255, 135, 255: 1
243, 212, 255, 255: 7
137, 48, 58, 255: 1
141, 157, 215, 255: 6
12, 186, 253, 255: 1
188, 74, 77, 255: 3
55, 228, 85, 255: 2
185, 79, 249, 255: 1
50, 116, 186, 255: 17
163, 1, 255, 255: 1
241, 111, 141, 255: 7
242, 173, 255, 255: 14
92, 77, 247, 255: 4
94, 110, 81, 255: 8
141, 56, 208, 255: 2
135, 123, 94, 255: 2
244, 159, 167, 255: 14
16, 45, 227, 255: 1
197, 167, 170, 255: 3
97, 76, 170, 255: 2
143, 10, 214, 255: 1
150, 178, 8, 255: 9
143, 125, 50, 255: 1
80, 152, 146, 255: 4
189, 93, 16, 255: 2
24, 47, 161, 255: 32
86, 238, 174, 255: 15
69, 42, 32, 255: 27
74, 209, 32, 255: 5
146, 115, 13, 255: 3
140, 128, 202, 255: 10
241, 123, 70, 255: 1
0, 55, 90, 255: 14
32, 41, 22, 255: 5
91, 255, 110, 255: 1
37, 151, 215, 255: 1
0, 62, 141, 255: 1
195, 165, 168, 255: 3
108, 77, 16, 255: 1
62, 199, 122, 255: 1
235, 172, 190, 255: 7
143, 92, 106, 255: 17
135, 130, 188, 255: 3
71, 96, 187, 255: 2
0, 235, 71, 255: 8
83, 78, 112, 255: 10
95, 66, 232, 255: 1
38, 126, 86, 255: 1
247, 0, 47, 255: 3
247, 234, 135, 255: 3
152, 255, 12, 255: 1
211, 238, 188, 255: 21
53, 48, 225, 255: 3
152, 125, 140, 255: 3
245, 17, 240, 255: 47
88, 150, 26, 255: 19
179, 125, 11, 255: 3
0, 135, 239, 255: 4
194, 153, 45, 255: 1
202, 204, 52, 255: 1
195, 15, 238, 255: 80
199, 193, 2, 255: 4
37, 99, 52, 255: 17
240, 91, 99, 255: 4
239, 166, 136, 255: 4
25, 82, 130, 255: 4
0, 115, 201, 255: 1272
10, 96, 192, 255: 3
81, 161, 102, 255: 9
37, 141, 195, 255: 9
240, 34, 19, 255: 1
180, 208, 151, 255: 2
89, 246, 241, 255: 9
81, 103, 223, 255: 112
235, 79, 186, 255: 1
246, 114, 82, 255: 6
236, 220, 142, 255: 3
142, 116, 118, 255: 9
74, 159, 5, 255: 1
227, 126, 48, 255: 1
13, 35, 150, 255: 50
230, 21, 17, 255: 1
154, 85, 250, 255: 1
250, 66, 255, 255: 3
79, 241, 151, 255: 3
122, 217, 105, 255: 1
85, 161, 16, 255: 3
192, 213, 126, 255: 1
136, 47, 57, 255: 1
112, 179, 98, 255: 1
221, 141, 200, 255: 2
117, 62, 253, 255: 1
94, 230, 190, 255: 1
0, 20, 104, 255: 1
138, 11, 28, 255: 37
241, 175, 95, 255: 3
44, 27, 23, 255: 1
0, 160, 51, 255: 6
89, 4, 124, 255: 1
247, 158, 152, 255: 4
135, 213, 173, 255: 4
243, 207, 210, 255: 3
0, 225, 77, 255: 1033
125, 212, 35, 255: 6
106, 93, 66, 255: 2
0, 43, 10, 255: 1
42, 129, 106, 255: 2
38, 41, 26, 255: 25
154, 69, 156, 255: 7
173, 67, 134, 255: 6
94, 10, 2, 255: 1
49, 203, 243, 255: 25
5, 163, 38, 255: 1
47, 255, 10, 255: 1
253, 70, 201, 255: 2
186, 86, 112, 255: 2
3, 86, 227, 255: 1
164, 150, 232, 255: 1
191, 236, 255, 255: 1
0, 46, 171, 255: 2
245, 134, 239, 255: 1
135, 96, 0, 255: 2
39, 152, 253, 255: 3
13, 143, 148, 255: 849
107, 214, 214, 255: 6
176, 199, 201, 255: 3
232, 229, 28, 255: 1
79, 231, 64, 255: 2
26, 226, 162, 255: 1
184, 237, 204, 255: 4
80, 201, 44, 255: 12
94, 178, 63, 255: 5
0, 6, 78, 255: 811
211, 191, 237, 255: 44
202, 25, 90, 255: 12
19, 133, 60, 255: 1
241, 227, 212, 255: 3
85, 93, 234, 255: 1
93, 89, 141, 255: 4
82, 102, 124, 255: 16
88, 245, 122, 255: 2
190, 8, 133, 255: 5
221, 15, 110, 255: 4
189, 214, 207, 255: 2
98, 160, 36, 255: 4
82, 8, 247, 255: 57
138, 31, 140, 255: 11
91, 155, 121, 255: 3
192, 69, 255, 255: 1
0, 183, 131, 255: 2
172, 217, 237, 255: 2
238, 62, 122, 255: 6
131, 158, 251, 255: 1
42, 248, 5, 255: 58
229, 236, 112, 255: 5
21, 138, 34, 255: 8
124, 79, 59, 255: 1
212, 88, 86, 255: 376
224, 61, 218, 255: 2
13, 160, 242, 255: 4
88, 211, 72, 255: 5
201, 154, 153, 255: 5
182, 1, 113, 255: 4
30, 56, 11, 255: 11
86, 203, 252, 255: 1
191, 186, 76, 255: 8
0, 20, 76, 255: 2
52, 19, 109, 255: 4
38, 9, 185, 255: 10
0, 75, 5, 255: 1
237, 26, 70, 255: 1
217, 148, 63, 255: 34
148, 172, 255, 255: 8
168, 89, 244, 255: 1
229, 39, 145, 255: 1
0, 144, 168, 255: 1
144, 27, 53, 255: 1
32, 255, 36, 255: 5
189, 52, 201, 255: 1
0, 120, 215, 255: 2
78, 216, 35, 255: 1
32, 212, 193, 255: 3
135, 59, 49, 255: 55
159, 176, 213, 255: 39
234, 184, 80, 255: 4
194, 67, 109, 255: 1
244, 224, 13, 255: 3
28, 250, 229, 255: 1
161, 12, 118, 255: 28
88, 4, 115, 255: 6
166, 72, 249, 255: 1
194, 97, 222, 255: 3
92, 144, 194, 255: 1
227, 17, 142, 255: 1
149, 255, 126, 255: 1
245, 96, 242, 255: 3
153, 206, 24, 255: 4
187, 126, 18, 255: 2
216, 114, 130, 255: 2
241, 92, 100, 255: 1
167, 178, 146, 255: 55
130, 115, 245, 255: 36
132, 177, 191, 255: 1
176, 72, 238, 255: 6
84, 80, 132, 255: 1
33, 216, 193, 255: 9
238, 112, 46, 255: 15
188, 70, 129, 255: 1
107, 252, 92, 255: 1
180, 189, 93, 255: 1
177, 169, 216, 255: 15
173, 61, 60, 255: 2
169, 208, 7, 255: 16
191, 124, 203, 255: 18
30, 255, 163, 255: 2
131, 29, 34, 255: 5
6, 145, 60, 255: 101
84, 244, 244, 255: 6
167, 129, 247, 255: 1
14, 171, 7, 255: 17
94, 63, 211, 255: 2
0, 246, 141, 255: 2133
165, 229, 170, 255: 19
247, 236, 191, 255: 1
149, 174, 161, 255: 29
107, 254, 232, 255: 1
244, 63, 190, 255: 3
229, 11, 133, 255: 4
67, 34, 237, 255: 1
182, 139, 189, 255: 14
40, 150, 25, 255: 17
0, 39, 163, 255: 64
134, 192, 232, 255: 8
80, 219, 56, 255: 1
182, 216, 6, 255: 2
197, 5, 47, 255: 2
202, 180, 167, 255: 1
196, 162, 13, 255: 1
236, 77, 255, 255: 1
81, 81, 219, 255: 12
254, 216, 231, 255: 10
143, 149, 114, 255: 1
232, 182, 42, 255: 4
195, 21, 210, 255: 1
96, 139, 197, 255: 5
233, 219, 204, 255: 4
33, 229, 185, 255: 1
91, 99, 86, 255: 6
236, 36, 90, 255: 1
243, 211, 38, 255: 34
156, 252, 132, 255: 2
135, 246, 3, 255: 4
91, 222, 148, 255: 12
189, 247, 220, 255: 1
193, 38, 249, 255: 1
163, 135, 8, 255: 1307
33, 128, 134, 255: 6
247, 6, 249, 255: 7
190, 111, 45, 255: 19
55, 52, 185, 255: 7
251, 199, 226, 255: 2
82, 79, 255, 255: 9
154, 127, 142, 255: 1
161, 24, 138, 255: 7
0, 199, 38, 255: 1
0, 99, 17, 255: 32
85, 78, 159, 255: 3
88, 164, 19, 255: 6
32, 132, 53, 255: 2
37, 217, 131, 255: 3
193, 74, 181, 255: 90
251, 10, 253, 255: 3
221, 254, 16, 255: 1
130, 30, 133, 255: 2
223, 195, 73, 255: 2
74, 31, 4, 255: 1
92, 206, 55, 255: 4
243, 4, 82, 255: 26
0, 131, 4, 255: 429
136, 42, 112, 255: 13
80, 146, 174, 255: 18
71, 242, 216, 255: 11
136, 171, 57, 255: 35
192, 179, 255, 255: 9
49, 126, 204, 255: 1
85, 204, 240, 255: 20
80, 135, 52, 255: 3
16, 226, 34, 255: 7
0, 28, 79, 255: 2
231, 145, 238, 255: 1
39, 204, 23, 255: 1
203, 7, 152, 255: 18
180, 98, 52, 255: 1
255, 69, 64, 255: 2
141, 255, 29, 255: 3
89, 26, 255, 255: 31
0, 214, 57, 255: 8
72, 219, 51, 255: 1
218, 6, 33, 255: 16
186, 181, 199, 255: 1
127, 2, 143, 255: 4
132, 219, 42, 255: 10
231, 212, 36, 255: 3
133, 168, 208, 255: 1
142, 241, 108, 255: 10
174, 189, 126, 255: 1
198, 247, 230, 255: 1
193, 159, 1, 255: 7
244, 15, 220, 255: 1
206, 230, 122, 255: 1
40, 196, 223, 255: 30
182, 64, 159, 255: 10
105, 197, 104, 255: 2
184, 223, 21, 255: 6
250, 115, 230, 255: 6
19, 139, 133, 255: 7
29, 135, 252, 255: 3
192, 200, 14, 255: 3
190, 26, 52, 255: 28
0, 89, 33, 255: 4
0, 57, 71, 255: 1
86, 1, 11, 255: 4
235, 180, 7, 255: 4
87, 105, 175, 255: 9
152, 255, 232, 255: 1
224, 36, 52, 255: 1
0, 171, 76, 255: 3
132, 233, 199, 255: 1
23, 221, 212, 255: 5
131, 166, 16, 255: 4
146, 150, 200, 255: 1
74, 58, 118, 255: 1
94, 109, 208, 255: 1
241, 98, 57, 255: 16
148, 171, 60, 255: 3
0, 143, 191, 255: 15
69, 206, 129, 255: 1
80, 22, 83, 255: 120
181, 66, 223, 255: 52
120, 97, 61, 255: 1
80, 108, 41, 255: 6
187, 255, 55, 255: 2
181, 110, 175, 255: 35
24, 177, 106, 255: 2
189, 69, 39, 255: 1
0, 94, 136, 255: 146
112, 9, 170, 255: 12
34, 236, 235, 255: 1
26, 83, 131, 255: 5
200, 161, 173, 255: 2
56, 114, 17, 255: 3
0, 50, 242, 255: 35
129, 178, 135, 255: 3
192, 28, 54, 255: 14
180, 200, 78, 255: 14
173, 135, 228, 255: 1
33, 45, 149, 255: 3
109, 201, 69, 255: 2
236, 87, 233, 255: 1
225, 178, 136, 255: 11
12, 214, 253, 255: 1
187, 216, 255, 255: 1
184, 75, 80, 255: 17
82, 255, 61, 255: 1
214, 120, 47, 255: 2
145, 36, 229, 255: 3
106, 47, 116, 255: 89
231, 150, 209, 255: 2
138, 250, 225, 255: 1
34, 144, 19, 255: 2
140, 76, 75, 255: 8
131, 156, 33, 255: 1
251, 117, 250, 255: 2
43, 139, 163, 255: 10
38, 238, 174, 255: 5
0, 128, 188, 255: 2
184, 183, 78, 255: 19
243, 166, 205, 255: 1
41, 221, 227, 255: 2
113, 79, 33, 255: 1
191, 19, 134, 255: 3
0, 190, 147, 255: 1
124, 161, 7, 255: 3
32, 140, 126, 255: 2
206, 136, 91, 255: 2
133, 232, 99, 255: 21
239, 116, 29, 255: 1
247, 51, 191, 255: 1
184, 226, 183, 255: 8
84, 43, 79, 255: 1
231, 182, 188, 255: 1
35, 34, 5, 255: 46
0, 166, 224, 255: 51
143, 55, 83, 255: 13
83, 115, 62, 255: 1
192, 66, 96, 255: 1
29, 254, 40, 255: 13
0, 196, 20, 255: 4
55, 6, 234, 255: 97
34, 148, 74, 255: 13
36, 154, 196, 255: 4
40, 33, 192, 255: 2
242, 118, 115, 255: 9
0, 209, 9, 255: 18
147, 141, 63, 255: 1
33, 235, 255, 255: 52
87, 229, 164, 255: 5
125, 224, 91, 255: 2
133, 57, 47, 255: 50
97, 170, 55, 255: 5
239, 99, 36, 255: 10
12, 10, 136, 255: 2
176, 201, 45, 255: 11
242, 5, 181, 255: 3
191, 49, 1, 255: 23
230, 211, 35, 255: 1
228, 192, 159, 255: 27
196, 205, 74, 255: 3
51, 169, 211, 255: 11
241, 142, 127, 255: 11
172, 82, 125, 255: 1
218, 88, 17, 255: 21
139, 161, 204, 255: 2
156, 171, 149, 255: 1
3, 246, 249, 255: 1
91, 51, 79, 255: 1
201, 32, 162, 255: 1
142, 50, 100, 255: 1
36, 11, 12, 255: 2
237, 41, 181, 255: 24
251, 78, 219, 255: 18
134, 60, 222, 255: 3
84, 150, 77, 255: 4
84, 85, 68, 255: 1
193, 0, 115, 255: 1
233, 212, 202, 255: 1
128, 190, 127, 255: 1
237, 218, 42, 255: 18
24, 161, 12, 255: 4
193, 106, 129, 255: 5
173, 172, 67, 255: 1
33, 255, 143, 255: 1
196, 116, 215, 255: 1
85, 122, 221, 255: 4
137, 76, 45, 255: 4
228, 5, 58, 255: 2
83, 195, 128, 255: 20
34, 78, 130, 255: 1
235, 48, 98, 255: 10
234, 3, 145, 255: 2
33, 26, 185, 255: 2
214, 4, 130, 255: 1
147, 234, 255, 255: 4
129, 65, 64, 255: 1
0, 197, 184, 255: 2
136, 29, 138, 255: 1
184, 255, 141, 255: 1
193, 205, 208, 255: 1
144, 147, 116, 255: 1
63, 239, 1, 255: 1
136, 146, 8, 255: 28
88, 217, 227, 255: 50
191, 207, 34, 255: 1
240, 255, 247, 255: 1
95, 111, 9, 255: 2
251, 133, 88, 255: 26
0, 166, 100, 255: 4
0, 86, 119, 255: 129
194, 80, 118, 255: 7
0, 41, 165, 255: 74
93, 201, 167, 255: 1
129, 10, 91, 255: 2
34, 71, 164, 255: 1
139, 255, 182, 255: 1
105, 140, 31, 255: 1
137, 122, 252, 255: 10
42, 16, 255, 255: 2
0, 189, 9, 255: 1
143, 179, 73, 255: 2
244, 65, 247, 255: 1
175, 85, 231, 255: 5
252, 162, 204, 255: 9
93, 37, 243, 255: 2
130, 110, 79, 255: 3
178, 105, 107, 255: 3
42, 248, 158, 255: 1
250, 22, 245, 255: 9
109, 39, 99, 255: 6
30, 127, 78, 255: 3
56, 86, 119, 255: 56
39, 61, 222, 255: 6
246, 255, 181, 255: 3
91, 65, 72, 255: 3
245, 24, 140, 255: 3
127, 204, 53, 255: 1
134, 37, 146, 255: 1
190, 86, 98, 255: 3
93, 240, 244, 255: 8
245, 25, 243, 255: 7
141, 6, 131, 255: 2
185, 232, 94, 255: 3
144, 60, 139, 255: 1
0, 127, 97, 255: 1
174, 23, 182, 255: 2
132, 200, 77, 255: 3
241, 92, 238, 255: 2
136, 99, 185, 255: 3
81, 38, 78, 255: 4
62, 207, 194, 255: 1
95, 170, 0, 255: 6
197, 67, 164, 255: 1
143, 68, 160, 255: 1
238, 38, 245, 255: 3
137, 56, 244, 255: 1
248, 235, 136, 255: 1
165, 20, 223, 255: 2
43, 159, 103, 255: 38
34, 206, 209, 255: 3
244, 165, 105, 255: 12
8, 1, 161, 255: 1
49, 150, 115, 255: 8
26, 196, 100, 255: 3
24, 34, 76, 255: 4
67, 161, 175, 255: 4
0, 252, 147, 255: 1215
187, 216, 4, 255: 61
161, 29, 212, 255: 1
9, 205, 34, 255: 1
201, 217, 198, 255: 1
0, 119, 238, 255: 27
104, 73, 12, 255: 5
196, 51, 255, 255: 1
244, 124, 135, 255: 1
117, 156, 205, 255: 2
26, 33, 69, 255: 8
200, 106, 201, 255: 1
0, 167, 136, 255: 31
104, 108, 159, 255: 4
94, 239, 118, 255: 3
168, 23, 251, 255: 1
191, 24, 208, 255: 14
0, 101, 207, 255: 1
89, 218, 228, 255: 23
242, 96, 213, 255: 1
207, 187, 17, 255: 2
178, 60, 155, 255: 3
243, 78, 146, 255: 1
148, 222, 203, 255: 2
242, 198, 255, 255: 3
227, 142, 40, 255: 1
68, 43, 157, 255: 3
0, 196, 251, 255: 11
217, 186, 223, 255: 1
133, 2, 177, 255: 43
75, 2, 157, 255: 1
52, 63, 215, 255: 1
26, 63, 191, 255: 11
85, 147, 23, 255: 10
140, 144, 40, 255: 1
14, 48, 172, 255: 10
249, 16, 170, 255: 24
146, 171, 158, 255: 20
42, 160, 202, 255: 38
178, 127, 112, 255: 2
154, 242, 211, 255: 7
131, 135, 185, 255: 27
130, 6, 29, 255: 1
125, 154, 192, 255: 5
250, 12, 226, 255: 1
139, 210, 247, 255: 1
192, 248, 123, 255: 12
85, 164, 117, 255: 21
184, 255, 83, 255: 4
186, 184, 44, 255: 2
92, 81, 184, 255: 2
128, 226, 59, 255: 50
97, 132, 23, 255: 12
129, 186, 55, 255: 3
130, 107, 172, 255: 5
35, 44, 178, 255: 2
250, 86, 137, 255: 8
86, 34, 35, 255: 1
156, 247, 59, 255: 1
11, 166, 57, 255: 1
249, 222, 237, 255: 2
33, 190, 98, 255: 3
105, 225, 77, 255: 1
92, 226, 250, 255: 3
191, 119, 130, 255: 3
87, 221, 245, 255: 2
229, 63, 97, 255: 2
188, 211, 187, 255: 4
227, 213, 70, 255: 1
157, 204, 209, 255: 1
138, 229, 32, 255: 2
37, 112, 92, 255: 1
41, 9, 179, 255: 1
241, 39, 177, 255: 2
96, 84, 225, 255: 2
149, 255, 254, 255: 1
250, 255, 113, 255: 1
185, 216, 103, 255: 5
24, 229, 95, 255: 6
89, 202, 237, 255: 1
132, 233, 163, 255: 68
0, 16, 156, 255: 1
31, 85, 35, 255: 3
46, 4, 184, 255: 74
198, 67, 28, 255: 2
89, 170, 222, 255: 13
188, 45, 89, 255: 1
130, 28, 33, 255: 1
132, 252, 103, 255: 16
133, 51, 148, 255: 1
4, 73, 194, 255: 3
131, 116, 246, 255: 44
255, 120, 88, 255: 2
156, 164, 74, 255: 3
84, 227, 115, 255: 1
70, 158, 206, 255: 1132
229, 203, 179, 255: 1
87, 23, 15, 255: 11
238, 85, 43, 255: 1
111, 52, 121, 255: 16
92, 219, 167, 255: 14
143, 227, 80, 255: 3
230, 147, 108, 255: 5
128, 224, 250, 255: 3
189, 228, 26, 255: 12
148, 134, 26, 255: 5
244, 247, 72, 255: 3
197, 55, 7, 255: 4
44, 114, 234, 255: 2
83, 218, 77, 255: 30
80, 198, 200, 255: 88
164, 65, 45, 255: 1
153, 90, 4, 255: 1
127, 3, 246, 255: 1
83, 136, 93, 255: 4
134, 3, 76, 255: 1
228, 2, 213, 255: 1
0, 240, 190, 255: 6
47, 14, 104, 255: 35
31, 112, 11, 255: 2
93, 234, 253, 255: 2
90, 116, 97, 255: 25
0, 249, 209, 255: 1
33, 157, 12, 255: 2
17, 221, 217, 255: 1
40, 134, 60, 255: 1
23, 47, 196, 255: 1
185, 8, 64, 255: 1
131, 111, 80, 255: 3
93, 19, 104, 255: 2
134, 233, 203, 255: 1
148, 165, 241, 255: 71
219, 75, 153, 255: 15
130, 129, 238, 255: 14
83, 255, 1, 255: 7
203, 218, 129, 255: 1
230, 139, 35, 255: 23
185, 167, 240, 255: 18
243, 41, 77, 255: 8
4, 118, 187, 255: 1
135, 217, 7, 255: 5
78, 195, 133, 255: 23
187, 146, 140, 255: 18
34, 173, 255, 255: 703
203, 254, 233, 255: 9
241, 107, 232, 255: 8
236, 162, 171, 255: 8
148, 214, 37, 255: 1
163, 172, 42, 255: 2
0, 194, 49, 255: 3
190, 206, 33, 255: 2
234, 20, 239, 255: 16
35, 145, 20, 255: 4
33, 40, 214, 255: 3
45, 15, 203, 255: 23
100, 247, 114, 255: 1
251, 149, 80, 255: 1
41, 153, 118, 255: 3
36, 120, 91, 255: 1
38, 86, 188, 255: 9
39, 156, 27, 255: 3
235, 209, 3, 255: 1
130, 157, 132, 255: 4
140, 169, 207, 255: 30
89, 178, 141, 255: 19
0, 139, 46, 255: 1
188, 2, 10, 255: 7
187, 144, 255, 255: 1
43, 178, 41, 255: 51
107, 54, 191, 255: 1
233, 4, 209, 255: 5
0, 98, 8, 255: 2
246, 81, 30, 255: 23
98, 255, 128, 255: 1
223, 1, 190, 255: 2
27, 130, 83, 255: 1
201, 8, 251, 255: 1
43, 18, 172, 255: 3
249, 96, 54, 255: 6
25, 107, 108, 255: 1
40, 153, 254, 255: 2
44, 47, 32, 255: 21
41, 124, 168, 255: 20
240, 225, 130, 255: 5
198, 60, 246, 255: 3
227, 48, 230, 255: 3
0, 79, 167, 255: 73
188, 213, 255, 255: 2
192, 105, 128, 255: 5
255, 220, 205, 255: 1
151, 126, 137, 255: 1
83, 24, 133, 255: 1
243, 21, 176, 255: 6
192, 216, 108, 255: 8
40, 113, 75, 255: 2
0, 0, 96, 255: 2
134, 175, 138, 255: 1
0, 56, 159, 255: 2
0, 47, 249, 255: 10
9, 73, 254, 255: 1
49, 230, 101, 255: 4
132, 62, 121, 255: 56
136, 100, 93, 255: 3
0, 95, 136, 255: 1575
100, 196, 227, 255: 2
84, 236, 172, 255: 9
70, 2, 54, 255: 4
92, 255, 205, 255: 3
213, 107, 25, 255: 32
235, 21, 87, 255: 1
133, 220, 43, 255: 3
89, 47, 131, 255: 4
41, 36, 212, 255: 3
72, 122, 73, 255: 1
79, 184, 113, 255: 7
222, 159, 39, 255: 20
182, 227, 93, 255: 3
136, 19, 45, 255: 3
53, 251, 199, 255: 1
135, 91, 173, 255: 30
186, 39, 59, 255: 3
124, 24, 154, 255: 1
252, 165, 75, 255: 1
255, 16, 4, 255: 1
29, 192, 249, 255: 7
211, 133, 36, 255: 1
236, 155, 61, 255: 64
100, 200, 171, 255: 8
182, 140, 105, 255: 1
42, 112, 232, 255: 6
118, 139, 10, 255: 1
116, 170, 95, 255: 1
130, 108, 89, 255: 1
237, 119, 66, 255: 1
100, 233, 187, 255: 1
236, 184, 92, 255: 2
202, 218, 45, 255: 16
30, 255, 221, 255: 1
250, 80, 63, 255: 18
244, 49, 35, 255: 4
164, 200, 156, 255: 1
31, 59, 32, 255: 2
130, 145, 76, 255: 1
234, 110, 107, 255: 75
0, 174, 242, 255: 2
53, 50, 69, 255: 2
44, 179, 42, 255: 65
62, 51, 159, 255: 1
41, 181, 12, 255: 1
187, 92, 50, 255: 1
227, 210, 97, 255: 1
97, 25, 209, 255: 1
184, 88, 165, 255: 116
197, 52, 254, 255: 1
137, 76, 81, 255: 55
246, 48, 200, 255: 28
41, 182, 114, 255: 1
176, 182, 107, 255: 2
237, 41, 145, 255: 70
143, 242, 109, 255: 1
223, 245, 253, 255: 2
84, 63, 157, 255: 6
181, 113, 184, 255: 1
235, 114, 255, 255: 6
183, 229, 11, 255: 3
193, 16, 81, 255: 6
244, 13, 255, 255: 1
146, 28, 230, 255: 1
84, 209, 23, 255: 2
21, 171, 95, 255: 1
206, 2, 82, 255: 3
99, 23, 54, 255: 4
0, 102, 20, 255: 1211
214, 10, 205, 255: 208
132, 255, 0, 255: 4
79, 212, 228, 255: 4
181, 118, 248, 255: 6
74, 217, 105, 255: 4
141, 20, 22, 255: 1
67, 78, 190, 255: 1
0, 247, 207, 255: 1
132, 140, 195, 255: 19
168, 34, 15, 255: 1
184, 100, 186, 255: 28
255, 32, 63, 255: 2
139, 71, 19, 255: 1
199, 128, 229, 255: 3
196, 201, 19, 255: 21
92, 165, 50, 255: 12
86, 81, 115, 255: 2
0, 62, 56, 255: 2
123, 218, 208, 255: 1
0, 102, 179, 255: 1
121, 93, 115, 255: 1
3, 213, 21, 255: 83
142, 237, 99, 255: 1
158, 54, 107, 255: 1
0, 218, 215, 255: 2
178, 41, 180, 255: 1
179, 61, 156, 255: 6
100, 168, 112, 255: 1
84, 98, 154, 255: 2
203, 230, 66, 255: 5
241, 181, 178, 255: 36
74, 146, 176, 255: 1
113, 169, 39, 255: 2
129, 45, 124, 255: 12
144, 205, 190, 255: 1
142, 229, 27, 255: 1
32, 237, 232, 255: 1
196, 20, 38, 255: 1
84, 178, 37, 255: 5
184, 113, 178, 255: 55
0, 13, 183, 255: 3
35, 170, 33, 255: 2
239, 35, 110, 255: 1
0, 149, 130, 255: 2
89, 117, 196, 255: 5
188, 255, 223, 255: 8
46, 57, 56, 255: 1
255, 80, 118, 255: 2
196, 222, 203, 255: 6
87, 255, 72, 255: 2
42, 12, 200, 255: 11
236, 24, 86, 255: 2
41, 147, 255, 255: 25
83, 248, 0, 255: 11
40, 249, 104, 255: 1
80, 64, 191, 255: 1
0, 59, 206, 255: 1
141, 4, 184, 255: 6
195, 75, 9, 255: 6
189, 232, 44, 255: 2
137, 45, 60, 255: 2
40, 172, 91, 255: 1
